0 -2.748214E+01 5.178571E-01 5.800001E+00 8.757040E-08 9.490557E-08 1.025511E-07 1.033155E-07 8.671449E-08 7.208464E-08 4.887982E-08 2.520496E-08 1.190824E-08
1 -2.696429E+01 5.178571E-01 7.747934E+00 1.785344E-07 1.934890E-07 2.090763E-07 2.106347E-07 1.767894E-07 1.469628E-07 9.965388E-08 5.138667E-08 2.427795E-08
2 -2.644643E+01 5.178571E-01 9.977890E+00 2.878435E-07 3.119542E-07 3.370849E-07 3.395975E-07 2.850302E-07 2.369419E-07 1.606678E-07 8.284859E-08 3.914233E-08
3 -2.592857E+01 5.178571E-01 1.270145E+01 4.452591E-07 4.825554E-07 5.214295E-07 5.253162E-07 4.409071E-07 3.665205E-07 2.485336E-07 1.281567E-07 6.054844E-08
4 -2.541071E+01 5.178571E-01 1.297803E+01 6.467319E-07 7.009043E-07 7.573683E-07 7.630137E-07 6.404108E-07 5.323653E-07 3.609912E-07 1.861457E-07 8.794567E-08
5 -2.489286E+01 5.178571E-01 1.050289E+01 8.542839E-07 9.258414E-07 1.000426E-06 1.007883E-06 8.459341E-07 7.032142E-07 4.768420E-07 2.458843E-07 1.161696E-07
6 -2.437500E+01 5.178571E-01 8.523362E+00 1.070372E-06 1.160029E-06 1.253480E-06 1.262823E-06 1.059910E-06 8.810894E-07 5.974573E-07 3.080798E-07 1.455542E-07
7 -2.385714E+01 5.178571E-01 7.994298E+00 1.340286E-06 1.452553E-06 1.569569E-06 1.581268E-06 1.327186E-06 1.103273E-06 7.481175E-07 3.857679E-07 1.822584E-07
8 -2.333929E+01 5.178571E-01 7.311944E+00 1.657785E-06 1.796646E-06 1.941382E-06 1.955853E-06 1.641582E-06 1.364626E-06 9.253381E-07 4.771520E-07 2.254334E-07
9 -2.282143E+01 5.178571E-01 6.594895E+00 2.016901E-06 2.185843E-06 2.361932E-06 2.379538E-06 1.997188E-06 1.660237E-06 1.125789E-06 5.805147E-07 2.742678E-07
10 -2.230357E+01 5.178571E-01 5.750926E+00 2.395814E-06 2.596495E-06 2.805666E-06 2.826579E-06 2.372397E-06 1.972144E-06 1.337289E-06 6.895753E-07 3.257941E-07
11 -2.178571E+01 5.178571E-01 4.803650E+00 2.760652E-06 2.991893E-06 3.232916E-06 3.257014E-06 2.733669E-06 2.272464E-06 1.540934E-06 7.945848E-07 3.754065E-07
12 -2.126786E+01 5.178571E-01 4.161025E+00 3.123627E-06 3.385272E-06 3.657985E-06 3.685251E-06 3.093097E-06 2.571252E-06 1.743538E-06 8.990581E-07 4.247656E-07
13 -2.075000E+01 5.178571E-01 3.756400E+00 3.501918E-06 3.795250E-06 4.100991E-06 4.131559E-06 3.467690E-06 2.882647E-06 1.954692E-06 1.007940E-06 4.762074E-07
14 -2.023214E+01 5.178571E-01 3.492180E+00 3.908419E-06 4.235800E-06 4.577031E-06 4.611148E-06 3.870218E-06 3.217263E-06 2.181591E-06 1.124941E-06 5.314853E-07
15 -1.971429E+01 5.178571E-01 3.322720E+00 4.355773E-06 4.720626E-06 5.100914E-06 5.138936E-06 4.313200E-06 3.585508E-06 2.431294E-06 1.253701E-06 5.923186E-07
16 -1.919643E+01 5.178571E-01 3.051156E+00 4.808843E-06 5.211647E-06 5.631492E-06 5.673468E-06 4.761842E-06 3.958458E-06 2.684188E-06 1.384106E-06 6.539293E-07
17 -1.867857E+01 5.178571E-01 2.738620E+00 5.241218E-06 5.680239E-06 6.137833E-06 6.183584E-06 5.189991E-06 4.314373E-06 2.925530E-06 1.508554E-06 7.127257E-07
18 -1.816071E+01 5.178571E-01 2.454352E+00 5.645554E-06 6.118443E-06 6.611338E-06 6.660618E-06 5.590374E-06 4.647207E-06 3.151221E-06 1.624932E-06 7.677091E-07
19 -1.764286E+01 5.178571E-01 2.206633E+00 6.018987E-06 6.523156E-06 7.048654E-06 7.101194E-06 5.960158E-06 4.954603E-06 3.359663E-06 1.732415E-06 8.184903E-07
20 -1.712500E+01 5.178571E-01 2.189555E+00 6.450819E-06 6.991160E-06 7.554360E-06 7.610669E-06 6.387769E-06 5.310071E-06 3.600702E-06 1.856707E-06 8.772129E-07
21 -1.660714E+01 5.178571E-01 2.244502E+00 6.975161E-06 7.559423E-06 8.168401E-06 8.229288E-06 6.906986E-06 5.741689E-06 3.893378E-06 2.007626E-06 9.485154E-07
22 -1.608929E+01 5.178571E-01 2.166557E+00 7.521764E-06 8.151811E-06 8.808512E-06 8.874169E-06 7.448247E-06 6.191632E-06 4.198479E-06 2.164952E-06 1.022845E-06
23 -1.557143E+01 5.178571E-01 2.057539E+00 8.068461E-06 8.744301E-06 9.448732E-06 9.519162E-06 7.989600E-06 6.641653E-06 4.503633E-06 2.322305E-06 1.097188E-06
24 -1.505357E+01 5.178571E-01 2.175718E+00 8.762507E-06 9.496482E-06 1.026151E-05 1.033800E-05 8.676862E-06 7.212965E-06 4.891034E-06 2.522069E-06 1.191567E-06
25 -1.453571E+01 5.178571E-01 2.303752E+00 9.622696E-06 1.042872E-05 1.126885E-05 1.135285E-05 9.528644E-06 7.921040E-06 5.371172E-06 2.769653E-06 1.308540E-06
26 -1.401786E+01 5.178571E-01 2.423842E+00 1.066041E-05 1.155336E-05 1.248409E-05 1.257715E-05 1.055622E-05 8.775251E-06 5.950403E-06 3.068335E-06 1.449654E-06
27 -1.350000E+01 5.178571E-01 2.504752E+00 1.186390E-05 1.285765E-05 1.389345E-05 1.399701E-05 1.174794E-05 9.765911E-06 6.622159E-06 3.414727E-06 1.613309E-06
28 -1.298214E+01 5.178571E-01 2.504752E+00 1.317814E-05 1.428198E-05 1.543252E-05 1.554755E-05 1.304934E-05 1.084775E-05 7.355740E-06 3.792998E-06 1.792026E-06
29 -1.246429E+01 5.178571E-01 2.504752E+00 1.462016E-05 1.584480E-05 1.712123E-05 1.724885E-05 1.447727E-05 1.203477E-05 8.160646E-06 4.208050E-06 1.988119E-06
30 -1.194643E+01 5.178571E-01 2.504752E+00 1.620717E-05 1.756474E-05 1.897973E-05 1.912121E-05 1.604877E-05 1.334113E-05 9.046480E-06 4.664831E-06 2.203928E-06
31 -1.142857E+01 5.178571E-01 2.504752E+00 1.795709E-05 1.946123E-05 2.102901E-05 2.118575E-05 1.778158E-05 1.478160E-05 1.002324E-05 5.168500E-06 2.441890E-06
32 -1.091071E+01 5.178571E-01 2.504752E+00 1.988898E-05 2.155494E-05 2.329138E-05 2.346499E-05 1.969458E-05 1.637185E-05 1.110158E-05 5.724546E-06 2.704597E-06
33 -1.039286E+01 5.178571E-01 2.504752E+00 2.202342E-05 2.386817E-05 2.579097E-05 2.598321E-05 2.180816E-05 1.812885E-05 1.229298E-05 6.338893E-06 2.994849E-06
34 -9.875000E+00 5.178571E-01 2.504752E+00 2.438284E-05 2.642523E-05 2.855401E-05 2.876685E-05 2.414453E-05 2.007104E-05 1.360995E-05 7.017993E-06 3.315694E-06
35 -9.357143E+00 5.178571E-01 2.504752E+00 2.699180E-05 2.925272E-05 3.160929E-05 3.184490E-05 2.672799E-05 2.221863E-05 1.506622E-05 7.768917E-06 3.670473E-06
36 -8.839286E+00 5.178571E-01 2.504752E+00 2.987730E-05 3.237992E-05 3.498841E-05 3.524921E-05 2.958528E-05 2.459387E-05 1.667684E-05 8.599437E-06 4.062857E-06
37 -8.321429E+00 5.178571E-01 2.504752E+00 3.306910E-05 3.583907E-05 3.872623E-05 3.901489E-05 3.274588E-05 2.722124E-05 1.845843E-05 9.518116E-06 4.496893E-06
38 -7.803571E+00 5.178571E-01 2.504752E+00 3.563405E-05 3.861887E-05 4.172997E-05 4.204102E-05 3.380968E-05 2.810556E-05 1.905808E-05 9.827327E-06 4.642981E-06
39 -7.285714E+00 5.178571E-01 2.504752E+00 3.756631E-05 4.071298E-05 4.399278E-05 4.432069E-05 3.070650E-05 2.552592E-05 1.730886E-05 8.925338E-06 4.216831E-06
40 -6.767857E+00 5.178571E-01 2.504752E+00 3.974180E-05 4.307070E-05 4.654043E-05 4.688734E-05 2.790566E-05 2.319762E-05 1.573006E-05 8.111227E-06 3.832199E-06
41 -6.250000E+00 5.178571E-01 2.504752E+00 4.210431E-05 4.563110E-05 4.930709E-05 4.967462E-05 2.537785E-05 2.109628E-05 1.430516E-05 7.376479E-06 3.485063E-06
42 -5.732143E+00 5.178571E-01 2.504752E+00 4.461563E-05 4.835278E-05 5.224802E-05 5.263747E-05 2.309681E-05 1.920008E-05 1.301937E-05 6.713457E-06 3.171814E-06
43 -5.214286E+00 5.178571E-01 2.504752E+00 4.725045E-05 5.120830E-05 5.533359E-05 5.574603E-05 2.103892E-05 1.748939E-05 1.185936E-05 6.115300E-06 2.889211E-06
44 -4.696429E+00 5.178571E-01 2.504752E+00 4.999268E-05 5.418022E-05 5.854492E-05 5.898131E-05 1.918295E-05 1.594654E-05 1.081318E-05 5.575833E-06 2.634337E-06
45 -4.178571E+00 5.178571E-01 2.504752E+00 5.283277E-05 5.725822E-05 6.187087E-05 6.233205E-05 1.750978E-05 1.455565E-05 9.870033E-06 5.089498E-06 2.404565E-06
46 -3.660714E+00 5.178571E-01 2.504752E+00 5.576595E-05 6.043708E-05 6.530583E-05 6.579261E-05 1.600215E-05 1.330238E-05 9.020204E-06 4.651282E-06 2.197527E-06
47 -3.142857E+00 5.178571E-01 2.504752E+00 5.879079E-05 6.371529E-05 6.884813E-05 6.936131E-05 1.464452E-05 1.217381E-05 8.254927E-06 4.256666E-06 2.011088E-06
48 -2.625000E+00 5.178571E-01 2.504752E+00 6.190833E-05 6.709397E-05 7.249898E-05 7.303938E-05 1.342286E-05 1.115825E-05 7.566292E-06 3.901570E-06 1.843321E-06
49 -2.107143E+00 5.178571E-01 2.504752E+00 6.512137E-05 7.057615E-05 7.626168E-05 7.683013E-05 1.232450E-05 1.024520E-05 6.947160E-06 3.582314E-06 1.692486E-06
50 -1.589286E+00 5.178571E-01 2.504752E+00 6.843401E-05 7.416627E-05 8.014102E-05 8.073838E-05 1.133800E-05 9.425136E-06 6.391083E-06 3.295572E-06 1.557013E-06
51 -1.071429E+00 5.178571E-01 2.504752E+00 7.185131E-05 7.786980E-05 8.414291E-05 8.477010E-05 1.045304E-05 8.689478E-06 5.892242E-06 3.038344E-06 1.435484E-06
52 -5.535714E-01 5.178571E-01 2.504752E+00 7.537903E-05 8.169302E-05 8.827412E-05 8.893211E-05 9.660291E-06 8.030477E-06 5.445380E-06 2.807919E-06 1.326618E-06
53 -3.571429E-02 5.178571E-01 2.504752E+00 7.902351E-05 8.564278E-05 9.254206E-05 9.323186E-05 8.951336E-06 7.441132E-06 5.045751E-06 2.601849E-06 1.229260E-06
54 4.821429E-01 5.178571E-01 2.504752E+00 8.279152E-05 8.972640E-05 9.695466E-05 9.767735E-05 8.318574E-06 6.915124E-06 4.689071E-06 2.417927E-06 1.142364E-06
55 1.000000E+00 5.178571E-01 2.504752E+00 8.669017E-05 9.395162E-05 1.015203E-04 1.022770E-04 7.755142E-06 6.446750E-06 4.371472E-06 2.254156E-06 1.064990E-06
56 1.517857E+00 5.178571E-01 2.504752E+00 9.072692E-05 9.832650E-05 1.062476E-04 1.070395E-04 7.254849E-06 6.030863E-06 4.089464E-06 2.108738E-06 9.962864E-07
57 2.035714E+00 5.178571E-01 2.504752E+00 9.490949E-05 1.028594E-04 1.111456E-04 1.119741E-04 6.812108E-06 5.662818E-06 3.839896E-06 1.980048E-06 9.354861E-07
58 2.553571E+00 5.178571E-01 2.504752E+00 9.924584E-05 1.075590E-04 1.162238E-04 1.170901E-04 6.421882E-06 5.338428E-06 3.619931E-06 1.866623E-06 8.818975E-07
59 3.071429E+00 5.178571E-01 2.504752E+00 1.037442E-04 1.124342E-04 1.214917E-04 1.223973E-04 6.079629E-06 5.053918E-06 3.427007E-06 1.767142E-06 8.348970E-07
60 3.589286E+00 5.178571E-01 2.504752E+00 1.084131E-04 1.174941E-04 1.269593E-04 1.279057E-04 5.781259E-06 4.805887E-06 3.258820E-06 1.680416E-06 7.939228E-07
61 4.107143E+00 5.178571E-01 2.504752E+00 1.132612E-04 1.227484E-04 1.326368E-04 1.336255E-04 5.523089E-06 4.591274E-06 3.113293E-06 1.605374E-06 7.584691E-07
62 4.625000E+00 5.178571E-01 2.504752E+00 1.182976E-04 1.282066E-04 1.385347E-04 1.395674E-04 5.301807E-06 4.407324E-06 2.988559E-06 1.541055E-06 7.280811E-07
63 5.142857E+00 5.178571E-01 2.504752E+00 1.235314E-04 1.338788E-04 1.446640E-04 1.457423E-04 5.114435E-06 4.251565E-06 2.882940E-06 1.486593E-06 7.023499E-07
64 5.660714E+00 5.178571E-01 2.504752E+00 1.289724E-04 1.397755E-04 1.510356E-04 1.521614E-04 4.958301E-06 4.121772E-06 2.794929E-06 1.441210E-06 6.809084E-07
65 6.178571E+00 5.178571E-01 2.504752E+00 1.346302E-04 1.459072E-04 1.576613E-04 1.588365E-04 4.831008E-06 4.015955E-06 2.723176E-06 1.404210E-06 6.634276E-07
66 6.696429E+00 5.178571E-01 2.504752E+00 1.405150E-04 1.522850E-04 1.645529E-04 1.657795E-04 4.730411E-06 3.932330E-06 2.666471E-06 1.374970E-06 6.496129E-07
67 7.214286E+00 5.178571E-01 2.504752E+00 1.466374E-04 1.589202E-04 1.717227E-04 1.730027E-04 4.654592E-06 3.869303E-06 2.623733E-06 1.352932E-06 6.392011E-07
68 7.732143E+00 5.178571E-01 2.504752E+00 1.530082E-04 1.658246E-04 1.791833E-04 1.805189E-04 4.601843E-06 3.825453E-06 2.593999E-06 1.337599E-06 6.319572E-07
69 8.250000E+00 5.178571E-01 2.504752E+00 1.596385E-04 1.730103E-04 1.869478E-04 1.883413E-04 4.570642E-06 3.799516E-06 2.576411E-06 1.328530E-06 6.276724E-07
70 8.767857E+00 5.178571E-01 2.504752E+00 1.665400E-04 1.804899E-04 1.950299E-04 1.964837E-04 4.559639E-06 3.790370E-06 2.570209E-06 1.325332E-06 6.261614E-07
71 9.285714E+00 5.178571E-01 2.504752E+00 1.737245E-04 1.882762E-04 2.034436E-04 2.049600E-04 4.567642E-06 3.797023E-06 2.574720E-06 1.327658E-06 6.272604E-07
72 9.803571E+00 5.178571E-01 2.504752E+00 1.812045E-04 1.963828E-04 2.122032E-04 2.137849E-04 4.593601E-06 3.818602E-06 2.589353E-06 1.335204E-06 6.308253E-07
73 1.032143E+01 5.178571E-01 2.504752E+00 1.889929E-04 2.048235E-04 2.213239E-04 2.229736E-04 4.636596E-06 3.854343E-06 2.613588E-06 1.347701E-06 6.367296E-07
74 1.083929E+01 5.178571E-01 2.504752E+00 1.971028E-04 2.136127E-04 2.308211E-04 2.325417E-04 4.695826E-06 3.903580E-06 2.646976E-06 1.364917E-06 6.448635E-07
75 1.135714E+01 5.178571E-01 2.504752E+00 2.055480E-04 2.227654E-04 2.407111E-04 2.425053E-04 4.770600E-06 3.965739E-06 2.689125E-06 1.386651E-06 6.551320E-07
76 1.187500E+01 5.178571E-01 2.504752E+00 2.143428E-04 2.322968E-04 2.510104E-04 2.528814E-04 4.860327E-06 4.040327E-06 2.739703E-06 1.412732E-06 6.674539E-07
77 1.239286E+01 5.178571E-01 2.504752E+00 2.235018E-04 2.422230E-04 2.617362E-04 2.636872E-04 4.964506E-06 4.126930E-06 2.798427E-06 1.443013E-06 6.817606E-07
78 1.291071E+01 5.178571E-01 2.504752E+00 2.330404E-04 2.525606E-04 2.729066E-04 2.749408E-04 5.082723E-06 4.225202E-06 2.865064E-06 1.477375E-06 6.979949E-07
79 1.342857E+01 5.178571E-01 2.504752E+00 2.429744E-04 2.633268E-04 2.845401E-04 2.866610E-04 5.214639E-06 4.334862E-06 2.939424E-06 1.515718E-06 7.161105E-07
80 1.394643E+01 5.178571E-01 2.504752E+00 2.533203E-04 2.745392E-04 2.966557E-04 2.988670E-04 5.359988E-06 4.455690E-06 3.021355E-06 1.557966E-06 7.360709E-07
81 1.446429E+01 5.178571E-01 2.504752E+00 2.640949E-04 2.862163E-04 3.092736E-04 3.115789E-04 5.518572E-06 4.587518E-06 3.110747E-06 1.604061E-06 7.578487E-07
82 1.498214E+01 5.178571E-01 2.504752E+00 2.753159E-04 2.983772E-04 3.224142E-04 3.248174E-04 5.690251E-06 4.730233E-06 3.207520E-06 1.653963E-06 7.814249E-07
83 1.550000E+01 5.178571E-01 2.504752E+00 2.870016E-04 3.110418E-04 3.360989E-04 3.386042E-04 5.874946E-06 4.883767E-06 3.311630E-06 1.707647E-06 8.067884E-07
84 1.601786E+01 5.178571E-01 2.504752E+00 2.991709E-04 3.242304E-04 3.503500E-04 3.529615E-04 6.072628E-06 5.048098E-06 3.423061E-06 1.765107E-06 8.339356E-07
85 1.653571E+01 5.178571E-01 2.504752E+00 3.118432E-04 3.379642E-04 3.651903E-04 3.679123E-04 6.283321E-06 5.223244E-06 3.541826E-06 1.826348E-06 8.628693E-07
86 1.705357E+01 5.178571E-01 2.504752E+00 3.250391E-04 3.522654E-04 3.806435E-04 3.834807E-04 6.507093E-06 5.409263E-06 3.667963E-06 1.891391E-06 8.935993E-07
87 1.757143E+01 5.178571E-01 2.504752E+00 3.387793E-04 3.671565E-04 3.967343E-04 3.996915E-04 6.744059E-06 5.606250E-06 3.801538E-06 1.960269E-06 9.261411E-07
88 1.808929E+01 5.178571E-01 2.504752E+00 3.530857E-04 3.826613E-04 4.134881E-04 4.165702E-04 6.994373E-06 5.814332E-06 3.942636E-06 2.033026E-06 9.605160E-07
89 1.860714E+01 5.178571E-01 2.504752E+00 3.679808E-04 3.988041E-04 4.309313E-04 4.341434E-04 7.258229E-06 6.033673E-06 4.091369E-06 2.109721E-06 9.967506E-07
90 1.912500E+01 5.178571E-01 2.504752E+00 3.834879E-04 4.156100E-04 4.490911E-04 4.524386E-04 7.535861E-06 6.264465E-06 4.247866E-06 2.190419E-06 1.034877E-06
91 1.964286E+01 5.178571E-01 2.504752E+00 3.996310E-04 4.331053E-04 4.679958E-04 4.714842E-04 7.827534E-06 6.506929E-06 4.412279E-06 2.275198E-06 1.074932E-06
92 2.016071E+01 5.178571E-01 2.504752E+00 4.164350E-04 4.513170E-04 4.876746E-04 4.913096E-04 8.133552E-06 6.761318E-06 4.584777E-06 2.364147E-06 1.116956E-06
93 2.067857E+01 5.178571E-01 2.504752E+00 4.339259E-04 4.702729E-04 5.081575E-04 5.119453E-04 8.454249E-06 7.027909E-06 4.765550E-06 2.457363E-06 1.160996E-06
94 2.119643E+01 5.178571E-01 2.504752E+00 4.521300E-04 4.900019E-04 5.294759E-04 5.334225E-04 8.789992E-06 7.307008E-06 4.954804E-06 2.554952E-06 1.207103E-06
95 2.171429E+01 5.178571E-01 2.504752E+00 4.710751E-04 5.105338E-04 5.516619E-04 5.557739E-04 9.141177E-06 7.598943E-06 5.152762E-06 2.657029E-06 1.255330E-06
96 2.223214E+01 5.178571E-01 2.504752E+00 4.907894E-04 5.318995E-04 5.747488E-04 5.790329E-04 9.508230E-06 7.904070E-06 5.359665E-06 2.763719E-06 1.305736E-06
97 2.275000E+01 5.178571E-01 2.504752E+00 5.113024E-04 5.541307E-04 5.987709E-04 6.032340E-04 9.891608E-06 8.222767E-06 5.575770E-06 2.875154E-06 1.358384E-06
98 2.326786E+01 5.178571E-01 2.504752E+00 5.326442E-04 5.772602E-04 6.237636E-04 6.284131E-04 1.029179E-05 8.555436E-06 5.801349E-06 2.991474E-06 1.413341E-06
99 2.378571E+01 5.178571E-01 2.504752E+00 5.548461E-04 6.013218E-04 6.497636E-04 6.546069E-04 1.070930E-05 8.902501E-06 6.036690E-06 3.112828E-06 1.470675E-06
100 2.430357E+01 5.178571E-01 2.504752E+00 5.779403E-04 6.263504E-04 6.768085E-04 6.818533E-04 1.114465E-05 9.264408E-06 6.282096E-06 3.239372E-06 1.530462E-06
101 2.482143E+01 5.178571E-01 2.504752E+00 6.019598E-04 6.523819E-04 7.049371E-04 7.101916E-04 1.159843E-05 9.641627E-06 6.537884E-06 3.371270E-06 1.592777E-06
102 2.533929E+01 5.178571E-01 2.504752E+00 6.269389E-04 6.794533E-04 7.341893E-04 7.396619E-04 1.207122E-05 1.003465E-05 6.804387E-06 3.508692E-06 1.657703E-06
103 2.585714E+01 5.178571E-01 2.504752E+00 6.529126E-04 7.076027E-04 7.646063E-04 7.703056E-04 1.256362E-05 1.044398E-05 7.081950E-06 3.651819E-06 1.725324E-06
104 2.637500E+01 5.178571E-01 2.504752E+00 6.799171E-04 7.368691E-04 7.962305E-04 8.021655E-04 1.307629E-05 1.087015E-05 7.370935E-06 3.800834E-06 1.795727E-06
105 2.689286E+01 5.178571E-01 2.504752E+00 7.079894E-04 7.672929E-04 8.291051E-04 8.352852E-04 1.360988E-05 1.131372E-05 7.671714E-06 3.955931E-06 1.869004E-06
106 2.741071E+01 5.178571E-01 2.504752E+00 7.371677E-04 7.989153E-04 8.632750E-04 8.697097E-04 1.416509E-05 1.177526E-05 7.984675E-06 4.117310E-06 1.945249E-06
107 2.792857E+01 5.178571E-01 2.504752E+00 7.674911E-04 8.317786E-04 8.987858E-04 9.054852E-04 1.474261E-05 1.225535E-05 8.310218E-06 4.285177E-06 2.024558E-06
108 2.844643E+01 5.178571E-01 2.504752E+00 7.989997E-04 8.659265E-04 9.356845E-04 9.426590E-04 1.534319E-05 1.275460E-05 8.648757E-06 4.459745E-06 2.107034E-06
109 2.896429E+01 5.178571E-01 2.504752E+00 8.317345E-04 9.014033E-04 9.740193E-04 9.812795E-04 1.596758E-05 1.327364E-05 9.000716E-06 4.641233E-06 2.192779E-06
110 2.948214E+01 5.178571E-01 2.504752E+00 8.657377E-04 9.382546E-04 1.013839E-03 1.021396E-03 1.661655E-05 1.381313E-05 9.366533E-06 4.829867E-06 2.281901E-06
111 3.000000E+01 5.178571E-01 2.504752E+00 9.010521E-04 9.765270E-04 1.055195E-03 1.063060E-03 1.729091E-05 1.437371E-05 9.746657E-06 5.025879E-06 2.374508E-06
112 3.051786E+01 5.178571E-01 2.504752E+00 9.377216E-04 1.016268E-03 1.098138E-03 1.106323E-03 1.799146E-05 1.495607E-05 1.014155E-05 5.229506E-06 2.470713E-06
113 3.103571E+01 5.178571E-01 2.504752E+00 9.757912E-04 1.057527E-03 1.142720E-03 1.151237E-03 1.871905E-05 1.556091E-05 1.055168E-05 5.440992E-06 2.570630E-06
114 3.155357E+01 5.178571E-01 2.504752E+00 1.015306E-03 1.100352E-03 1.188995E-03 1.197857E-03 1.947453E-05 1.618893E-05 1.097754E-05 5.660585E-06 2.674378E-06
115 3.207143E+01 5.178571E-01 2.504752E+00 1.056314E-03 1.144794E-03 1.237017E-03 1.246238E-03 2.025878E-05 1.684086E-05 1.141961E-05 5.888538E-06 2.782076E-06
116 3.258929E+01 5.178571E-01 2.504752E+00 1.098860E-03 1.190904E-03 1.286842E-03 1.296434E-03 2.107268E-05 1.751745E-05 1.187839E-05 6.125111E-06 2.893847E-06
117 3.310714E+01 5.178571E-01 2.504752E+00 1.142994E-03 1.238735E-03 1.338526E-03 1.348503E-03 2.191713E-05 1.821943E-05 1.235440E-05 6.370566E-06 3.009813E-06
118 3.362500E+01 5.178571E-01 2.504752E+00 1.188763E-03 1.288338E-03 1.392125E-03 1.402502E-03 2.279306E-05 1.894758E-05 1.284815E-05 6.625169E-06 3.130102E-06
119 3.414286E+01 5.178571E-01 2.504752E+00 1.236218E-03 1.339767E-03 1.447698E-03 1.458489E-03 2.370139E-05 1.970267E-05 1.336017E-05 6.889190E-06 3.254841E-06
120 3.466071E+01 5.178571E-01 2.504752E+00 1.285407E-03 1.393077E-03 1.505301E-03 1.516522E-03 2.464307E-05 2.048547E-05 1.389098E-05 7.162904E-06 3.384158E-06
121 3.517857E+01 5.178571E-01 2.504752E+00 1.336380E-03 1.448320E-03 1.564995E-03 1.576660E-03 2.561904E-05 2.129678E-05 1.444112E-05 7.446585E-06 3.518185E-06
122 3.569643E+01 5.178571E-01 2.504752E+00 1.389189E-03 1.505552E-03 1.626837E-03 1.638963E-03 2.663026E-05 2.213739E-05 1.501113E-05 7.740511E-06 3.657052E-06
123 3.621429E+01 5.178571E-01 2.504752E+00 1.443882E-03 1.564826E-03 1.690887E-03 1.703491E-03 2.767768E-05 2.300810E-05 1.560155E-05 8.044961E-06 3.800892E-06
124 3.673214E+01 5.178571E-01 2.504752E+00 1.500512E-03 1.626199E-03 1.757204E-03 1.770302E-03 2.876227E-05 2.390971E-05 1.621292E-05 8.360214E-06 3.949835E-06
125 3.725000E+01 5.178571E-01 2.504752E+00 1.559127E-03 1.689725E-03 1.825847E-03 1.839456E-03 2.988498E-05 2.484300E-05 1.684578E-05 8.686550E-06 4.104014E-06
126 3.776786E+01 5.178571E-01 2.504752E+00 1.619779E-03 1.755457E-03 1.896874E-03 1.911013E-03 3.104678E-05 2.580879E-05 1.750066E-05 9.024244E-06 4.263560E-06
127 3.828571E+01 5.178571E-01 2.504752E+00 1.682517E-03 1.823450E-03 1.970345E-03 1.985032E-03 3.224861E-05 2.680785E-05 1.817812E-05 9.373574E-06 4.428603E-06
128 3.880357E+01 5.178571E-01 2.504752E+00 1.747390E-03 1.893757E-03 2.046316E-03 2.061569E-03 3.349140E-05 2.784097E-05 1.887866E-05 9.734811E-06 4.599272E-06
129 3.932143E+01 5.178571E-01 2.504752E+00 1.814447E-03 1.966431E-03 2.124844E-03 2.140682E-03 3.477608E-05 2.890891E-05 1.960282E-05 1.010822E-05 4.775693E-06
130 3.983929E+01 5.178571E-01 2.504752E+00 1.883734E-03 2.041522E-03 2.205985E-03 2.222428E-03 3.610355E-05 3.001242E-05 2.035110E-05 1.049407E-05 4.957991E-06
131 4.035714E+01 5.178571E-01 2.504752E+00 1.955299E-03 2.119081E-03 2.289792E-03 2.306860E-03 3.747469E-05 3.115223E-05 2.112399E-05 1.089262E-05 5.146286E-06
132 4.087500E+01 5.178571E-01 2.504752E+00 2.029185E-03 2.199156E-03 2.376318E-03 2.394031E-03 3.889036E-05 3.232906E-05 2.192199E-05 1.130411E-05 5.340695E-06
133 4.139286E+01 5.178571E-01 2.504752E+00 2.105436E-03 2.281794E-03 2.465613E-03 2.483992E-03 4.035137E-05 3.354358E-05 2.274554E-05 1.172877E-05 5.541331E-06
134 4.191071E+01 5.178571E-01 2.504752E+00 2.184093E-03 2.367039E-03 2.557725E-03 2.576790E-03 4.185850E-05 3.479644E-05 2.359509E-05 1.216685E-05 5.748301E-06
135 4.242857E+01 5.178571E-01 2.504752E+00 2.265193E-03 2.454933E-03 2.652700E-03 2.672473E-03 4.341250E-05 3.608826E-05 2.447106E-05 1.261854E-05 5.961707E-06
136 4.294643E+01 5.178571E-01 2.504752E+00 2.348774E-03 2.545514E-03 2.750578E-03 2.771081E-03 4.501404E-05 3.741960E-05 2.537383E-05 1.308405E-05 6.181642E-06
137 4.346429E+01 5.178571E-01 2.504752E+00 2.434867E-03 2.638819E-03 2.851399E-03 2.872653E-03 4.666376E-05 3.879099E-05 2.630375E-05 1.356357E-05 6.408193E-06
138 4.398214E+01 5.178571E-01 2.504752E+00 2.523503E-03 2.734879E-03 2.955198E-03 2.977226E-03 4.836222E-05 4.020290E-05 2.726115E-05 1.405726E-05 6.641438E-06
139 4.450000E+01 5.178571E-01 2.504752E+00 2.614707E-03 2.833723E-03 3.062005E-03 3.084829E-03 5.010993E-05 4.165574E-05 2.824631E-05 1.456525E-05 6.881444E-06
140 4.501786E+01 5.178571E-01 2.504752E+00 2.708502E-03 2.935375E-03 3.171845E-03 3.195488E-03 5.190729E-05 4.314986E-05 2.925946E-05 1.508768E-05 7.128270E-06
141 4.553571E+01 5.178571E-01 2.504752E+00 2.804905E-03 3.039853E-03 3.284740E-03 3.309224E-03 5.375464E-05 4.468554E-05 3.030079E-05 1.562465E-05 7.381961E-06
142 4.605357E+01 5.178571E-01 2.504752E+00 2.903928E-03 3.147170E-03 3.400703E-03 3.426051E-03 5.565221E-05 4.626297E-05 3.137043E-05 1.617621E-05 7.642550E-06
143 4.657143E+01 5.178571E-01 2.504752E+00 3.005578E-03 3.257335E-03 3.519743E-03 3.545978E-03 5.760016E-05 4.788227E-05 3.246846E-05 1.674241E-05 7.910055E-06
144 4.708929E+01 5.178571E-01 2.504752E+00 3.109858E-03 3.370350E-03 3.641861E-03 3.669007E-03 5.959849E-05 4.954346E-05 3.359489E-05 1.732326E-05 8.184480E-06
145 4.760714E+01 5.178571E-01 2.504752E+00 3.216762E-03 3.486208E-03 3.767053E-03 3.795132E-03 6.164712E-05 5.124647E-05 3.474968E-05 1.791872E-05 8.465812E-06
146 4.812500E+01 5.178571E-01 2.504752E+00 3.326278E-03 3.604898E-03 3.895305E-03 3.924340E-03 6.374584E-05 5.299110E-05 3.593269E-05 1.852875E-05 8.754022E-06
147 4.864286E+01 5.178571E-01 2.504752E+00 3.438389E-03 3.726399E-03 4.026594E-03 4.056608E-03 6.589426E-05 5.477706E-05 3.714374E-05 1.915322E-05 9.049059E-06
148 4.916071E+01 5.178571E-01 2.504752E+00 3.553067E-03 3.850683E-03 4.160890E-03 4.191905E-03 6.809191E-05 5.660393E-05 3.838252E-05 1.979200E-05 9.350855E-06
149 4.967857E+01 5.178571E-01 2.504752E+00 3.670279E-03 3.977713E-03 4.298153E-03 4.330191E-03 7.033811E-05 5.847117E-05 3.964867E-05 2.044490E-05 9.659318E-06
150 5.019643E+01 5.178571E-01 2.504752E+00 3.789980E-03 4.107441E-03 4.438332E-03 4.471415E-03 7.263203E-05 6.037808E-05 4.094173E-05 2.111166E-05 9.974336E-06
151 5.071429E+01 5.178571E-01 2.504752E+00 3.912120E-03 4.239811E-03 4.581366E-03 4.615515E-03 7.497268E-05 6.232383E-05 4.226112E-05 2.179201E-05 1.029577E-05
152 5.123214E+01 5.178571E-01 2.504752E+00 4.036636E-03 4.374757E-03 4.727183E-03 4.762418E-03 7.735887E-05 6.430744E-05 4.360619E-05 2.248560E-05 1.062346E-05
153 5.175000E+01 5.178571E-01 2.504752E+00 4.163456E-03 4.512200E-03 4.875698E-03 4.912041E-03 7.978923E-05 6.632777E-05 4.497615E-05 2.319202E-05 1.095721E-05
154 5.226786E+01 5.178571E-01 2.504752E+00 4.292499E-03 4.652052E-03 5.026816E-03 5.064286E-03 8.226219E-05 6.838351E-05 4.637012E-05 2.391082E-05 1.129682E-05
155 5.278571E+01 5.178571E-01 2.504752E+00 4.423671E-03 4.794212E-03 5.180428E-03 5.219042E-03 8.477596E-05 7.047317E-05 4.778710E-05 2.464149E-05 1.164203E-05
156 5.330357E+01 5.178571E-01 2.504752E+00 4.556868E-03 4.938566E-03 5.336411E-03 5.376188E-03 8.732854E-05 7.259510E-05 4.922596E-05 2.538344E-05 1.199256E-05
157 5.382143E+01 5.178571E-01 2.504752E+00 4.691975E-03 5.084990E-03 5.494631E-03 5.535587E-03 8.991771E-05 7.474744E-05 5.068544E-05 2.613602E-05 1.234813E-05
158 5.433929E+01 5.178571E-01 2.504752E+00 4.828863E-03 5.233344E-03 5.654936E-03 5.697087E-03 9.254102E-05 7.692817E-05 5.216417E-05 2.689853E-05 1.270838E-05
159 5.485714E+01 5.178571E-01 2.504752E+00 4.967393E-03 5.383477E-03 5.817164E-03 5.860525E-03 9.519580E-05 7.913505E-05 5.366063E-05 2.767018E-05 1.307295E-05
160 5.537500E+01 5.178571E-01 2.504752E+00 5.107412E-03 5.535225E-03 5.981136E-03 6.025719E-03 9.787912E-05 8.136566E-05 5.517318E-05 2.845013E-05 1.344144E-05
161 5.589286E+01 5.178571E-01 2.504752E+00 5.248755E-03 5.688408E-03 6.146659E-03 6.192476E-03 1.005878E-04 8.361737E-05 5.670004E-05 2.923746E-05 1.381342E-05
162 5.641071E+01 5.178571E-01 2.504752E+00 5.391246E-03 5.842834E-03 6.313526E-03 6.360586E-03 1.033185E-04 8.588736E-05 5.823929E-05 3.003118E-05 1.418842E-05
163 5.692857E+01 5.178571E-01 2.504752E+00 5.534693E-03 5.998297E-03 6.481513E-03 6.529825E-03 1.060675E-04 8.817259E-05 5.978889E-05 3.083023E-05 1.456593E-05
164 5.744643E+01 5.178571E-01 2.504752E+00 5.678895E-03 6.154578E-03 6.650384E-03 6.699955E-03 1.088310E-04 9.046984E-05 6.134663E-05 3.163348E-05 1.494544E-05
165 5.796429E+01 5.178571E-01 2.504752E+00 5.823637E-03 6.311443E-03 6.819886E-03 6.870720E-03 1.116049E-04 9.277569E-05 6.291020E-05 3.243974E-05 1.532636E-05
166 5.848214E+01 5.178571E-01 2.504752E+00 5.968690E-03 6.468647E-03 6.989753E-03 7.041854E-03 1.143847E-04 9.508651E-05 6.447714E-05 3.324774E-05 1.570810E-05
167 5.900000E+01 5.178571E-01 2.504752E+00 6.113817E-03 6.625929E-03 7.159707E-03 7.213074E-03 1.171659E-04 9.739849E-05 6.604487E-05 3.405614E-05 1.609003E-05
168 5.951786E+01 5.178571E-01 2.504752E+00 6.258765E-03 6.783020E-03 7.329452E-03 7.384085E-03 1.199437E-04 9.970765E-05 6.761069E-05 3.486355E-05 1.647150E-05
169 6.003571E+01 5.178571E-01 2.504752E+00 6.403275E-03 6.939634E-03 7.498683E-03 7.554578E-03 1.227131E-04 1.020098E-04 6.917176E-05 3.566852E-05 1.685181E-05
170 6.055357E+01 5.178571E-01 2.504752E+00 6.547075E-03 7.095479E-03 7.667082E-03 7.724232E-03 1.254689E-04 1.043007E-04 7.072515E-05 3.646953E-05 1.723026E-05
171 6.107143E+01 5.178571E-01 2.504752E+00 6.689882E-03 7.250248E-03 7.834320E-03 7.892716E-03 1.282056E-04 1.065757E-04 7.226783E-05 3.726502E-05 1.760609E-05
172 6.158929E+01 5.178571E-01 2.504752E+00 6.831407E-03 7.403628E-03 8.000056E-03 8.059687E-03 1.309178E-04 1.088303E-04 7.379666E-05 3.805336E-05 1.797855E-05
173 6.210714E+01 5.178571E-01 2.504752E+00 6.971353E-03 7.555296E-03 8.163942E-03 8.224795E-03 1.335997E-04 1.110598E-04 7.530843E-05 3.883291E-05 1.834685E-05
174 6.262500E+01 5.178571E-01 2.504752E+00 7.109414E-03 7.704922E-03 8.325621E-03 8.387680E-03 1.362456E-04 1.132592E-04 7.679985E-05 3.960196E-05 1.871019E-05
175 6.314286E+01 5.178571E-01 2.504752E+00 7.245282E-03 7.852170E-03 8.484732E-03 8.547976E-03 1.388493E-04 1.154237E-04 7.826756E-05 4.035879E-05 1.906776E-05
176 6.366071E+01 5.178571E-01 2.504752E+00 7.378641E-03 7.996700E-03 8.640905E-03 8.705313E-03 1.414050E-04 1.175482E-04 7.970818E-05 4.110164E-05 1.941873E-05
177 6.417857E+01 5.178571E-01 2.504752E+00 7.509175E-03 8.138168E-03 8.793769E-03 8.859317E-03 1.439066E-04 1.196277E-04 8.111828E-05 4.182876E-05 1.976226E-05
178 6.469643E+01 5.178571E-01 2.504752E+00 7.636565E-03 8.276228E-03 8.942952E-03 9.009612E-03 1.463479E-04 1.216572E-04 8.249441E-05 4.253837E-05 2.009752E-05
179 6.521429E+01 5.178571E-01 2.504752E+00 7.760493E-03 8.410537E-03 9.088080E-03 9.155821E-03 1.487229E-04 1.236314E-04 8.383315E-05 4.322869E-05 2.042366E-05
180 6.573214E+01 5.178571E-01 2.504752E+00 7.880641E-03 8.540749E-03 9.228782E-03 9.297572E-03 1.510254E-04 1.255455E-04 8.513105E-05 4.389796E-05 2.073986E-05
181 6.625000E+01 5.178571E-01 2.504752E+00 7.996696E-03 8.666525E-03 9.364690E-03 9.434494E-03 1.532495E-04 1.273943E-04 8.638474E-05 4.454442E-05 2.104529E-05
182 6.676786E+01 5.178571E-01 2.504752E+00 8.108349E-03 8.787530E-03 9.495444E-03 9.566222E-03 1.553892E-04 1.291731E-04 8.759088E-05 4.516637E-05 2.133913E-05
183 6.728571E+01 5.178571E-01 2.504752E+00 8.215298E-03 8.903437E-03 9.620688E-03 9.692399E-03 1.574388E-04 1.308769E-04 8.874619E-05 4.576211E-05 2.162059E-05
184 6.780357E+01 5.178571E-01 2.504752E+00 8.317248E-03 9.013927E-03 9.740079E-03 9.812680E-03 1.593926E-04 1.325010E-04 8.984752E-05 4.633001E-05 2.188890E-05
185 6.832143E+01 5.178571E-01 2.504752E+00 8.413916E-03 9.118693E-03 9.853284E-03 9.926730E-03 1.612451E-04 1.340410E-04 9.089178E-05 4.686848E-05 2.214331E-05
186 6.883929E+01 5.178571E-01 2.504752E+00 8.505030E-03 9.217439E-03 9.959985E-03 1.003423E-02 1.629913E-04 1.354925E-04 9.187604E-05 4.737602E-05 2.238309E-05
187 6.935714E+01 5.178571E-01 2.504752E+00 8.590331E-03 9.309884E-03 1.005988E-02 1.013486E-02 1.646260E-04 1.368515E-04 9.279751E-05 4.785118E-05 2.260758E-05
188 6.987500E+01 5.178571E-01 2.504752E+00 8.669575E-03 9.395766E-03 1.015268E-02 1.022836E-02 1.661446E-04 1.381139E-04 9.365354E-05 4.829259E-05 2.281613E-05
189 7.039286E+01 5.178571E-01 2.504752E+00 8.742534E-03 9.474836E-03 1.023812E-02 1.031443E-02 1.675428E-04 1.392762E-04 9.444169E-05 4.869900E-05 2.300814E-05
190 7.091071E+01 5.178571E-01 2.504752E+00 8.808999E-03 9.546869E-03 1.031595E-02 1.039285E-02 1.688165E-04 1.403350E-04 9.515968E-05 4.906923E-05 2.318306E-05
191 7.142857E+01 5.178571E-01 2.504752E+00 8.868780E-03 9.611657E-03 1.038596E-02 1.046338E-02 1.699622E-04 1.412874E-04 9.580547E-05 4.940223E-05 2.334039E-05
192 7.194643E+01 5.178571E-01 2.504752E+00 8.921707E-03 9.669018E-03 1.044794E-02 1.052582E-02 1.709765E-04 1.421306E-04 9.637721E-05 4.969706E-05 2.347968E-05
193 7.246429E+01 5.178571E-01 2.504752E+00 8.967632E-03 9.718790E-03 1.050172E-02 1.058000E-02 1.718566E-04 1.428622E-04 9.687332E-05 4.995287E-05 2.360055E-05
194 7.298214E+01 5.178571E-01 2.504752E+00 9.006429E-03 9.760836E-03 1.054716E-02 1.062578E-02 1.726001E-04 1.434803E-04 9.729243E-05 5.016899E-05 2.370265E-05
195 7.350000E+01 5.178571E-01 2.504752E+00 9.037996E-03 9.795047E-03 1.058413E-02 1.066302E-02 1.732051E-04 1.439832E-04 9.763343E-05 5.034483E-05 2.378573E-05
196 7.401786E+01 5.178571E-01 2.504752E+00 9.062254E-03 9.821338E-03 1.061253E-02 1.069164E-02 1.736699E-04 1.443696E-04 9.789548E-05 5.047995E-05 2.384957E-05
197 7.453571E+01 5.178571E-01 2.504752E+00 9.079150E-03 9.839648E-03 1.063232E-02 1.071157E-02 1.739937E-04 1.446388E-04 9.807799E-05 5.057407E-05 2.389403E-05
198 7.505357E+01 5.178571E-01 2.504752E+00 9.088653E-03 9.849948E-03 1.064345E-02 1.072278E-02 1.741759E-04 1.447902E-04 9.818066E-05 5.062701E-05 2.391904E-05
199 7.557143E+01 5.178571E-01 2.504752E+00 9.090760E-03 9.852231E-03 1.064592E-02 1.072527E-02 1.742162E-04 1.448237E-04 9.820342E-05 5.063874E-05 2.392459E-05
200 7.608929E+01 5.178571E-01 2.504752E+00 9.085491E-03 9.846520E-03 1.063975E-02 1.071905E-02 1.741152E-04 1.447398E-04 9.814649E-05 5.060939E-05 2.391072E-05
201 7.660714E+01 5.178571E-01 2.504752E+00 9.072889E-03 9.832864E-03 1.062499E-02 1.070419E-02 1.738738E-04 1.445390E-04 9.801036E-05 5.053919E-05 2.387756E-05
202 7.712500E+01 5.178571E-01 2.504752E+00 9.053025E-03 9.811335E-03 1.060173E-02 1.068075E-02 1.734931E-04 1.442226E-04 9.779578E-05 5.042854E-05 2.382528E-05
203 7.764286E+01 5.178571E-01 2.504752E+00 9.025989E-03 9.782035E-03 1.057006E-02 1.064885E-02 1.729750E-04 1.437919E-04 9.750372E-05 5.027794E-05 2.375413E-05
204 7.816071E+01 5.178571E-01 2.504752E+00 8.991897E-03 9.745087E-03 1.053014E-02 1.060863E-02 1.723216E-04 1.432488E-04 9.713544E-05 5.008804E-05 2.366440E-05
205 7.867857E+01 5.178571E-01 2.504752E+00 8.950886E-03 9.700641E-03 1.048211E-02 1.056025E-02 1.715357E-04 1.425954E-04 9.669242E-05 4.985959E-05 2.355647E-05
206 7.919643E+01 5.178571E-01 2.504752E+00 8.903113E-03 9.648866E-03 1.042617E-02 1.050388E-02 1.706201E-04 1.418343E-04 9.617635E-05 4.959348E-05 2.343075E-05
207 7.971429E+01 5.178571E-01 2.504752E+00 8.848755E-03 9.589955E-03 1.036251E-02 1.043975E-02 1.695784E-04 1.409684E-04 9.558914E-05 4.929069E-05 2.328769E-05
208 8.023214E+01 5.178571E-01 2.504752E+00 8.788008E-03 9.524120E-03 1.029137E-02 1.036808E-02 1.684143E-04 1.400006E-04 9.493292E-05 4.895231E-05 2.312782E-05
209 8.075000E+01 5.178571E-01 2.504752E+00 8.721085E-03 9.451591E-03 1.021300E-02 1.028913E-02 1.671317E-04 1.389345E-04 9.420998E-05 4.857952E-05 2.295169E-05
210 8.126786E+01 5.178571E-01 2.504752E+00 8.648213E-03 9.372615E-03 1.012766E-02 1.020315E-02 1.657352E-04 1.377736E-04 9.342278E-05 4.817360E-05 2.275991E-05
211 8.178571E+01 5.178571E-01 2.504752E+00 8.569635E-03 9.287455E-03 1.003564E-02 1.011045E-02 1.642293E-04 1.365218E-04 9.257393E-05 4.773589E-05 2.255312E-05
212 8.230357E+01 5.178571E-01 2.504752E+00 8.485606E-03 9.196388E-03 9.937238E-03 1.001131E-02 1.626190E-04 1.351831E-04 9.166621E-05 4.726782E-05 2.233197E-05
213 8.282143E+01 5.178571E-01 2.504752E+00 8.396392E-03 9.099700E-03 9.832762E-03 9.906054E-03 1.609093E-04 1.337618E-04 9.070246E-05 4.677086E-05 2.209718E-05
214 8.333929E+01 5.178571E-01 2.504752E+00 8.302266E-03 8.997691E-03 9.722535E-03 9.795005E-03 1.591055E-04 1.322623E-04 8.968567E-05 4.624655E-05 2.184947E-05
215 8.385714E+01 5.178571E-01 2.504752E+00 8.203514E-03 8.890666E-03 9.606888E-03 9.678497E-03 1.572129E-04 1.306891E-04 8.861889E-05 4.569646E-05 2.158958E-05
216 8.437500E+01 5.178571E-01 2.504752E+00 8.100422E-03 8.778939E-03 9.486161E-03 9.556869E-03 1.552373E-04 1.290468E-04 8.750523E-05 4.512221E-05 2.131827E-05
217 8.489286E+01 5.178571E-01 2.504752E+00 7.993285E-03 8.662828E-03 9.360696E-03 9.430469E-03 1.531841E-04 1.273400E-04 8.634788E-05 4.452541E-05 2.103631E-05
218 8.541071E+01 5.178571E-01 2.504752E+00 7.882399E-03 8.542654E-03 9.230840E-03 9.299646E-03 1.510591E-04 1.255735E-04 8.515003E-05 4.390774E-05 2.074448E-05
219 8.592857E+01 5.178571E-01 2.504752E+00 7.768061E-03 8.418739E-03 9.096943E-03 9.164751E-03 1.488679E-04 1.237520E-04 8.391489E-05 4.327084E-05 2.044358E-05
220 8.644643E+01 5.178571E-01 2.504752E+00 7.650571E-03 8.291407E-03 8.959354E-03 9.026136E-03 1.466163E-04 1.218803E-04 8.264570E-05 4.261638E-05 2.013437E-05
221 8.696429E+01 5.178571E-01 2.504752E+00 7.530224E-03 8.160980E-03 8.818419E-03 8.884151E-03 1.443100E-04 1.199630E-04 8.134564E-05 4.194600E-05 1.981765E-05
222 8.748214E+01 5.178571E-01 2.504752E+00 7.407315E-03 8.027775E-03 8.674484E-03 8.739143E-03 1.419545E-04 1.180050E-04 8.001791E-05 4.126136E-05 1.949418E-05
223 8.800000E+01 5.178571E-01 2.504752E+00 7.282134E-03 7.892109E-03 8.527888E-03 8.591454E-03 1.395555E-04 1.160107E-04 7.866563E-05 4.056405E-05 1.916474E-05
224 8.851786E+01 5.178571E-01 2.504752E+00 7.154966E-03 7.754289E-03 8.378966E-03 8.441422E-03 1.371185E-04 1.139848E-04 7.729190E-05 3.985569E-05 1.883007E-05
225 8.903571E+01 5.178571E-01 2.504752E+00 7.026092E-03 7.614619E-03 8.228045E-03 8.289376E-03 1.346487E-04 1.119318E-04 7.589972E-05 3.913781E-05 1.849090E-05
226 8.955357E+01 5.178571E-01 2.504752E+00 6.895783E-03 7.473395E-03 8.075444E-03 8.135637E-03 1.321515E-04 1.098558E-04 7.449205E-05 3.841194E-05 1.814796E-05
227 9.007143E+01 5.178571E-01 2.504752E+00 6.764305E-03 7.330904E-03 7.921474E-03 7.980519E-03 1.296318E-04 1.077613E-04 7.307175E-05 3.767956E-05 1.780194E-05
228 9.058929E+01 5.178571E-01 2.504752E+00 6.631914E-03 7.187424E-03 7.766435E-03 7.824325E-03 1.270947E-04 1.056522E-04 7.164159E-05 3.694210E-05 1.745352E-05
229 9.110714E+01 5.178571E-01 2.504752E+00 6.498858E-03 7.043223E-03 7.610617E-03 7.667345E-03 1.245448E-04 1.035325E-04 7.020425E-05 3.620093E-05 1.710335E-05
230 9.162500E+01 5.178571E-01 2.504752E+00 6.365374E-03 6.898558E-03 7.454298E-03 7.509862E-03 1.219867E-04 1.014060E-04 6.876229E-05 3.545738E-05 1.675206E-05
231 9.214286E+01 5.178571E-01 2.504752E+00 6.231691E-03 6.753678E-03 7.297747E-03 7.352143E-03 1.194248E-04 9.927627E-05 6.731817E-05 3.471272E-05 1.640024E-05
232 9.266071E+01 5.178571E-01 2.504752E+00 6.098027E-03 6.608817E-03 7.141216E-03 7.194445E-03 1.168632E-04 9.714687E-05 6.587425E-05 3.396816E-05 1.604847E-05
233 9.317857E+01 5.178571E-01 2.504752E+00 5.964586E-03 6.464199E-03 6.984948E-03 7.037013E-03 1.143059E-04 9.502105E-05 6.443275E-05 3.322485E-05 1.569729E-05
234 9.369643E+01 5.178571E-01 2.504752E+00 5.831566E-03 6.320037E-03 6.829172E-03 6.880075E-03 1.117567E-04 9.290192E-05 6.299580E-05 3.248388E-05 1.534721E-05
235 9.421429E+01 5.178571E-01 2.504752E+00 5.699151E-03 6.176530E-03 6.674104E-03 6.723852E-03 1.092191E-04 9.079243E-05 6.156537E-05 3.174628E-05 1.499873E-05
236 9.473214E+01 5.178571E-01 2.504752E+00 5.567514E-03 6.033866E-03 6.519948E-03 6.568547E-03 1.066964E-04 8.869534E-05 6.014336E-05 3.101301E-05 1.465229E-05
237 9.525000E+01 5.178571E-01 2.504752E+00 5.436817E-03 5.892222E-03 6.366893E-03 6.414351E-03 1.041917E-04 8.661323E-05 5.873150E-05 3.028499E-05 1.430833E-05
238 9.576786E+01 5.178571E-01 2.504752E+00 5.307212E-03 5.751761E-03 6.215117E-03 6.261443E-03 1.017079E-04 8.454851E-05 5.733144E-05 2.956304E-05 1.396724E-05
239 9.628571E+01 5.178571E-01 2.504752E+00 5.178839E-03 5.612635E-03 6.064783E-03 6.109989E-03 9.924779E-05 8.250342E-05 5.594468E-05 2.884796E-05 1.362940E-05
240 9.680357E+01 5.178571E-01 2.504752E+00 5.051828E-03 5.474985E-03 5.916044E-03 5.960141E-03 9.681373E-05 8.048002E-05 5.457264E-05 2.814046E-05 1.329514E-05
241 9.732143E+01 5.178571E-01 2.504752E+00 4.926297E-03 5.338939E-03 5.769038E-03 5.812040E-03 9.440805E-05 7.848020E-05 5.321658E-05 2.744121E-05 1.296477E-05
242 9.783929E+01 5.178571E-01 2.504752E+00 4.802355E-03 5.204616E-03 5.623894E-03 5.665814E-03 9.203281E-05 7.650570E-05 5.187769E-05 2.675081E-05 1.263859E-05
243 9.835714E+01 5.178571E-01 2.504752E+00 4.680101E-03 5.072121E-03 5.480725E-03 5.521578E-03 8.968992E-05 7.455808E-05 5.055703E-05 2.606981E-05 1.231684E-05
244 9.887500E+01 5.178571E-01 2.504752E+00 4.559623E-03 4.941551E-03 5.339637E-03 5.379438E-03 8.738106E-05 7.263876E-05 4.925556E-05 2.539871E-05 1.199978E-05
245 9.939286E+01 5.178571E-01 2.504752E+00 4.441001E-03 4.812993E-03 5.200722E-03 5.239488E-03 8.510777E-05 7.074900E-05 4.797414E-05 2.473794E-05 1.168759E-05
246 9.991071E+01 5.178571E-01 2.504752E+00 4.324304E-03 4.686522E-03 5.064063E-03 5.101810E-03 8.287140E-05 6.888993E-05 4.671353E-05 2.408790E-05 1.138048E-05
247 1.004286E+02 5.178571E-01 2.504752E+00 4.209596E-03 4.562206E-03 4.929732E-03 4.966477E-03 8.067312E-05 6.706253E-05 4.547438E-05 2.344894E-05 1.107859E-05
248 1.009464E+02 5.178571E-01 2.504752E+00 4.096930E-03 4.440102E-03 4.797791E-03 4.833553E-03 7.851397E-05 6.526766E-05 4.425730E-05 2.282134E-05 1.078208E-05
249 1.014643E+02 5.178571E-01 2.504752E+00 3.986350E-03 4.320259E-03 4.668295E-03 4.703092E-03 7.639481E-05 6.350603E-05 4.306275E-05 2.220538E-05 1.049107E-05
250 1.019821E+02 5.178571E-01 2.504752E+00 3.877896E-03 4.202721E-03 4.541287E-03 4.575137E-03 7.431638E-05 6.177825E-05 4.189117E-05 2.160125E-05 1.020564E-05
251 1.025000E+02 5.178571E-01 2.504752E+00 3.771598E-03 4.087519E-03 4.416805E-03 4.449727E-03 7.227927E-05 6.008483E-05 4.074288E-05 2.100913E-05 9.925893E-06
252 1.030179E+02 5.178571E-01 2.504752E+00 3.667480E-03 3.974680E-03 4.294876E-03 4.326889E-03 7.028396E-05 5.842616E-05 3.961815E-05 2.042916E-05 9.651883E-06
253 1.035357E+02 5.178571E-01 2.504752E+00 3.565562E-03 3.864225E-03 4.175523E-03 4.206646E-03 6.833079E-05 5.680251E-05 3.851717E-05 1.986144E-05 9.383660E-06
254 1.040536E+02 5.178571E-01 2.504752E+00 3.465855E-03 3.756166E-03 4.058759E-03 4.089012E-03 6.642000E-05 5.521409E-05 3.744008E-05 1.930604E-05 9.121256E-06
255 1.045714E+02 5.178571E-01 2.504752E+00 3.368367E-03 3.650512E-03 3.944593E-03 3.973996E-03 6.455171E-05 5.366101E-05 3.638696E-05 1.876299E-05 8.864691E-06
256 1.050893E+02 5.178571E-01 2.504752E+00 3.273098E-03 3.547263E-03 3.833027E-03 3.861598E-03 6.272598E-05 5.214330E-05 3.535781E-05 1.823231E-05 8.613968E-06
257 1.056071E+02 5.178571E-01 2.504752E+00 3.180047E-03 3.446418E-03 3.724057E-03 3.751816E-03 6.094273E-05 5.066091E-05 3.435262E-05 1.771398E-05 8.369080E-06
258 1.061250E+02 5.178571E-01 2.504752E+00 3.089205E-03 3.347967E-03 3.617675E-03 3.644641E-03 5.920184E-05 4.921373E-05 3.337130E-05 1.720796E-05 8.130008E-06
259 1.066429E+02 5.178571E-01 2.504752E+00 3.000562E-03 3.251899E-03 3.513868E-03 3.540060E-03 5.750307E-05 4.780157E-05 3.241373E-05 1.671419E-05 7.896722E-06
260 1.071607E+02 5.178571E-01 2.504752E+00 2.914103E-03 3.158197E-03 3.412618E-03 3.438055E-03 5.584616E-05 4.642420E-05 3.147975E-05 1.623258E-05 7.669183E-06
261 1.076786E+02 5.178571E-01 2.504752E+00 2.829809E-03 3.066843E-03 3.313904E-03 3.338605E-03 5.423074E-05 4.508132E-05 3.056916E-05 1.576303E-05 7.447342E-06
262 1.081964E+02 5.178571E-01 2.504752E+00 2.747659E-03 2.977811E-03 3.217700E-03 3.241685E-03 5.265640E-05 4.377260E-05 2.968173E-05 1.530543E-05 7.231144E-06
263 1.087143E+02 5.178571E-01 2.504752E+00 2.667628E-03 2.891078E-03 3.123980E-03 3.147265E-03 5.112270E-05 4.249764E-05 2.881720E-05 1.485963E-05 7.020525E-06
264 1.092321E+02 5.178571E-01 2.504752E+00 2.589692E-03 2.806612E-03 3.032710E-03 3.055315E-03 4.962911E-05 4.125604E-05 2.797528E-05 1.442550E-05 6.815415E-06
265 1.097500E+02 5.178571E-01 2.504752E+00 2.513819E-03 2.724385E-03 2.943858E-03 2.965801E-03 4.817508E-05 4.004733E-05 2.715566E-05 1.400286E-05 6.615738E-06
266 1.102679E+02 5.178571E-01 2.504752E+00 2.439981E-03 2.644361E-03 2.857388E-03 2.878687E-03 4.676003E-05 3.887102E-05 2.635802E-05 1.359155E-05 6.421413E-06
267 1.107857E+02 5.178571E-01 2.504752E+00 2.368144E-03 2.566507E-03 2.773262E-03 2.793933E-03 4.538334E-05 3.772659E-05 2.558199E-05 1.319139E-05 6.232356E-06
268 1.113036E+02 5.178571E-01 2.504752E+00 2.298274E-03 2.490785E-03 2.691439E-03 2.711501E-03 4.404435E-05 3.661350E-05 2.482722E-05 1.280220E-05 6.048477E-06
269 1.118214E+02 5.178571E-01 2.504752E+00 2.230336E-03 2.417157E-03 2.611880E-03 2.631349E-03 4.274239E-05 3.553120E-05 2.409333E-05 1.242376E-05 5.869683E-06
270 1.123393E+02 5.178571E-01 2.504752E+00 2.164295E-03 2.345583E-03 2.534541E-03 2.553433E-03 4.147676E-05 3.447910E-05 2.337991E-05 1.205589E-05 5.695878E-06
271 1.128571E+02 5.178571E-01 2.504752E+00 2.100112E-03 2.276024E-03 2.459378E-03 2.477710E-03 4.024676E-05 3.345662E-05 2.268657E-05 1.169837E-05 5.526965E-06
272 1.133750E+02 5.178571E-01 2.504752E+00 2.037750E-03 2.208439E-03 2.386348E-03 2.404136E-03 3.905165E-05 3.246313E-05 2.201290E-05 1.135099E-05 5.362844E-06
273 1.138929E+02 5.178571E-01 2.504752E+00 1.977170E-03 2.142784E-03 2.315405E-03 2.332664E-03 3.789069E-05 3.149805E-05 2.135849E-05 1.101354E-05 5.203413E-06
274 1.144107E+02 5.178571E-01 2.504752E+00 1.918334E-03 2.079020E-03 2.246503E-03 2.263248E-03 3.676314E-05 3.056073E-05 2.072290E-05 1.068580E-05 5.048570E-06
275 1.149286E+02 5.178571E-01 2.504752E+00 1.861201E-03 2.017101E-03 2.179597E-03 2.195843E-03 3.566824E-05 2.965055E-05 2.010572E-05 1.036755E-05 4.898211E-06
276 1.154464E+02 5.178571E-01 2.504752E+00 1.805733E-03 1.956987E-03 2.114639E-03 2.130402E-03 3.460524E-05 2.876690E-05 1.950652E-05 1.005857E-05 4.752233E-06
277 1.159643E+02 5.178571E-01 2.504752E+00 1.751889E-03 1.898633E-03 2.051585E-03 2.066877E-03 3.357338E-05 2.790912E-05 1.892488E-05 9.758642E-06 4.610531E-06
278 1.164821E+02 5.178571E-01 2.504752E+00 1.699632E-03 1.841998E-03 1.990387E-03 2.005223E-03 3.257191E-05 2.707661E-05 1.836036E-05 9.467547E-06 4.473001E-06
279 1.170000E+02 5.178571E-01 2.504752E+00 1.648920E-03 1.787038E-03 1.931000E-03 1.945394E-03 3.160006E-05 2.626872E-05 1.781254E-05 9.185063E-06 4.339540E-06
280 1.175179E+02 5.178571E-01 2.504752E+00 1.599714E-03 1.733711E-03 1.873377E-03 1.887341E-03 3.065708E-05 2.548484E-05 1.728100E-05 8.910973E-06 4.210044E-06
281 1.180357E+02 5.178571E-01 2.504752E+00 1.551977E-03 1.681976E-03 1.817474E-03 1.831021E-03 2.974224E-05 2.472435E-05 1.676531E-05 8.645059E-06 4.084412E-06
282 1.185536E+02 5.178571E-01 2.504752E+00 1.505669E-03 1.631789E-03 1.763244E-03 1.776387E-03 2.885479E-05 2.398662E-05 1.626507E-05 8.387108E-06 3.962541E-06
283 1.190714E+02 5.178571E-01 2.504752E+00 1.460752E-03 1.583110E-03 1.710643E-03 1.723394E-03 2.799400E-05 2.327106E-05 1.577985E-05 8.136906E-06 3.844332E-06
284 1.195893E+02 5.178571E-01 2.504752E+00 1.417189E-03 1.535898E-03 1.659628E-03 1.671998E-03 2.715916E-05 2.257706E-05 1.530926E-05 7.894244E-06 3.729684E-06
285 1.201071E+02 5.178571E-01 2.504752E+00 1.374943E-03 1.490112E-03 1.610154E-03 1.622156E-03 2.634953E-05 2.190403E-05 1.485289E-05 7.658915E-06 3.618502E-06
286 1.206250E+02 5.178571E-01 2.504752E+00 1.333976E-03 1.445714E-03 1.562179E-03 1.573823E-03 2.556444E-05 2.125139E-05 1.441034E-05 7.430715E-06 3.510687E-06
287 1.211429E+02 5.178571E-01 2.504752E+00 1.294253E-03 1.402663E-03 1.515660E-03 1.526958E-03 2.480319E-05 2.061857E-05 1.398123E-05 7.209444E-06 3.406146E-06
288 1.216607E+02 5.178571E-01 2.504752E+00 1.255738E-03 1.360923E-03 1.470557E-03 1.481519E-03 2.406509E-05 2.000500E-05 1.356518E-05 6.994905E-06 3.304786E-06
289 1.221786E+02 5.178571E-01 2.504752E+00 1.218398E-03 1.320454E-03 1.426829E-03 1.437464E-03 2.334949E-05 1.941013E-05 1.316180E-05 6.786904E-06 3.206515E-06
290 1.226964E+02 5.178571E-01 2.504752E+00 1.182197E-03 1.281221E-03 1.384435E-03 1.394755E-03 2.265574E-05 1.883342E-05 1.277074E-05 6.585253E-06 3.111244E-06
291 1.232143E+02 5.178571E-01 2.504752E+00 1.147103E-03 1.243188E-03 1.343337E-03 1.353350E-03 2.198319E-05 1.827434E-05 1.239164E-05 6.389766E-06 3.018884E-06
292 1.237321E+02 5.178571E-01 2.504752E+00 1.113082E-03 1.206317E-03 1.303497E-03 1.313213E-03 2.133122E-05 1.773237E-05 1.202413E-05 6.200260E-06 2.929351E-06
293 1.242500E+02 5.178571E-01 2.504752E+00 1.080104E-03 1.170577E-03 1.264877E-03 1.274305E-03 2.069922E-05 1.720699E-05 1.166788E-05 6.016559E-06 2.842561E-06
294 1.247679E+02 5.178571E-01 2.504752E+00 1.048136E-03 1.135932E-03 1.227441E-03 1.236590E-03 2.008659E-05 1.669772E-05 1.132255E-05 5.838489E-06 2.758430E-06
295 1.252857E+02 5.178571E-01 2.504752E+00 1.017149E-03 1.102349E-03 1.191153E-03 1.200032E-03 1.949275E-05 1.620407E-05 1.098781E-05 5.665880E-06 2.676880E-06
296 1.258036E+02 5.178571E-01 2.504752E+00 9.871130E-04 1.069797E-03 1.155978E-03 1.164595E-03 1.891713E-05 1.572557E-05 1.066334E-05 5.498568E-06 2.597832E-06
297 1.263214E+02 5.178571E-01 2.504752E+00 9.579987E-04 1.038244E-03 1.121883E-03 1.130246E-03 1.835918E-05 1.526175E-05 1.034883E-05 5.336390E-06 2.521211E-06
298 1.268393E+02 5.178571E-01 2.504752E+00 9.297780E-04 1.007659E-03 1.088835E-03 1.096951E-03 1.781836E-05 1.481217E-05 1.004398E-05 5.179191E-06 2.446941E-06
299 1.273571E+02 5.178571E-01 2.504752E+00 9.024236E-04 9.780134E-04 1.056801E-03 1.064678E-03 1.729413E-05 1.437639E-05 9.748478E-06 5.026817E-06 2.374951E-06
300 1.278750E+02 5.178571E-01 2.504752E+00 8.759086E-04 9.492775E-04 1.025750E-03 1.033396E-03 1.678600E-05 1.395399E-05 9.462049E-06 4.879120E-06 2.305170E-06
301 1.283929E+02 5.178571E-01 2.504752E+00 8.502072E-04 9.214233E-04 9.956521E-04 1.003074E-03 1.629346E-05 1.354454E-05 9.184408E-06 4.735954E-06 2.237531E-06
302 1.289107E+02 5.178571E-01 2.504752E+00 8.252941E-04 8.944234E-04 9.664771E-04 9.736811E-04 1.581602E-05 1.314765E-05 8.915283E-06 4.597179E-06 2.171966E-06
303 1.294286E+02 5.178571E-01 2.504752E+00 8.011446E-04 8.682511E-04 9.381964E-04 9.451896E-04 1.535322E-05 1.276293E-05 8.654407E-06 4.462658E-06 2.108410E-06
304 1.299464E+02 5.178571E-01 2.504752E+00 7.777350E-04 8.428806E-04 9.107821E-04 9.175710E-04 1.490459E-05 1.239000E-05 8.401523E-06 4.332258E-06 2.046802E-06
305 1.304643E+02 5.178571E-01 2.504752E+00 7.550420E-04 8.182868E-04 8.842070E-04 8.907978E-04 1.446970E-05 1.202848E-05 8.156381E-06 4.205850E-06 1.987080E-06
306 1.309821E+02 5.178571E-01 2.504752E+00 7.330432E-04 7.944452E-04 8.584448E-04 8.648436E-04 1.404811E-05 1.167802E-05 7.918737E-06 4.083309E-06 1.929185E-06
307 1.315000E+02 5.178571E-01 2.504752E+00 7.117167E-04 7.713323E-04 8.334700E-04 8.396826E-04 1.363941E-05 1.133827E-05 7.688356E-06 3.964513E-06 1.873059E-06
308 1.320179E+02 5.178571E-01 2.504752E+00 6.910412E-04 7.489250E-04 8.092576E-04 8.152897E-04 1.324318E-05 1.100889E-05 7.465009E-06 3.849343E-06 1.818646E-06
309 1.325357E+02 5.178571E-01 2.504752E+00 6.709964E-04 7.272012E-04 7.857837E-04 7.916408E-04 1.285904E-05 1.068956E-05 7.248473E-06 3.737686E-06 1.765893E-06
310 1.330536E+02 5.178571E-01 2.504752E+00 6.515622E-04 7.061391E-04 7.630249E-04 7.687124E-04 1.248660E-05 1.037995E-05 7.038534E-06 3.629431E-06 1.714747E-06
311 1.335714E+02 5.178571E-01 2.504752E+00 6.327193E-04 6.857179E-04 7.409585E-04 7.464815E-04 1.212550E-05 1.007977E-05 6.834983E-06 3.524469E-06 1.665157E-06
312 1.340893E+02 5.178571E-01 2.504752E+00 6.144490E-04 6.659172E-04 7.195628E-04 7.249263E-04 1.177536E-05 9.788708E-06 6.637618E-06 3.422698E-06 1.617075E-06
313 1.346071E+02 5.178571E-01 2.504752E+00 5.967332E-04 6.467175E-04 6.988163E-04 7.040252E-04 1.143585E-05 9.506480E-06 6.446242E-06 3.324014E-06 1.570451E-06
314 1.351250E+02 5.178571E-01 2.504752E+00 5.795543E-04 6.280996E-04 6.786986E-04 6.837576E-04 1.110664E-05 9.232805E-06 6.260666E-06 3.228322E-06 1.525241E-06
315 1.356429E+02 5.178571E-01 2.504752E+00 5.628953E-04 6.100452E-04 6.591898E-04 6.641033E-04 1.078738E-05 8.967412E-06 6.080706E-06 3.135525E-06 1.481398E-06
316 1.361607E+02 5.178571E-01 2.504752E+00 5.467397E-04 5.925363E-04 6.402704E-04 6.450429E-04 1.047777E-05 8.710039E-06 5.906184E-06 3.045533E-06 1.438881E-06
317 1.366786E+02 5.178571E-01 2.504752E+00 5.310715E-04 5.755558E-04 6.219219E-04 6.265576E-04 1.017751E-05 8.460432E-06 5.736928E-06 2.958256E-06 1.397646E-06
318 1.371964E+02 5.178571E-01 2.504752E+00 5.158754E-04 5.590867E-04 6.041261E-04 6.086292E-04 9.886287E-06 8.218344E-06 5.572771E-06 2.873608E-06 1.357654E-06
319 1.377143E+02 5.178571E-01 2.504752E+00 5.011362E-04 5.431130E-04 5.868656E-04 5.912400E-04 9.603825E-06 7.983537E-06 5.413551E-06 2.791506E-06 1.318864E-06
320 1.382321E+02 5.178571E-01 2.504752E+00 4.868397E-04 5.276190E-04 5.701233E-04 5.743730E-04 9.329844E-06 7.755780E-06 5.259111E-06 2.711869E-06 1.281239E-06
321 1.387500E+02 5.178571E-01 2.504752E+00 4.729717E-04 5.125894E-04 5.538830E-04 5.580116E-04 9.064077E-06 7.534852E-06 5.109302E-06 2.634619E-06 1.244742E-06
322 1.392679E+02 5.178571E-01 2.504752E+00 4.595188E-04 4.980096E-04 5.381286E-04 5.421398E-04 8.806264E-06 7.320535E-06 4.963976E-06 2.559682E-06 1.209337E-06
323 1.397857E+02 5.178571E-01 2.504752E+00 4.464678E-04 4.838653E-04 5.228450E-04 5.267422E-04 8.556153E-06 7.112620E-06 4.822991E-06 2.486983E-06 1.174990E-06
324 1.403036E+02 5.178571E-01 2.504752E+00 4.338060E-04 4.701429E-04 5.080171E-04 5.118038E-04 8.313501E-06 6.910907E-06 4.686212E-06 2.416452E-06 1.141668E-06
325 1.408214E+02 5.178571E-01 2.504752E+00 4.215211E-04 4.568291E-04 4.936307E-04 4.973102E-04 8.078072E-06 6.715198E-06 4.553504E-06 2.348021E-06 1.109337E-06
326 1.413393E+02 5.178571E-01 2.504752E+00 4.096014E-04 4.439109E-04 4.796718E-04 4.832472E-04 7.849641E-06 6.525306E-06 4.424740E-06 2.281624E-06 1.077967E-06
327 1.418571E+02 5.178571E-01 2.504752E+00 3.980352E-04 4.313759E-04 4.661270E-04 4.696015E-04 7.627986E-06 6.341047E-06 4.299796E-06 2.217196E-06 1.047528E-06
328 1.423750E+02 5.178571E-01 2.504752E+00 3.868115E-04 4.192121E-04 4.529834E-04 4.563598E-04 7.412895E-06 6.162244E-06 4.178552E-06 2.154677E-06 1.017990E-06
329 1.428929E+02 5.178571E-01 2.504752E+00 3.759196E-04 4.074079E-04 4.402282E-04 4.435096E-04 7.204161E-06 5.988727E-06 4.060891E-06 2.094005E-06 9.893256E-07
330 1.434107E+02 5.178571E-01 2.504752E+00 3.653491E-04 3.959519E-04 4.278493E-04 4.310385E-04 7.001586E-06 5.820329E-06 3.946703E-06 2.035123E-06 9.615066E-07
331 1.439286E+02 5.178571E-01 2.504752E+00 3.550899E-04 3.848333E-04 4.158351E-04 4.189346E-04 6.804977E-06 5.656891E-06 3.835877E-06 1.977976E-06 9.345069E-07
332 1.444464E+02 5.178571E-01 2.504752E+00 3.451322E-04 3.740416E-04 4.041740E-04 4.071866E-04 6.614148E-06 5.498257E-06 3.728309E-06 1.922508E-06 9.083009E-07
333 1.449643E+02 5.178571E-01 2.504752E+00 3.354668E-04 3.635666E-04 3.928551E-04 3.957834E-04 6.428919E-06 5.344278E-06 3.623898E-06 1.868668E-06 8.828639E-07
334 1.454821E+02 5.178571E-01 2.504752E+00 3.260845E-04 3.533983E-04 3.818677E-04 3.847141E-04 6.249115E-06 5.194810E-06 3.522545E-06 1.816405E-06 8.581720E-07
335 1.460000E+02 5.178571E-01 2.504752E+00 3.169765E-04 3.435274E-04 3.712016E-04 3.739685E-04 6.074568E-06 5.049711E-06 3.424155E-06 1.765671E-06 8.342020E-07
336 1.465179E+02 5.178571E-01 2.504752E+00 3.081343E-04 3.339446E-04 3.608468E-04 3.635365E-04 5.905116E-06 4.908847E-06 3.328637E-06 1.716417E-06 8.109316E-07
337 1.470357E+02 5.178571E-01 2.504752E+00 2.995497E-04 3.246409E-04 3.507936E-04 3.534084E-04 5.740599E-06 4.772087E-06 3.235901E-06 1.668597E-06 7.883391E-07
338 1.475536E+02 5.178571E-01 2.504752E+00 2.912147E-04 3.156077E-04 3.410327E-04 3.435748E-04 5.580867E-06 4.639303E-06 3.145862E-06 1.622168E-06 7.664035E-07
339 1.480714E+02 5.178571E-01 2.504752E+00 2.831216E-04 3.068368E-04 3.315552E-04 3.340266E-04 5.425771E-06 4.510374E-06 3.058436E-06 1.577087E-06 7.451047E-07
340 1.485893E+02 5.178571E-01 2.504752E+00 2.752631E-04 2.983200E-04 3.223523E-04 3.247551E-04 5.275169E-06 4.385181E-06 2.973544E-06 1.533312E-06 7.244230E-07
341 1.491071E+02 5.178571E-01 2.504752E+00 2.676318E-04 2.900495E-04 3.134156E-04 3.157518E-04 5.128923E-06 4.263608E-06 2.891107E-06 1.490804E-06 7.043394E-07
342 1.496250E+02 5.178571E-01 2.504752E+00 2.602209E-04 2.820178E-04 3.047369E-04 3.070084E-04 4.986899E-06 4.145546E-06 2.811050E-06 1.449522E-06 6.848358E-07
343 1.501429E+02 5.178571E-01 2.504752E+00 2.530236E-04 2.742177E-04 2.963083E-04 2.985170E-04 4.848969E-06 4.030886E-06 2.733301E-06 1.409431E-06 6.658942E-07
344 1.506607E+02 5.178571E-01 2.504752E+00 2.460333E-04 2.666419E-04 2.881223E-04 2.902699E-04 4.715007E-06 3.919525E-06 2.657788E-06 1.370492E-06 6.474977E-07
345 1.511786E+02 5.178571E-01 2.504752E+00 2.392439E-04 2.592837E-04 2.801713E-04 2.822597E-04 4.584893E-06 3.811363E-06 2.584445E-06 1.332673E-06 6.296295E-07
346 1.516964E+02 5.178571E-01 2.504752E+00 2.326491E-04 2.521365E-04 2.724483E-04 2.744791E-04 4.458510E-06 3.706302E-06 2.513204E-06 1.295937E-06 6.122737E-07
347 1.522143E+02 5.178571E-01 2.504752E+00 2.262431E-04 2.451939E-04 2.649464E-04 2.669213E-04 4.335744E-06 3.604249E-06 2.444003E-06 1.260254E-06 5.954146E-07
348 1.527321E+02 5.178571E-01 2.504752E+00 2.200201E-04 2.384497E-04 2.576589E-04 2.595795E-04 4.216487E-06 3.505112E-06 2.376779E-06 1.225590E-06 5.790374E-07
349 1.532500E+02 5.178571E-01 2.504752E+00 2.139747E-04 2.318979E-04 2.505793E-04 2.524471E-04 4.100632E-06 3.408803E-06 2.311473E-06 1.191914E-06 5.631273E-07
350 1.537679E+02 5.178571E-01 2.504752E+00 2.081014E-04 2.255327E-04 2.437013E-04 2.455179E-04 3.988077E-06 3.315237E-06 2.248027E-06 1.159198E-06 5.476704E-07
351 1.542857E+02 5.178571E-01 2.504752E+00 2.023952E-04 2.193485E-04 2.370189E-04 2.387857E-04 3.878722E-06 3.224332E-06 2.186385E-06 1.127413E-06 5.326531E-07
352 1.548036E+02 5.178571E-01 2.504752E+00 1.968510E-04 2.133398E-04 2.305263E-04 2.322446E-04 3.772472E-06 3.136007E-06 2.126493E-06 1.096529E-06 5.180621E-07
353 1.553214E+02 5.178571E-01 2.504752E+00 1.914639E-04 2.075015E-04 2.242176E-04 2.258889E-04 3.669233E-06 3.050187E-06 2.068299E-06 1.066521E-06 5.038847E-07
354 1.558393E+02 5.178571E-01 2.504752E+00 1.862293E-04 2.018284E-04 2.180875E-04 2.197131E-04 3.568917E-06 2.966795E-06 2.011752E-06 1.037363E-06 4.901085E-07
355 1.563571E+02 5.178571E-01 2.504752E+00 1.811426E-04 1.963157E-04 2.121306E-04 2.137118E-04 3.471435E-06 2.885759E-06 1.956802E-06 1.009028E-06 4.767216E-07
356 1.568750E+02 5.178571E-01 2.504752E+00 1.761994E-04 1.909584E-04 2.063418E-04 2.078799E-04 3.376703E-06 2.807010E-06 1.903403E-06 9.814928E-07 4.637124E-07
357 1.573929E+02 5.178571E-01 2.504752E+00 1.713955E-04 1.857521E-04 2.007161E-04 2.022122E-04 3.284640E-06 2.730479E-06 1.851509E-06 9.547333E-07 4.510696E-07
358 1.579107E+02 5.178571E-01 2.504752E+00 1.667267E-04 1.806923E-04 1.952486E-04 1.967040E-04 3.195167E-06 2.656101E-06 1.801074E-06 9.287265E-07 4.387826E-07
359 1.584286E+02 5.178571E-01 2.504752E+00 1.621890E-04 1.757745E-04 1.899347E-04 1.913505E-04 3.108207E-06 2.583813E-06 1.752056E-06 9.034502E-07 4.268406E-07
360 1.589464E+02 5.178571E-01 2.504752E+00 1.577787E-04 1.709947E-04 1.847699E-04 1.861471E-04 3.023686E-06 2.513552E-06 1.704412E-06 8.788828E-07 4.152336E-07
361 1.594643E+02 5.178571E-01 2.504752E+00 1.534918E-04 1.663488E-04 1.797497E-04 1.810895E-04 2.941532E-06 2.445258E-06 1.658103E-06 8.550035E-07 4.039517E-07
362 1.599821E+02 5.178571E-01 2.504752E+00 1.493249E-04 1.618328E-04 1.748699E-04 1.761733E-04 2.861677E-06 2.378875E-06 1.613090E-06 8.317922E-07 3.929854E-07
363 1.605000E+02 5.178571E-01 2.504752E+00 1.452743E-04 1.574430E-04 1.701264E-04 1.713945E-04 2.784051E-06 2.314346E-06 1.569333E-06 8.092291E-07 3.823253E-07
364 1.610179E+02 5.178571E-01 2.504752E+00 1.413367E-04 1.531755E-04 1.655152E-04 1.667489E-04 2.708591E-06 2.251617E-06 1.526797E-06 7.872954E-07 3.719626E-07
365 1.615357E+02 5.178571E-01 2.504752E+00 1.375088E-04 1.490270E-04 1.610325E-04 1.622328E-04 2.635233E-06 2.190636E-06 1.485446E-06 7.659727E-07 3.618886E-07
366 1.620536E+02 5.178571E-01 2.504752E+00 1.337874E-04 1.449939E-04 1.566744E-04 1.578423E-04 2.563916E-06 2.131350E-06 1.445246E-06 7.452432E-07 3.520948E-07
367 1.625714E+02 5.178571E-01 2.504752E+00 1.301694E-04 1.410728E-04 1.524375E-04 1.535738E-04 2.494580E-06 2.073712E-06 1.406162E-06 7.250896E-07 3.425731E-07
368 1.630893E+02 5.178571E-01 2.504752E+00 1.266518E-04 1.372606E-04 1.483181E-04 1.494237E-04 2.427168E-06 2.017674E-06 1.368163E-06 7.054953E-07 3.333156E-07
369 1.636071E+02 5.178571E-01 2.504752E+00 1.232317E-04 1.335540E-04 1.443129E-04 1.453886E-04 2.361624E-06 1.963188E-06 1.331217E-06 6.864440E-07 3.243147E-07
370 1.641250E+02 5.178571E-01 2.504752E+00 1.199062E-04 1.299500E-04 1.404186E-04 1.414653E-04 2.297895E-06 1.910211E-06 1.295293E-06 6.679200E-07 3.155630E-07
371 1.646429E+02 5.178571E-01 2.504752E+00 1.166727E-04 1.264456E-04 1.366319E-04 1.376504E-04 2.235928E-06 1.858698E-06 1.260363E-06 6.499082E-07 3.070532E-07
372 1.651607E+02 5.178571E-01 2.504752E+00 1.135285E-04 1.230380E-04 1.329498E-04 1.339408E-04 2.175671E-06 1.808608E-06 1.226398E-06 6.323938E-07 2.987784E-07
373 1.656786E+02 5.178571E-01 2.504752E+00 1.104710E-04 1.197244E-04 1.293693E-04 1.303336E-04 2.117077E-06 1.759899E-06 1.193369E-06 6.153624E-07 2.907318E-07
374 1.661964E+02 5.178571E-01 2.504752E+00 1.074977E-04 1.165021E-04 1.258874E-04 1.268257E-04 2.060097E-06 1.712533E-06 1.161250E-06 5.988003E-07 2.829069E-07
375 1.667143E+02 5.178571E-01 2.504752E+00 1.046063E-04 1.133685E-04 1.225013E-04 1.234144E-04 2.004686E-06 1.666469E-06 1.130015E-06 5.826940E-07 2.752974E-07
376 1.672321E+02 5.178571E-01 2.504752E+00 1.017944E-04 1.103210E-04 1.192083E-04 1.200969E-04 1.950797E-06 1.621673E-06 1.099639E-06 5.670304E-07 2.678970E-07
377 1.677500E+02 5.178571E-01 2.504752E+00 9.905962E-05 1.073572E-04 1.160057E-04 1.168704E-04 1.898388E-06 1.578106E-06 1.070097E-06 5.517970E-07 2.606999E-07
378 1.682679E+02 5.178571E-01 2.504752E+00 9.639991E-05 1.044747E-04 1.128910E-04 1.137325E-04 1.847417E-06 1.535735E-06 1.041365E-06 5.369815E-07 2.537002E-07
379 1.687857E+02 5.178571E-01 2.504752E+00 9.381309E-05 1.016712E-04 1.098617E-04 1.106806E-04 1.797843E-06 1.494524E-06 1.013421E-06 5.225720E-07 2.468924E-07
380 1.693036E+02 5.178571E-01 2.504752E+00 9.129708E-05 9.894441E-05 1.069153E-04 1.077122E-04 1.749626E-06 1.454442E-06 9.862414E-07 5.085569E-07 2.402709E-07
381 1.698214E+02 5.178571E-01 2.504752E+00 8.884988E-05 9.629222E-05 1.040494E-04 1.048250E-04 1.702728E-06 1.415456E-06 9.598054E-07 4.949251E-07 2.338304E-07
382 1.703393E+02 5.178571E-01 2.504752E+00 8.646954E-05 9.371250E-05 1.012619E-04 1.020167E-04 1.657111E-06 1.377535E-06 9.340917E-07 4.816658E-07 2.275660E-07
383 1.708571E+02 5.178571E-01 2.504752E+00 8.415417E-05 9.120320E-05 9.855042E-05 9.928501E-05 1.612739E-06 1.340649E-06 9.090799E-07 4.687684E-07 2.214725E-07
384 1.713750E+02 5.178571E-01 2.504752E+00 8.190195E-05 8.876232E-05 9.591291E-05 9.662784E-05 1.569577E-06 1.304769E-06 8.847501E-07 4.562228E-07 2.155453E-07
385 1.718929E+02 5.178571E-01 2.504752E+00 7.971109E-05 8.638795E-05 9.334727E-05 9.404306E-05 1.527591E-06 1.269867E-06 8.610833E-07 4.440189E-07 2.097795E-07
386 1.724107E+02 5.178571E-01 2.504752E+00 7.757987E-05 8.407821E-05 9.085146E-05 9.152865E-05 1.486748E-06 1.235915E-06 8.380606E-07 4.321472E-07 2.041706E-07
387 1.729286E+02 5.178571E-01 2.504752E+00 7.550662E-05 8.183129E-05 8.842353E-05 8.908263E-05 1.447016E-06 1.202886E-06 8.156642E-07 4.205985E-07 1.987144E-07
388 1.734464E+02 5.178571E-01 2.504752E+00 7.348970E-05 7.964543E-05 8.606158E-05 8.670307E-05 1.408364E-06 1.170755E-06 7.938763E-07 4.093635E-07 1.934063E-07
389 1.739643E+02 5.178571E-01 2.504752E+00 7.152754E-05 7.751892E-05 8.376376E-05 8.438812E-05 1.370761E-06 1.139496E-06 7.726800E-07 3.984336E-07 1.882424E-07
390 1.744821E+02 5.178571E-01 2.504752E+00 6.961862E-05 7.545010E-05 8.152827E-05 8.213597E-05 1.334178E-06 1.109085E-06 7.520588E-07 3.878003E-07 1.832186E-07
391 1.750000E+02 5.178571E-01 2.504752E+00 6.776144E-05 7.343735E-05 7.935339E-05 7.994488E-05 1.298587E-06 1.079499E-06 7.319965E-07 3.774551E-07 1.783310E-07
392 1.755179E+02 5.178571E-01 2.504752E+00 6.595457E-05 7.147913E-05 7.723741E-05 7.781313E-05 1.263960E-06 1.050714E-06 7.124776E-07 3.673902E-07 1.735758E-07
393 1.760357E+02 5.178571E-01 2.504752E+00 6.419659E-05 6.957390E-05 7.517870E-05 7.573907E-05 1.230270E-06 1.022708E-06 6.934870E-07 3.575977E-07 1.689492E-07
394 1.765536E+02 5.178571E-01 2.504752E+00 6.248616E-05 6.772020E-05 7.317567E-05 7.372111E-05 1.197491E-06 9.954590E-07 6.750100E-07 3.480700E-07 1.644478E-07
395 1.770714E+02 5.178571E-01 2.504752E+00 6.082196E-05 6.591660E-05 7.122677E-05 7.175768E-05 1.165598E-06 9.689467E-07 6.570324E-07 3.387997E-07 1.600680E-07
396 1.775893E+02 5.178571E-01 2.504752E+00 5.920269E-05 6.416170E-05 6.933049E-05 6.984728E-05 1.134566E-06 9.431505E-07 6.395402E-07 3.297799E-07 1.558065E-07
397 1.781071E+02 5.178571E-01 2.504752E+00 5.762713E-05 6.245416E-05 6.748540E-05 6.798842E-05 1.104372E-06 9.180503E-07 6.225201E-07 3.210034E-07 1.516601E-07
398 1.786250E+02 5.178571E-01 2.504752E+00 5.609405E-05 6.079267E-05 6.569006E-05 6.617970E-05 1.074992E-06 8.936271E-07 6.059589E-07 3.124636E-07 1.476254E-07
399 1.791429E+02 5.178571E-01 2.504752E+00 5.460229E-05 5.917595E-05 6.394310E-05 6.441972E-05 1.046404E-06 8.698620E-07 5.898441E-07 3.041540E-07 1.436994E-07
400 1.796607E+02 5.178571E-01 2.504752E+00 5.315070E-05 5.760277E-05 6.224319E-05 6.270714E-05 1.018585E-06 8.467369E-07 5.741632E-07 2.960681E-07 1.398792E-07
401 1.801786E+02 5.178571E-01 2.504752E+00 5.173818E-05 5.607194E-05 6.058903E-05 6.104065E-05 9.915157E-07 8.242343E-07 5.589044E-07 2.881999E-07 1.361618E-07
402 1.806964E+02 5.178571E-01 2.504752E+00 5.036366E-05 5.458228E-05 5.897936E-05 5.941899E-05 9.651741E-07 8.023369E-07 5.440560E-07 2.805433E-07 1.325444E-07
403 1.812143E+02 5.178571E-01 2.504752E+00 4.902608E-05 5.313266E-05 5.741297E-05 5.784092E-05 9.395406E-07 7.810281E-07 5.296068E-07 2.730925E-07 1.290243E-07
404 1.817321E+02 5.178571E-01 2.504752E+00 4.772443E-05 5.172199E-05 5.588865E-05 5.630524E-05 9.145958E-07 7.602918E-07 5.155457E-07 2.658419E-07 1.255987E-07
405 1.822500E+02 5.178571E-01 2.504752E+00 4.645774E-05 5.034919E-05 5.440526E-05 5.481079E-05 8.903207E-07 7.401122E-07 5.018621E-07 2.587860E-07 1.222650E-07
406 1.827679E+02 5.178571E-01 2.504752E+00 4.522503E-05 4.901322E-05 5.296167E-05 5.335644E-05 8.666970E-07 7.204741E-07 4.885458E-07 2.519194E-07 1.190209E-07
407 1.832857E+02 5.178571E-01 2.504752E+00 4.402538E-05 4.771309E-05 5.155680E-05 5.194110E-05 8.437068E-07 7.013627E-07 4.755865E-07 2.452369E-07 1.158637E-07
408 1.838036E+02 5.178571E-01 2.504752E+00 4.285789E-05 4.644780E-05 5.018958E-05 5.056369E-05 8.213328E-07 6.827635E-07 4.629746E-07 2.387335E-07 1.127911E-07
409 1.843214E+02 5.178571E-01 2.504752E+00 4.172167E-05 4.521641E-05 4.885899E-05 4.922318E-05 7.995582E-07 6.646625E-07 4.507005E-07 2.324044E-07 1.098009E-07
410 1.848393E+02 5.178571E-01 2.504752E+00 4.061587E-05 4.401799E-05 4.756403E-05 4.791856E-05 7.783666E-07 6.470462E-07 4.387551E-07 2.262447E-07 1.068907E-07
411 1.853571E+02 5.178571E-01 2.504752E+00 3.953967E-05 4.285164E-05 4.630372E-05 4.664886E-05 7.577422E-07 6.299014E-07 4.271294E-07 2.202499E-07 1.040584E-07
412 1.858750E+02 5.178571E-01 2.504752E+00 3.849225E-05 4.171649E-05 4.507712E-05 4.541312E-05 7.376694E-07 6.132151E-07 4.158146E-07 2.144154E-07 1.013019E-07
413 1.863929E+02 5.178571E-01 2.504752E+00 3.747284E-05 4.061168E-05 4.388332E-05 4.421042E-05 7.181332E-07 5.969750E-07 4.048023E-07 2.087369E-07 9.861906E-08
414 1.869107E+02 5.178571E-01 2.504752E+00 3.648067E-05 3.953640E-05 4.272141E-05 4.303985E-05 6.991191E-07 5.811688E-07 3.940843E-07 2.032102E-07 9.600791E-08
415 1.874286E+02 5.178571E-01 2.504752E+00 3.551500E-05 3.848984E-05 4.159054E-05 4.190055E-05 6.806129E-07 5.657848E-07 3.836526E-07 1.978310E-07 9.346650E-08
416 1.879464E+02 5.178571E-01 2.504752E+00 3.457510E-05 3.747123E-05 4.048987E-05 4.079167E-05 6.626007E-07 5.508115E-07 3.734994E-07 1.925955E-07 9.099295E-08
417 1.884643E+02 5.178571E-01 2.504752E+00 3.366030E-05 3.647979E-05 3.941856E-05 3.971238E-05 6.450692E-07 5.362378E-07 3.636171E-07 1.874997E-07 8.858540E-08
418 1.889821E+02 5.178571E-01 2.504752E+00 3.276989E-05 3.551480E-05 3.837583E-05 3.866188E-05 6.280054E-07 5.220529E-07 3.539984E-07 1.825398E-07 8.624207E-08
419 1.895000E+02 5.178571E-01 2.504752E+00 3.190322E-05 3.457554E-05 3.736091E-05 3.763939E-05 6.113965E-07 5.082461E-07 3.446362E-07 1.777122E-07 8.396123E-08
420 1.900179E+02 5.178571E-01 2.504752E+00 3.105966E-05 3.366131E-05 3.637303E-05 3.664415E-05 5.952303E-07 4.948074E-07 3.355236E-07 1.730132E-07 8.174117E-08
421 1.905357E+02 5.178571E-01 2.504752E+00 3.023856E-05 3.277144E-05 3.541147E-05 3.567542E-05 5.794948E-07 4.817266E-07 3.266537E-07 1.684395E-07 7.958026E-08
422 1.910536E+02 5.178571E-01 2.504752E+00 2.943934E-05 3.190527E-05 3.447552E-05 3.473250E-05 5.641784E-07 4.689943E-07 3.180200E-07 1.639875E-07 7.747690E-08
423 1.915714E+02 5.178571E-01 2.504752E+00 2.866139E-05 3.106215E-05 3.356449E-05 3.381467E-05 5.492696E-07 4.566008E-07 3.096161E-07 1.596540E-07 7.542953E-08
424 1.920893E+02 5.178571E-01 2.504752E+00 2.790414E-05 3.024148E-05 3.267770E-05 3.292127E-05 5.347576E-07 4.445372E-07 3.014359E-07 1.554359E-07 7.343664E-08
425 1.926071E+02 5.178571E-01 2.504752E+00 2.716703E-05 2.944263E-05 3.181449E-05 3.205164E-05 5.206317E-07 4.327945E-07 2.934733E-07 1.513299E-07 7.149677E-08
426 1.931250E+02 5.178571E-01 2.504752E+00 2.644953E-05 2.866503E-05 3.097425E-05 3.120513E-05 5.068814E-07 4.213640E-07 2.857224E-07 1.473332E-07 6.960848E-08
427 1.936429E+02 5.178571E-01 2.504752E+00 2.575110E-05 2.790809E-05 3.015634E-05 3.038112E-05 4.934966E-07 4.102374E-07 2.781776E-07 1.434427E-07 6.777039E-08
428 1.941607E+02 5.178571E-01 2.504752E+00 2.507123E-05 2.717127E-05 2.936016E-05 2.957901E-05 4.804675E-07 3.994065E-07 2.708332E-07 1.396556E-07 6.598114E-08
429 1.946786E+02 5.178571E-01 2.504752E+00 2.440942E-05 2.645403E-05 2.858513E-05 2.879820E-05 4.677845E-07 3.888633E-07 2.636840E-07 1.359691E-07 6.423942E-08
430 1.951964E+02 5.178571E-01 2.504752E+00 2.376518E-05 2.575583E-05 2.783069E-05 2.803814E-05 4.554383E-07 3.786000E-07 2.567246E-07 1.323804E-07 6.254396E-08
431 1.957143E+02 5.178571E-01 2.504752E+00 2.313805E-05 2.507617E-05 2.709627E-05 2.729825E-05 4.434199E-07 3.686093E-07 2.499500E-07 1.288871E-07 6.089351E-08
432 1.962321E+02 5.178571E-01 2.504752E+00 2.252756E-05 2.441454E-05 2.638135E-05 2.657799E-05 4.317204E-07 3.588837E-07 2.433552E-07 1.254865E-07 5.928686E-08
433 1.967500E+02 5.178571E-01 2.504752E+00 2.193327E-05 2.377047E-05 2.568539E-05 2.587685E-05 4.203314E-07 3.494161E-07 2.369353E-07 1.221761E-07 5.772283E-08
434 1.972679E+02 5.178571E-01 2.504752E+00 2.135474E-05 2.314349E-05 2.500790E-05 2.519430E-05 4.092444E-07 3.401997E-07 2.306857E-07 1.189535E-07 5.620030E-08
435 1.977857E+02 5.178571E-01 2.504752E+00 2.079156E-05 2.253312E-05 2.434837E-05 2.452986E-05 3.984515E-07 3.312276E-07 2.246019E-07 1.158163E-07 5.471813E-08
436 1.983036E+02 5.178571E-01 2.504752E+00 2.024330E-05 2.193894E-05 2.370632E-05 2.388302E-05 3.879446E-07 3.224934E-07 2.186793E-07 1.127623E-07 5.327526E-08
437 1.988214E+02 5.178571E-01 2.504752E+00 1.970957E-05 2.136051E-05 2.308129E-05 2.325333E-05 3.777162E-07 3.139907E-07 2.129137E-07 1.097893E-07 5.187062E-08
438 1.993393E+02 5.178571E-01 2.504752E+00 1.918999E-05 2.079740E-05 2.247282E-05 2.264033E-05 3.677588E-07 3.057132E-07 2.073008E-07 1.068950E-07 5.050320E-08
439 1.998571E+02 5.178571E-01 2.504752E+00 1.868416E-05 2.024921E-05 2.188046E-05 2.204356E-05 3.580652E-07 2.976550E-07 2.018367E-07 1.040774E-07 4.917200E-08
440 2.003750E+02 5.178571E-01 2.504752E+00 1.819174E-05 1.971553E-05 2.130380E-05 2.146259E-05 3.486282E-07 2.898102E-07 1.965172E-07 1.013344E-07 4.787606E-08
441 2.008929E+02 5.178571E-01 2.504752E+00 1.771235E-05 1.919599E-05 2.074239E-05 2.089701E-05 3.394411E-07 2.821731E-07 1.913385E-07 9.866401E-08 4.661442E-08
442 2.014107E+02 5.178571E-01 2.504752E+00 1.724564E-05 1.869019E-05 2.019585E-05 2.034639E-05 3.304972E-07 2.747381E-07 1.862970E-07 9.606431E-08 4.538618E-08
443 2.019286E+02 5.178571E-01 2.504752E+00 1.679129E-05 1.819778E-05 1.966378E-05 1.981035E-05 3.217900E-07 2.674999E-07 1.813888E-07 9.353342E-08 4.419044E-08
444 2.024464E+02 5.178571E-01 2.504752E+00 1.634896E-05 1.771840E-05 1.914578E-05 1.928849E-05 3.133131E-07 2.604532E-07 1.766105E-07 9.106948E-08 4.302634E-08
445 2.029643E+02 5.178571E-01 2.504752E+00 1.591833E-05 1.725170E-05 1.864148E-05 1.878043E-05 3.050605E-07 2.535929E-07 1.719586E-07 8.867071E-08 4.189303E-08
446 2.034821E+02 5.178571E-01 2.504752E+00 1.549909E-05 1.679734E-05 1.815052E-05 1.828581E-05 2.970260E-07 2.469140E-07 1.674297E-07 8.633538E-08 4.078969E-08
447 2.040000E+02 5.178571E-01 2.504752E+00 1.509093E-05 1.635499E-05 1.767253E-05 1.780426E-05 2.892041E-07 2.404116E-07 1.630206E-07 8.406180E-08 3.971552E-08
448 2.045179E+02 5.178571E-01 2.504752E+00 1.469356E-05 1.592434E-05 1.720719E-05 1.733545E-05 2.815889E-07 2.340812E-07 1.587280E-07 8.184831E-08 3.866974E-08
449 2.050357E+02 5.178571E-01 2.504752E+00 1.430669E-05 1.550507E-05 1.675414E-05 1.687902E-05 2.741749E-07 2.279181E-07 1.545488E-07 7.969333E-08 3.765161E-08
450 2.055536E+02 5.178571E-01 2.504752E+00 1.393005E-05 1.509688E-05 1.631306E-05 1.643466E-05 2.669569E-07 2.219178E-07 1.504801E-07 7.759529E-08 3.666037E-08
451 2.060714E+02 5.178571E-01 2.504752E+00 1.356336E-05 1.469947E-05 1.588364E-05 1.600203E-05 2.599295E-07 2.160761E-07 1.465189E-07 7.555268E-08 3.569533E-08
452 2.065893E+02 5.178571E-01 2.504752E+00 1.320635E-05 1.431255E-05 1.546556E-05 1.558084E-05 2.530878E-07 2.103886E-07 1.426623E-07 7.356402E-08 3.475578E-08
453 2.071071E+02 5.178571E-01 2.504752E+00 1.285877E-05 1.393586E-05 1.505852E-05 1.517076E-05 2.464267E-07 2.048514E-07 1.389075E-07 7.162788E-08 3.384103E-08
454 2.076250E+02 5.178571E-01 2.504752E+00 1.252037E-05 1.356911E-05 1.466223E-05 1.477152E-05 2.399416E-07 1.994604E-07 1.352519E-07 6.974286E-08 3.295045E-08
455 2.081429E+02 5.178571E-01 2.504752E+00 1.219090E-05 1.321205E-05 1.427640E-05 1.438281E-05 2.336276E-07 1.942116E-07 1.316928E-07 6.790761E-08 3.208337E-08
456 2.086607E+02 5.178571E-01 2.504752E+00 1.187013E-05 1.286441E-05 1.390075E-05 1.400436E-05 2.274803E-07 1.891015E-07 1.282277E-07 6.612080E-08 3.123918E-08
457 2.091786E+02 5.178571E-01 2.504752E+00 1.155782E-05 1.252594E-05 1.353502E-05 1.363591E-05 2.214953E-07 1.841262E-07 1.248540E-07 6.438115E-08 3.041727E-08
458 2.096964E+02 5.178571E-01 2.504752E+00 1.125376E-05 1.219641E-05 1.317894E-05 1.327717E-05 2.156681E-07 1.792822E-07 1.215693E-07 6.268740E-08 2.961705E-08
459 2.102143E+02 5.178571E-01 2.504752E+00 1.095772E-05 1.187557E-05 1.283225E-05 1.292790E-05 2.099947E-07 1.745659E-07 1.183713E-07 6.103834E-08 2.883794E-08
460 2.107321E+02 5.178571E-01 2.504752E+00 1.066948E-05 1.156319E-05 1.249471E-05 1.258784E-05 2.044710E-07 1.699741E-07 1.152576E-07 5.943278E-08 2.807938E-08
461 2.112500E+02 5.178571E-01 2.504752E+00 1.038885E-05 1.125905E-05 1.216607E-05 1.225676E-05 1.990930E-07 1.655034E-07 1.122261E-07 5.786956E-08 2.734083E-08
462 2.117679E+02 5.178571E-01 2.504752E+00 1.011562E-05 1.096294E-05 1.184610E-05 1.193440E-05 1.938568E-07 1.611506E-07 1.092745E-07 5.634758E-08 2.662176E-08
463 2.122857E+02 5.178571E-01 2.504752E+00 9.849595E-06 1.067463E-05 1.153456E-05 1.162054E-05 1.887586E-07 1.569126E-07 1.064008E-07 5.486572E-08 2.592165E-08
464 2.128036E+02 5.178571E-01 2.504752E+00 9.590583E-06 1.039392E-05 1.123124E-05 1.131496E-05 1.837949E-07 1.527863E-07 1.036028E-07 5.342293E-08 2.523999E-08
465 2.133214E+02 5.178571E-01 2.504752E+00 9.338399E-06 1.012061E-05 1.093592E-05 1.101743E-05 1.789620E-07 1.487688E-07 1.008785E-07 5.201817E-08 2.457631E-08
466 2.138393E+02 5.178571E-01 2.504752E+00 9.092861E-06 9.854508E-06 1.064838E-05 1.072775E-05 1.742565E-07 1.448572E-07 9.822611E-08 5.065044E-08 2.393012E-08
467 2.143571E+02 5.178571E-01 2.504752E+00 8.853795E-06 9.595417E-06 1.036841E-05 1.044570E-05 1.696750E-07 1.410487E-07 9.564358E-08 4.931876E-08 2.330095E-08
468 2.148750E+02 5.178571E-01 2.504752E+00 8.621028E-06 9.343153E-06 1.009583E-05 1.017108E-05 1.652142E-07 1.373405E-07 9.312911E-08 4.802217E-08 2.268837E-08
469 2.153929E+02 5.178571E-01 2.504752E+00 8.394394E-06 9.097535E-06 9.830423E-06 9.903697E-06 1.608710E-07 1.337300E-07 9.068088E-08 4.675973E-08 2.209193E-08
470 2.159107E+02 5.178571E-01 2.504752E+00 8.173731E-06 8.858389E-06 9.572010E-06 9.643359E-06 1.566422E-07 1.302146E-07 8.829715E-08 4.553056E-08 2.151120E-08
471 2.164286E+02 5.178571E-01 2.504752E+00 7.958880E-06 8.625541E-06 9.320405E-06 9.389878E-06 1.525248E-07 1.267919E-07 8.597622E-08 4.433377E-08 2.094576E-08
472 2.169464E+02 5.178571E-01 2.504752E+00 7.749688E-06 8.398827E-06 9.075427E-06 9.143074E-06 1.485158E-07 1.234593E-07 8.371642E-08 4.316850E-08 2.039522E-08
473 2.174643E+02 5.178571E-01 2.504752E+00 7.546006E-06 8.178084E-06 8.836901E-06 8.902770E-06 1.446124E-07 1.202144E-07 8.151613E-08 4.203391E-08 1.985918E-08
474 2.179821E+02 5.178571E-01 2.504752E+00 7.347687E-06 7.963153E-06 8.604656E-06 8.668794E-06 1.408118E-07 1.170551E-07 7.937378E-08 4.092921E-08 1.933726E-08
475 2.185000E+02 5.178571E-01 2.504752E+00 7.154590E-06 7.753882E-06 8.378526E-06 8.440978E-06 1.371113E-07 1.139789E-07 7.728784E-08 3.985359E-08 1.882908E-08
476 2.190179E+02 5.178571E-01 2.504752E+00 6.966577E-06 7.550120E-06 8.158349E-06 8.219161E-06 1.335082E-07 1.109836E-07 7.525682E-08 3.880629E-08 1.833427E-08
477 2.195357E+02 5.178571E-01 2.504752E+00 6.783514E-06 7.351722E-06 7.943969E-06 8.003182E-06 1.299999E-07 1.080673E-07 7.327926E-08 3.778656E-08 1.785250E-08
478 2.200536E+02 5.178571E-01 2.504752E+00 6.605269E-06 7.158547E-06 7.735232E-06 7.792889E-06 1.265840E-07 1.052277E-07 7.135376E-08 3.679368E-08 1.738340E-08
479 2.205714E+02 5.178571E-01 2.504752E+00 6.431716E-06 6.970457E-06 7.531989E-06 7.588131E-06 1.232580E-07 1.024628E-07 6.947895E-08 3.582692E-08 1.692665E-08
480 2.210893E+02 5.178571E-01 2.504752E+00 6.262730E-06 6.787316E-06 7.334095E-06 7.388762E-06 1.200196E-07 9.977074E-08 6.765347E-08 3.488561E-08 1.648192E-08
481 2.216071E+02 5.178571E-01 2.504752E+00 6.098191E-06 6.608995E-06 7.141409E-06 7.194640E-06 1.168663E-07 9.714950E-08 6.587603E-08 3.396908E-08 1.604890E-08
482 2.221250E+02 5.178571E-01 2.504752E+00 5.937983E-06 6.435367E-06 6.953793E-06 7.005626E-06 1.137961E-07 9.459723E-08 6.414537E-08 3.307666E-08 1.562727E-08
483 2.226429E+02 5.178571E-01 2.504752E+00 5.781989E-06 6.266307E-06 6.771113E-06 6.821584E-06 1.108066E-07 9.211212E-08 6.246024E-08 3.220772E-08 1.521674E-08
484 2.231607E+02 5.178571E-01 2.504752E+00 5.630099E-06 6.101694E-06 6.593240E-06 6.642385E-06 1.078958E-07 8.969238E-08 6.081944E-08 3.136164E-08 1.481700E-08
485 2.236786E+02 5.178571E-01 2.504752E+00 5.482206E-06 5.941413E-06 6.420046E-06 6.467900E-06 1.050615E-07 8.733631E-08 5.922181E-08 3.053782E-08 1.442778E-08
486 2.241964E+02 5.178571E-01 2.504752E+00 5.338202E-06 5.785347E-06 6.251408E-06 6.298005E-06 1.023018E-07 8.504221E-08 5.766621E-08 2.973567E-08 1.404880E-08
487 2.247143E+02 5.178571E-01 2.504752E+00 5.197987E-06 5.633387E-06 6.087206E-06 6.132579E-06 9.961473E-08 8.280845E-08 5.615152E-08 2.895462E-08 1.367979E-08
488 2.252321E+02 5.178571E-01 2.504752E+00 5.061459E-06 5.485423E-06 5.927322E-06 5.971504E-06 9.699830E-08 8.063345E-08 5.467668E-08 2.819411E-08 1.332048E-08
489 2.257500E+02 5.178571E-01 2.504752E+00 4.928522E-06 5.341351E-06 5.771644E-06 5.814665E-06 9.445068E-08 7.851565E-08 5.324062E-08 2.745360E-08 1.297063E-08
490 2.262679E+02 5.178571E-01 2.504752E+00 4.799081E-06 5.201067E-06 5.620059E-06 5.661951E-06 9.197006E-08 7.645354E-08 5.184232E-08 2.673257E-08 1.262997E-08
491 2.267857E+02 5.178571E-01 2.504752E+00 4.673044E-06 5.064473E-06 5.472461E-06 5.513252E-06 8.955467E-08 7.444565E-08 5.048080E-08 2.603050E-08 1.229827E-08
492 2.273036E+02 5.178571E-01 2.504752E+00 4.550320E-06 4.931470E-06 5.328743E-06 5.368463E-06 8.720279E-08 7.249056E-08 4.915507E-08 2.534689E-08 1.197529E-08
493 2.278214E+02 5.178571E-01 2.504752E+00 4.430824E-06 4.801964E-06 5.188804E-06 5.227481E-06 8.491275E-08 7.058688E-08 4.786421E-08 2.468125E-08 1.166081E-08
494 2.283393E+02 5.178571E-01 2.504752E+00 4.314469E-06 4.675863E-06 5.052545E-06 5.090206E-06 8.268291E-08 6.873325E-08 4.660728E-08 2.403311E-08 1.135459E-08
495 2.288571E+02 5.178571E-01 2.504752E+00 4.201173E-06 4.553077E-06 4.919867E-06 4.956539E-06 8.051170E-08 6.692834E-08 4.538339E-08 2.340201E-08 1.105643E-08
496 2.293750E+02 5.178571E-01 2.504752E+00 4.090855E-06 4.433518E-06 4.790678E-06 4.826387E-06 7.839756E-08 6.517089E-08 4.419168E-08 2.278751E-08 1.076610E-08
497 2.298929E+02 5.178571E-01 2.504752E+00 3.983438E-06 4.317103E-06 4.664884E-06 4.699655E-06 7.633899E-08 6.345963E-08 4.303129E-08 2.218915E-08 1.048340E-08
498 2.304107E+02 5.178571E-01 2.504752E+00 3.878843E-06 4.203748E-06 4.542397E-06 4.576255E-06 7.433454E-08 6.179335E-08 4.190141E-08 2.160652E-08 1.020814E-08
499 2.309286E+02 5.178571E-01 2.504752E+00 3.776998E-06 4.093372E-06 4.423129E-06 4.456098E-06 7.238277E-08 6.017087E-08 4.080122E-08 2.103921E-08 9.940106E-09
500 2.314464E+02 5.178571E-01 2.504752E+00 3.677830E-06 3.985896E-06 4.306996E-06 4.339100E-06 7.048229E-08 5.859103E-08 3.972995E-08 2.048681E-08 9.679119E-09
501 2.319643E+02 5.178571E-01 2.504752E+00 3.581267E-06 3.881246E-06 4.193915E-06 4.225175E-06 6.863176E-08 5.705271E-08 3.868683E-08 1.994892E-08 9.424992E-09
502 2.324821E+02 5.178571E-01 2.504752E+00 3.487243E-06 3.779345E-06 4.083805E-06 4.114245E-06 6.682986E-08 5.555481E-08 3.767112E-08 1.942517E-08 9.177542E-09
503 2.330000E+02 5.178571E-01 2.504752E+00 3.395689E-06 3.680123E-06 3.976589E-06 4.006230E-06 6.507532E-08 5.409628E-08 3.668211E-08 1.891518E-08 8.936596E-09
504 2.335179E+02 5.178571E-01 2.504752E+00 3.306541E-06 3.583507E-06 3.872190E-06 3.901053E-06 6.336687E-08 5.267607E-08 3.571908E-08 1.841860E-08 8.701980E-09
505 2.340357E+02 5.178571E-01 2.504752E+00 3.219735E-06 3.489430E-06 3.770535E-06 3.798640E-06 6.170332E-08 5.129318E-08 3.478136E-08 1.793506E-08 8.473530E-09
506 2.345536E+02 5.178571E-01 2.504752E+00 3.135210E-06 3.397825E-06 3.671550E-06 3.698918E-06 6.008348E-08 4.994663E-08 3.386827E-08 1.746423E-08 8.251082E-09
507 2.350714E+02 5.178571E-01 2.504752E+00 3.052906E-06 3.308627E-06 3.575166E-06 3.601815E-06 5.850619E-08 4.863545E-08 3.297918E-08 1.700576E-08 8.034478E-09
508 2.355893E+02 5.178571E-01 2.504752E+00 2.972764E-06 3.221772E-06 3.481315E-06 3.507264E-06 5.697035E-08 4.735872E-08 3.211344E-08 1.655934E-08 7.823565E-09
509 2.361071E+02 5.178571E-01 2.504752E+00 2.894728E-06 3.137199E-06 3.389929E-06 3.415197E-06 5.547485E-08 4.611553E-08 3.127045E-08 1.612465E-08 7.618193E-09
510 2.366250E+02 5.178571E-01 2.504752E+00 2.818741E-06 3.054848E-06 3.300943E-06 3.325548E-06 5.401864E-08 4.490500E-08 3.044960E-08 1.570138E-08 7.418215E-09
511 2.371429E+02 5.178571E-01 2.504752E+00 2.744751E-06 2.974660E-06 3.214295E-06 3.238254E-06 5.260068E-08 4.372627E-08 2.965032E-08 1.528923E-08 7.223492E-09
512 2.376607E+02 5.178571E-01 2.504752E+00 2.672704E-06 2.896578E-06 3.129924E-06 3.153254E-06 5.121997E-08 4.257850E-08 2.887203E-08 1.488790E-08 7.033883E-09
513 2.381786E+02 5.178571E-01 2.504752E+00 2.602550E-06 2.820548E-06 3.047768E-06 3.070486E-06 4.987552E-08 4.146089E-08 2.811418E-08 1.449712E-08 6.849254E-09
514 2.386964E+02 5.178571E-01 2.504752E+00 2.534238E-06 2.746514E-06 2.967770E-06 2.989892E-06 4.856639E-08 4.037262E-08 2.737624E-08 1.411660E-08 6.669475E-09
515 2.392143E+02 5.178571E-01 2.504752E+00 2.467721E-06 2.674425E-06 2.889874E-06 2.911415E-06 4.729165E-08 3.931294E-08 2.665768E-08 1.374608E-08 6.494418E-09
516 2.397321E+02 5.178571E-01 2.504752E+00 2.402951E-06 2.604229E-06 2.814023E-06 2.834998E-06 4.605038E-08 3.828109E-08 2.595800E-08 1.338528E-08 6.323959E-09
517 2.402500E+02 5.178571E-01 2.504752E+00 2.339881E-06 2.535877E-06 2.740165E-06 2.760589E-06 4.484172E-08 3.727635E-08 2.527669E-08 1.303396E-08 6.157977E-09
518 2.407679E+02 5.178571E-01 2.504752E+00 2.278468E-06 2.469320E-06 2.668246E-06 2.688135E-06 4.366479E-08 3.629798E-08 2.461327E-08 1.269187E-08 5.996353E-09
519 2.412857E+02 5.178571E-01 2.504752E+00 2.218668E-06 2.404511E-06 2.598216E-06 2.617582E-06 4.251878E-08 3.534532E-08 2.396728E-08 1.235876E-08 5.838975E-09
520 2.418036E+02 5.178571E-01 2.504752E+00 2.160438E-06 2.341404E-06 2.530024E-06 2.548883E-06 4.140286E-08 3.441767E-08 2.333825E-08 1.203440E-08 5.685729E-09
521 2.423214E+02 5.178571E-01 2.504752E+00 2.103738E-06 2.279954E-06 2.463624E-06 2.481988E-06 4.031624E-08 3.351437E-08 2.272574E-08 1.171856E-08 5.536507E-09
522 2.428393E+02 5.178571E-01 2.504752E+00 2.048526E-06 2.220117E-06 2.398967E-06 2.416849E-06 3.925816E-08 3.263480E-08 2.212931E-08 1.141101E-08 5.391204E-09
523 2.433571E+02 5.178571E-01 2.504752E+00 1.994764E-06 2.161852E-06 2.336008E-06 2.353421E-06 3.822786E-08 3.177833E-08 2.154854E-08 1.111154E-08 5.249716E-09
524 2.438750E+02 5.178571E-01 2.504752E+00 1.942414E-06 2.105117E-06 2.274703E-06 2.291658E-06 3.722461E-08 3.094434E-08 2.098303E-08 1.081993E-08 5.111943E-09
525 2.443929E+02 5.178571E-01 2.504752E+00 1.891438E-06 2.049871E-06 2.215006E-06 2.231517E-06 3.624771E-08 3.013226E-08 2.043236E-08 1.053598E-08 4.977788E-09
526 2.449107E+02 5.178571E-01 2.504752E+00 1.841801E-06 1.996076E-06 2.156878E-06 2.172955E-06 3.529646E-08 2.934149E-08 1.989615E-08 1.025948E-08 4.847155E-09
527 2.454286E+02 5.178571E-01 2.504752E+00 1.793467E-06 1.943693E-06 2.100275E-06 2.115930E-06 3.437018E-08 2.857149E-08 1.937402E-08 9.990243E-09 4.719952E-09
528 2.459464E+02 5.178571E-01 2.504752E+00 1.746402E-06 1.892686E-06 2.045159E-06 2.060403E-06 3.346822E-08 2.782170E-08 1.886560E-08 9.728074E-09 4.596089E-09
529 2.464643E+02 5.178571E-01 2.504752E+00 1.700573E-06 1.843018E-06 1.991489E-06 2.006334E-06 3.258994E-08 2.709160E-08 1.837052E-08 9.472789E-09 4.475478E-09
530 2.469821E+02 5.178571E-01 2.504752E+00 1.655946E-06 1.794654E-06 1.939229E-06 1.953684E-06 3.173472E-08 2.638067E-08 1.788845E-08 9.224205E-09 4.358033E-09
531 2.475000E+02 5.178571E-01 2.504752E+00 1.612492E-06 1.747559E-06 1.888341E-06 1.902416E-06 3.090195E-08 2.568840E-08 1.741903E-08 8.982148E-09 4.243671E-09
532 2.480179E+02 5.178571E-01 2.504752E+00 1.570178E-06 1.701701E-06 1.838788E-06 1.852494E-06 3.009105E-08 2.501430E-08 1.696193E-08 8.746445E-09 4.132312E-09
533 2.485357E+02 5.178571E-01 2.504752E+00 1.528975E-06 1.657047E-06 1.790537E-06 1.803883E-06 2.930143E-08 2.435790E-08 1.651683E-08 8.516930E-09 4.023876E-09
534 2.490536E+02 5.178571E-01 2.504752E+00 1.488854E-06 1.613565E-06 1.743552E-06 1.756548E-06 2.853254E-08 2.371874E-08 1.608342E-08 8.293440E-09 3.918287E-09
535 2.495714E+02 5.178571E-01 2.504752E+00 1.449786E-06 1.571224E-06 1.697800E-06 1.710456E-06 2.778384E-08 2.309635E-08 1.566138E-08 8.075817E-09 3.815470E-09
536 2.500893E+02 5.178571E-01 2.504752E+00 1.411743E-06 1.529995E-06 1.653250E-06 1.665573E-06 2.705478E-08 2.249030E-08 1.525043E-08 7.863906E-09 3.715351E-09
537 2.506071E+02 5.178571E-01 2.504752E+00 1.374699E-06 1.489848E-06 1.609869E-06 1.621868E-06 2.634487E-08 2.190015E-08 1.485026E-08 7.657558E-09 3.617861E-09
538 2.511250E+02 5.178571E-01 2.504752E+00 1.338627E-06 1.450755E-06 1.567626E-06 1.579311E-06 2.565359E-08 2.132550E-08 1.446059E-08 7.456627E-09 3.522930E-09
539 2.516429E+02 5.178571E-01 2.504752E+00 1.303503E-06 1.412688E-06 1.526493E-06 1.537871E-06 2.498045E-08 2.076593E-08 1.408116E-08 7.260970E-09 3.430490E-09
540 2.521607E+02 5.178571E-01 2.504752E+00 1.269300E-06 1.375621E-06 1.486439E-06 1.497519E-06 2.432499E-08 2.022105E-08 1.371168E-08 7.070448E-09 3.340477E-09
541 2.526786E+02 5.178571E-01 2.504752E+00 1.235995E-06 1.339526E-06 1.447436E-06 1.458225E-06 2.368673E-08 1.969047E-08 1.335190E-08 6.884927E-09 3.252826E-09
542 2.531964E+02 5.178571E-01 2.504752E+00 1.203564E-06 1.304378E-06 1.409458E-06 1.419963E-06 2.306522E-08 1.917382E-08 1.300156E-08 6.704276E-09 3.167477E-09
543 2.537143E+02 5.178571E-01 2.504752E+00 1.171984E-06 1.270153E-06 1.372476E-06 1.382706E-06 2.246002E-08 1.867073E-08 1.266042E-08 6.528366E-09 3.084367E-09
544 2.542321E+02 5.178571E-01 2.504752E+00 1.141233E-06 1.236827E-06 1.336464E-06 1.346426E-06 2.187071E-08 1.818084E-08 1.232823E-08 6.357073E-09 3.003438E-09
545 2.547500E+02 5.178571E-01 2.504752E+00 1.111290E-06 1.204375E-06 1.301398E-06 1.311098E-06 2.129687E-08 1.770381E-08 1.200477E-08 6.190276E-09 2.924634E-09
546 2.552679E+02 5.178571E-01 2.504752E+00 1.082132E-06 1.172775E-06 1.267252E-06 1.276698E-06 2.073808E-08 1.723930E-08 1.168979E-08 6.027856E-09 2.847898E-09
547 2.557857E+02 5.178571E-01 2.504752E+00 1.053739E-06 1.142004E-06 1.234002E-06 1.243201E-06 2.019396E-08 1.678698E-08 1.138307E-08 5.869699E-09 2.773176E-09
548 2.563036E+02 5.178571E-01 2.504752E+00 1.026092E-06 1.112041E-06 1.201625E-06 1.210582E-06 1.966413E-08 1.634654E-08 1.108441E-08 5.715693E-09 2.700415E-09
549 2.568214E+02 5.178571E-01 2.504752E+00 9.991700E-07 1.082864E-06 1.170098E-06 1.178820E-06 1.914819E-08 1.591765E-08 1.079359E-08 5.565729E-09 2.629563E-09
550 2.573393E+02 5.178571E-01 2.504752E+00 9.729547E-07 1.054452E-06 1.139398E-06 1.147891E-06 1.864580E-08 1.550002E-08 1.051039E-08 5.419701E-09 2.560571E-09
551 2.578571E+02 5.178571E-01 2.504752E+00 9.474274E-07 1.026787E-06 1.109504E-06 1.117774E-06 1.815659E-08 1.509334E-08 1.023463E-08 5.277505E-09 2.493390E-09
552 2.583750E+02 5.178571E-01 2.504752E+00 9.225700E-07 9.998474E-07 1.080394E-06 1.088447E-06 1.768022E-08 1.469734E-08 9.966111E-09 5.139040E-09 2.427971E-09
553 2.588929E+02 5.178571E-01 2.504752E+00 8.983649E-07 9.736148E-07 1.052048E-06 1.059890E-06 1.721635E-08 1.431174E-08 9.704634E-09 5.004209E-09 2.364270E-09
554 2.594107E+02 5.178571E-01 2.504752E+00 8.747951E-07 9.480707E-07 1.024446E-06 1.032082E-06 1.676466E-08 1.393625E-08 9.450020E-09 4.872917E-09 2.302240E-09
555 2.599286E+02 5.178571E-01 2.504752E+00 8.518437E-07 9.231969E-07 9.975686E-07 1.005004E-06 1.632482E-08 1.357061E-08 9.202087E-09 4.745070E-09 2.241838E-09
556 2.604464E+02 5.178571E-01 2.504752E+00 8.294947E-07 8.989758E-07 9.713963E-07 9.786370E-07 1.589652E-08 1.321457E-08 8.960660E-09 4.620578E-09 2.183021E-09
557 2.609643E+02 5.178571E-01 2.504752E+00 8.077321E-07 8.753904E-07 9.459108E-07 9.529615E-07 1.547946E-08 1.286788E-08 8.725569E-09 4.499353E-09 2.125747E-09
558 2.614821E+02 5.178571E-01 2.504752E+00 7.865407E-07 8.524238E-07 9.210941E-07 9.279598E-07 1.507334E-08 1.253028E-08 8.496647E-09 4.381309E-09 2.069976E-09
559 2.620000E+02 5.178571E-01 2.504752E+00 7.659053E-07 8.300599E-07 8.969286E-07 9.036142E-07 1.467788E-08 1.220154E-08 8.273732E-09 4.266362E-09 2.015669E-09
560 2.625179E+02 5.178571E-01 2.504752E+00 7.458114E-07 8.082829E-07 8.733973E-07 8.799074E-07 1.429280E-08 1.188142E-08 8.056666E-09 4.154432E-09 1.962787E-09
561 2.630357E+02 5.178571E-01 2.504752E+00 7.262447E-07 7.870773E-07 8.504834E-07 8.568228E-07 1.391783E-08 1.156971E-08 7.845297E-09 4.045439E-09 1.911293E-09
562 2.635536E+02 5.178571E-01 2.504752E+00 7.071915E-07 7.664281E-07 8.281707E-07 8.343438E-07 1.355269E-08 1.126618E-08 7.639474E-09 3.939306E-09 1.861150E-09
563 2.640714E+02 5.178571E-01 2.504752E+00 6.886383E-07 7.463208E-07 8.064436E-07 8.124547E-07 1.319713E-08 1.097061E-08 7.439051E-09 3.835958E-09 1.812322E-09
564 2.645893E+02 5.178571E-01 2.504752E+00 6.705719E-07 7.267411E-07 7.852866E-07 7.911400E-07 1.285091E-08 1.068279E-08 7.243888E-09 3.735322E-09 1.764776E-09
565 2.651071E+02 5.178571E-01 2.504752E+00 6.529795E-07 7.076752E-07 7.646847E-07 7.703846E-07 1.251376E-08 1.040253E-08 7.053846E-09 3.637326E-09 1.718477E-09
566 2.656250E+02 5.178571E-01 2.504752E+00 6.358488E-07 6.891095E-07 7.446234E-07 7.501737E-07 1.218547E-08 1.012962E-08 6.868790E-09 3.541902E-09 1.673394E-09
567 2.661429E+02 5.178571E-01 2.504752E+00 6.191675E-07 6.710310E-07 7.250885E-07 7.304932E-07 1.186579E-08 9.863878E-09 6.688590E-09 3.448982E-09 1.629493E-09
568 2.666607E+02 5.178571E-01 2.504752E+00 6.029240E-07 6.534268E-07 7.060662E-07 7.113291E-07 1.155450E-08 9.605104E-09 6.513118E-09 3.358499E-09 1.586744E-09
569 2.671786E+02 5.178571E-01 2.504752E+00 5.871067E-07 6.362846E-07 6.875429E-07 6.926678E-07 1.125137E-08 9.353120E-09 6.342250E-09 3.270391E-09 1.545117E-09
570 2.676964E+02 5.178571E-01 2.504752E+00 5.717043E-07 6.195921E-07 6.695058E-07 6.744962E-07 1.095620E-08 9.107748E-09 6.175866E-09 3.184595E-09 1.504581E-09
571 2.682143E+02 5.178571E-01 2.504752E+00 5.567061E-07 6.033376E-07 6.519418E-07 6.568013E-07 1.066877E-08 8.868813E-09 6.013847E-09 3.101049E-09 1.465110E-09
572 2.687321E+02 5.178571E-01 2.504752E+00 5.421015E-07 5.875096E-07 6.348387E-07 6.395707E-07 1.038889E-08 8.636148E-09 5.856079E-09 3.019696E-09 1.426674E-09
573 2.692500E+02 5.178571E-01 2.504752E+00 5.278800E-07 5.720969E-07 6.181844E-07 6.227923E-07 1.011634E-08 8.409588E-09 5.702451E-09 2.940478E-09 1.389247E-09
574 2.697679E+02 5.178571E-01 2.504752E+00 5.140316E-07 5.570886E-07 6.019670E-07 6.064540E-07 9.850953E-09 8.188972E-09 5.552854E-09 2.863338E-09 1.352802E-09
575 2.702857E+02 5.178571E-01 2.504752E+00 5.005467E-07 5.424740E-07 5.861751E-07 5.905444E-07 9.592526E-09 7.974144E-09 5.407181E-09 2.788221E-09 1.317312E-09
576 2.708036E+02 5.178571E-01 2.504752E+00 4.874155E-07 5.282429E-07 5.707976E-07 5.750523E-07 9.340878E-09 7.764953E-09 5.265331E-09 2.715076E-09 1.282754E-09
577 2.713214E+02 5.178571E-01 2.504752E+00 4.746288E-07 5.143852E-07 5.558235E-07 5.599666E-07 9.095833E-09 7.561250E-09 5.127202E-09 2.643850E-09 1.249103E-09
578 2.718393E+02 5.178571E-01 2.504752E+00 4.621776E-07 5.008911E-07 5.412423E-07 5.452767E-07 8.857218E-09 7.362892E-09 4.992698E-09 2.574492E-09 1.216335E-09
579 2.723571E+02 5.178571E-01 2.504752E+00 4.500531E-07 4.877510E-07 5.270437E-07 5.309722E-07 8.624862E-09 7.169738E-09 4.861722E-09 2.506955E-09 1.184426E-09
580 2.728750E+02 5.178571E-01 2.504752E+00 4.382467E-07 4.749557E-07 5.132175E-07 5.170430E-07 8.398603E-09 6.981652E-09 4.734183E-09 2.441189E-09 1.153355E-09
581 2.733929E+02 5.178571E-01 2.504752E+00 4.267501E-07 4.624960E-07 4.997542E-07 5.034793E-07 8.178281E-09 6.798500E-09 4.609990E-09 2.377148E-09 1.123098E-09
582 2.739107E+02 5.178571E-01 2.504752E+00 4.155551E-07 4.503633E-07 4.866440E-07 4.902714E-07 7.963738E-09 6.620154E-09 4.489055E-09 2.314788E-09 1.093636E-09
583 2.744286E+02 5.178571E-01 2.504752E+00 4.046537E-07 4.385488E-07 4.738778E-07 4.774101E-07 7.754825E-09 6.446486E-09 4.371293E-09 2.254064E-09 1.064947E-09
584 2.749464E+02 5.178571E-01 2.504752E+00 3.940384E-07 4.270444E-07 4.614466E-07 4.648861E-07 7.551392E-09 6.277376E-09 4.256621E-09 2.194933E-09 1.037010E-09
585 2.754643E+02 5.178571E-01 2.504752E+00 3.837017E-07 4.158417E-07 4.493415E-07 4.526908E-07 7.353296E-09 6.112701E-09 4.144957E-09 2.137353E-09 1.009806E-09
586 2.759821E+02 5.178571E-01 2.504752E+00 3.736360E-07 4.049330E-07 4.375539E-07 4.408154E-07 7.160398E-09 5.952347E-09 4.036223E-09 2.081284E-09 9.833158E-10
587 2.765000E+02 5.178571E-01 2.504752E+00 3.638345E-07 3.943105E-07 4.260757E-07 4.292516E-07 6.972561E-09 5.796201E-09 3.930341E-09 2.026687E-09 9.575206E-10
588 2.770179E+02 5.178571E-01 2.504752E+00 3.542901E-07 3.839666E-07 4.148985E-07 4.179911E-07 6.789651E-09 5.644150E-09 3.827238E-09 1.973521E-09 9.324022E-10
589 2.775357E+02 5.178571E-01 2.504752E+00 3.449961E-07 3.738941E-07 4.040146E-07 4.070261E-07 6.611540E-09 5.496089E-09 3.726839E-09 1.921750E-09 9.079428E-10
590 2.780536E+02 5.178571E-01 2.504752E+00 3.359460E-07 3.640859E-07 3.934162E-07 3.963487E-07 6.438102E-09 5.351912E-09 3.629074E-09 1.871338E-09 8.841250E-10
591 2.785714E+02 5.178571E-01 2.504752E+00 3.271333E-07 3.545350E-07 3.830959E-07 3.859515E-07 6.269214E-09 5.211518E-09 3.533874E-09 1.822248E-09 8.609321E-10
592 2.790893E+02 5.178571E-01 2.504752E+00 3.185517E-07 3.452346E-07 3.730463E-07 3.758270E-07 6.104757E-09 5.074806E-09 3.441172E-09 1.774445E-09 8.383477E-10
593 2.796071E+02 5.178571E-01 2.504752E+00 3.101953E-07 3.361783E-07 3.632604E-07 3.659681E-07 5.944614E-09 4.941682E-09 3.350901E-09 1.727897E-09 8.163558E-10
594 2.801250E+02 5.178571E-01 2.504752E+00 3.020582E-07 3.273595E-07 3.537312E-07 3.563679E-07 5.788673E-09 4.812050E-09 3.262999E-09 1.682570E-09 7.949408E-10
