0 -2.748214E+01 5.178571E-01 5.800001E+00 1.774083E-09 1.922686E-09 2.077575E-09 2.093061E-09 1.756743E-09 1.460358E-09 9.902532E-10 5.106256E-10 2.412482E-10
1 -2.696429E+01 5.178571E-01 7.747934E+00 6.938752E-09 7.519964E-09 8.125764E-09 8.186332E-09 6.870933E-09 5.711719E-09 3.873055E-09 1.997147E-09 9.435644E-10
2 -2.644643E+01 5.178571E-01 9.977890E+00 1.577932E-08 1.710104E-08 1.847868E-08 1.861642E-08 1.562509E-08 1.298894E-08 8.807658E-09 4.541682E-09 2.145746E-09
3 -2.592857E+01 5.178571E-01 1.270145E+01 2.942492E-08 3.188965E-08 3.445864E-08 3.471549E-08 2.913732E-08 2.422149E-08 1.642433E-08 8.469230E-09 4.001340E-09
4 -2.541071E+01 5.178571E-01 1.297803E+01 4.950547E-08 5.365221E-08 5.797437E-08 5.840650E-08 4.902161E-08 4.075104E-08 2.763284E-08 1.424892E-08 6.731988E-09
5 -2.489286E+01 5.178571E-01 1.050289E+01 7.683930E-08 8.327560E-08 8.998419E-08 9.065492E-08 7.608828E-08 6.325121E-08 4.288997E-08 2.211628E-08 1.044897E-08
6 -2.437500E+01 5.178571E-01 8.523362E+00 1.114681E-07 1.208051E-07 1.305370E-07 1.315100E-07 1.103787E-07 9.175637E-08 6.221901E-08 3.208333E-08 1.515797E-08
7 -2.385714E+01 5.178571E-01 7.994298E+00 1.543135E-07 1.672393E-07 1.807119E-07 1.820589E-07 1.528052E-07 1.270250E-07 8.613431E-08 4.441529E-08 2.098428E-08
8 -2.333929E+01 5.178571E-01 7.311944E+00 2.070664E-07 2.244110E-07 2.424893E-07 2.442967E-07 2.050426E-07 1.704493E-07 1.155798E-07 5.959891E-08 2.815787E-08
9 -2.282143E+01 5.178571E-01 6.594895E+00 2.711196E-07 2.938294E-07 3.175000E-07 3.198666E-07 2.684697E-07 2.231754E-07 1.513328E-07 7.803501E-08 3.686812E-08
10 -2.230357E+01 5.178571E-01 5.750926E+00 3.472818E-07 3.763712E-07 4.066912E-07 4.097226E-07 3.438874E-07 2.858692E-07 1.938449E-07 9.995640E-08 4.722502E-08
11 -2.178571E+01 5.178571E-01 4.803650E+00 4.352468E-07 4.717044E-07 5.097044E-07 5.135037E-07 4.309927E-07 3.582787E-07 2.429450E-07 1.252749E-07 5.918692E-08
12 -2.126786E+01 5.178571E-01 4.161025E+00 5.342702E-07 5.790223E-07 6.256677E-07 6.303314E-07 5.290482E-07 4.397910E-07 2.982176E-07 1.537764E-07 7.265259E-08
13 -2.075000E+01 5.178571E-01 3.756400E+00 6.442058E-07 6.981665E-07 7.544100E-07 7.600333E-07 6.379093E-07 5.302859E-07 3.595812E-07 1.854186E-07 8.760215E-08
14 -2.023214E+01 5.178571E-01 3.492180E+00 7.655023E-07 8.296233E-07 8.964568E-07 9.031389E-07 7.580204E-07 6.301326E-07 4.272862E-07 2.203308E-07 1.040966E-07
15 -1.971429E+01 5.178571E-01 3.322720E+00 8.990922E-07 9.744030E-07 1.052900E-06 1.060748E-06 8.903045E-07 7.400988E-07 5.018530E-07 2.587813E-07 1.222628E-07
16 -1.919643E+01 5.178571E-01 3.051156E+00 1.045444E-06 1.133014E-06 1.224289E-06 1.233414E-06 1.035226E-06 8.605704E-07 5.835436E-07 3.009051E-07 1.421645E-07
17 -1.867857E+01 5.178571E-01 2.738620E+00 1.203808E-06 1.304643E-06 1.409743E-06 1.420251E-06 1.192042E-06 9.909291E-07 6.719384E-07 3.464861E-07 1.636995E-07
18 -1.816071E+01 5.178571E-01 2.454352E+00 1.372795E-06 1.487784E-06 1.607639E-06 1.619622E-06 1.359377E-06 1.130033E-06 7.662631E-07 3.951248E-07 1.866791E-07
19 -1.764286E+01 5.178571E-01 2.206633E+00 1.550867E-06 1.680773E-06 1.816174E-06 1.829712E-06 1.535709E-06 1.276616E-06 8.656593E-07 4.463785E-07 2.108943E-07
20 -1.712500E+01 5.178571E-01 2.189555E+00 1.738230E-06 1.883830E-06 2.035589E-06 2.050762E-06 1.721241E-06 1.430845E-06 9.702409E-07 5.003062E-07 2.363728E-07
21 -1.660714E+01 5.178571E-01 2.244502E+00 1.937490E-06 2.099780E-06 2.268936E-06 2.285849E-06 1.918553E-06 1.594869E-06 1.081463E-06 5.576582E-07 2.634691E-07
22 -1.608929E+01 5.178571E-01 2.166557E+00 2.150454E-06 2.330583E-06 2.518332E-06 2.537103E-06 2.129435E-06 1.770172E-06 1.200335E-06 6.189545E-07 2.924289E-07
23 -1.557143E+01 5.178571E-01 2.057539E+00 2.377062E-06 2.576172E-06 2.783705E-06 2.804455E-06 2.353828E-06 1.956707E-06 1.326822E-06 6.841779E-07 3.232441E-07
24 -1.505357E+01 5.178571E-01 2.175718E+00 2.619704E-06 2.839138E-06 3.067856E-06 3.090723E-06 2.594099E-06 2.156441E-06 1.462260E-06 7.540164E-07 3.562397E-07
25 -1.453571E+01 5.178571E-01 2.303752E+00 2.883915E-06 3.125481E-06 3.377266E-06 3.402440E-06 2.855728E-06 2.373930E-06 1.609736E-06 8.300630E-07 3.921684E-07
26 -1.401786E+01 5.178571E-01 2.423842E+00 3.175619E-06 3.441619E-06 3.718872E-06 3.746592E-06 3.144581E-06 2.614050E-06 1.772559E-06 9.140227E-07 4.318357E-07
27 -1.350000E+01 5.178571E-01 2.504752E+00 3.500519E-06 3.793733E-06 4.099352E-06 4.129908E-06 3.466305E-06 2.881495E-06 1.953911E-06 1.007537E-06 4.760171E-07
28 -1.298214E+01 5.178571E-01 2.504752E+00 3.862811E-06 4.186372E-06 4.523622E-06 4.557340E-06 3.825056E-06 3.179720E-06 2.156134E-06 1.111814E-06 5.252833E-07
29 -1.246429E+01 5.178571E-01 2.504752E+00 4.265804E-06 4.623121E-06 4.995555E-06 5.032791E-06 4.224110E-06 3.511449E-06 2.381076E-06 1.227805E-06 5.800842E-07
30 -1.194643E+01 5.178571E-01 2.504752E+00 4.713352E-06 5.108158E-06 5.519665E-06 5.560808E-06 4.667284E-06 3.879854E-06 2.630887E-06 1.356621E-06 6.409440E-07
31 -1.142857E+01 5.178571E-01 2.504752E+00 5.209857E-06 5.646251E-06 6.101106E-06 6.146583E-06 5.158936E-06 4.288557E-06 2.908025E-06 1.499527E-06 7.084610E-07
32 -1.091071E+01 5.178571E-01 2.504752E+00 5.760280E-06 6.242779E-06 6.745691E-06 6.795972E-06 5.703979E-06 4.741645E-06 3.215259E-06 1.657953E-06 7.833102E-07
33 -1.039286E+01 5.178571E-01 2.504752E+00 6.370180E-06 6.903767E-06 7.459926E-06 7.515532E-06 6.307918E-06 5.243692E-06 3.555691E-06 1.833498E-06 8.662473E-07
34 -9.875000E+00 5.178571E-01 2.504752E+00 7.045753E-06 7.635927E-06 8.251069E-06 8.312572E-06 6.976888E-06 5.799798E-06 3.932781E-06 2.027944E-06 9.581148E-07
35 -9.357143E+00 5.178571E-01 2.504752E+00 7.793887E-06 8.446727E-06 9.127186E-06 9.195219E-06 7.717709E-06 6.415633E-06 4.350372E-06 2.243276E-06 1.059850E-06
36 -8.839286E+00 5.178571E-01 2.504752E+00 8.622228E-06 9.344453E-06 1.009723E-05 1.017250E-05 8.537955E-06 7.097492E-06 4.812733E-06 2.481693E-06 1.172491E-06
37 -8.321429E+00 5.178571E-01 2.504752E+00 9.539254E-06 1.033829E-05 1.117113E-05 1.125440E-05 9.446018E-06 7.852354E-06 5.324597E-06 2.745637E-06 1.297193E-06
38 -7.803571E+00 5.178571E-01 2.504752E+00 1.053998E-05 1.142285E-05 1.234306E-05 1.243506E-05 1.038003E-05 8.628785E-06 5.851087E-06 3.017122E-06 1.425458E-06
39 -7.285714E+00 5.178571E-01 2.504752E+00 1.158809E-05 1.255875E-05 1.357047E-05 1.367162E-05 1.126330E-05 9.363035E-06 6.348974E-06 3.273858E-06 1.546754E-06
40 -6.767857E+00 5.178571E-01 2.504752E+00 1.267865E-05 1.374066E-05 1.484759E-05 1.495826E-05 1.199917E-05 9.974759E-06 6.763777E-06 3.487752E-06 1.647810E-06
41 -6.250000E+00 5.178571E-01 2.504752E+00 1.381847E-05 1.497595E-05 1.618240E-05 1.630302E-05 1.260425E-05 1.047775E-05 7.104849E-06 3.663626E-06 1.730903E-06
42 -5.732143E+00 5.178571E-01 2.504752E+00 1.501229E-05 1.626977E-05 1.758045E-05 1.771149E-05 1.309342E-05 1.088439E-05 7.380589E-06 3.805812E-06 1.798080E-06
43 -5.214286E+00 5.178571E-01 2.504752E+00 1.626345E-05 1.762572E-05 1.904563E-05 1.918760E-05 1.348008E-05 1.120582E-05 7.598545E-06 3.918201E-06 1.851178E-06
44 -4.696429E+00 5.178571E-01 2.504752E+00 1.757434E-05 1.904643E-05 2.058079E-05 2.073419E-05 1.377625E-05 1.145202E-05 7.765494E-06 4.004289E-06 1.891851E-06
45 -4.178571E+00 5.178571E-01 2.504752E+00 1.894682E-05 2.053386E-05 2.218805E-05 2.235344E-05 1.399274E-05 1.163198E-05 7.887524E-06 4.067214E-06 1.921580E-06
46 -3.660714E+00 5.178571E-01 2.504752E+00 2.038235E-05 2.208964E-05 2.386916E-05 2.404708E-05 1.413924E-05 1.175377E-05 7.970102E-06 4.109795E-06 1.941698E-06
47 -3.142857E+00 5.178571E-01 2.504752E+00 2.188227E-05 2.371519E-05 2.562566E-05 2.581667E-05 1.422445E-05 1.182460E-05 8.018136E-06 4.134564E-06 1.953400E-06
48 -2.625000E+00 5.178571E-01 2.504752E+00 2.344782E-05 2.541188E-05 2.745903E-05 2.766371E-05 1.425619E-05 1.185099E-05 8.036027E-06 4.143789E-06 1.957759E-06
49 -2.107143E+00 5.178571E-01 2.504752E+00 2.508030E-05 2.718111E-05 2.937079E-05 2.958971E-05 1.424146E-05 1.183874E-05 8.027725E-06 4.139509E-06 1.955736E-06
50 -1.589286E+00 5.178571E-01 2.504752E+00 2.678110E-05 2.902437E-05 3.136254E-05 3.159631E-05 1.418655E-05 1.179309E-05 7.996771E-06 4.123547E-06 1.948195E-06
51 -1.071429E+00 5.178571E-01 2.504752E+00 2.855172E-05 3.094331E-05 3.343606E-05 3.368529E-05 1.409707E-05 1.171872E-05 7.946337E-06 4.097541E-06 1.935908E-06
52 -5.535714E-01 5.178571E-01 2.504752E+00 3.039384E-05 3.293973E-05 3.559332E-05 3.585862E-05 1.397808E-05 1.161980E-05 7.879263E-06 4.062954E-06 1.919568E-06
53 -3.571429E-02 5.178571E-01 2.504752E+00 3.230930E-05 3.501563E-05 3.783645E-05 3.811848E-05 1.383408E-05 1.150010E-05 7.798092E-06 4.021098E-06 1.899793E-06
54 4.821429E-01 5.178571E-01 2.504752E+00 3.430014E-05 3.717323E-05 4.016786E-05 4.046727E-05 1.366911E-05 1.136295E-05 7.705098E-06 3.973145E-06 1.877137E-06
55 1.000000E+00 5.178571E-01 2.504752E+00 3.636858E-05 3.941493E-05 4.259015E-05 4.290761E-05 1.348676E-05 1.121137E-05 7.602311E-06 3.920143E-06 1.852096E-06
56 1.517857E+00 5.178571E-01 2.504752E+00 3.851707E-05 4.174338E-05 4.510618E-05 4.544240E-05 1.329026E-05 1.104802E-05 7.491547E-06 3.863028E-06 1.825111E-06
57 2.035714E+00 5.178571E-01 2.504752E+00 4.074825E-05 4.416145E-05 4.771905E-05 4.807474E-05 1.308248E-05 1.087530E-05 7.374424E-06 3.802633E-06 1.796577E-06
58 2.553571E+00 5.178571E-01 2.504752E+00 4.306497E-05 4.667223E-05 5.043209E-05 5.080801E-05 1.286598E-05 1.069532E-05 7.252384E-06 3.739703E-06 1.766846E-06
59 3.071429E+00 5.178571E-01 2.504752E+00 4.547031E-05 4.927905E-05 5.324891E-05 5.364582E-05 1.264303E-05 1.050999E-05 7.126713E-06 3.674900E-06 1.736229E-06
60 3.589286E+00 5.178571E-01 2.504752E+00 4.796754E-05 5.198546E-05 5.617335E-05 5.659206E-05 1.241567E-05 1.032099E-05 6.998554E-06 3.608815E-06 1.705007E-06
61 4.107143E+00 5.178571E-01 2.504752E+00 5.056018E-05 5.479526E-05 5.920951E-05 5.965085E-05 1.218571E-05 1.012982E-05 6.868923E-06 3.541971E-06 1.673426E-06
62 4.625000E+00 5.178571E-01 2.504752E+00 5.325194E-05 5.771249E-05 6.236175E-05 6.282658E-05 1.195473E-05 9.937811E-06 6.738723E-06 3.474833E-06 1.641706E-06
63 5.142857E+00 5.178571E-01 2.504752E+00 5.604677E-05 6.074142E-05 6.563468E-05 6.612391E-05 1.172416E-05 9.746141E-06 6.608754E-06 3.407814E-06 1.610043E-06
64 5.660714E+00 5.178571E-01 2.504752E+00 5.894882E-05 6.388656E-05 6.903319E-05 6.954776E-05 1.149525E-05 9.555858E-06 6.479724E-06 3.341280E-06 1.578608E-06
65 6.178571E+00 5.178571E-01 2.504752E+00 6.196251E-05 6.715269E-05 7.256243E-05 7.310330E-05 1.126913E-05 9.367885E-06 6.352263E-06 3.275554E-06 1.547556E-06
66 6.696429E+00 5.178571E-01 2.504752E+00 6.509245E-05 7.054480E-05 7.622781E-05 7.679601E-05 1.104677E-05 9.183042E-06 6.226923E-06 3.210922E-06 1.517020E-06
67 7.214286E+00 5.178571E-01 2.504752E+00 6.834351E-05 7.406818E-05 8.003503E-05 8.063161E-05 1.082905E-05 9.002051E-06 6.104194E-06 3.147637E-06 1.487121E-06
68 7.732143E+00 5.178571E-01 2.504752E+00 7.172080E-05 7.772836E-05 8.399007E-05 8.461612E-05 1.061673E-05 8.825549E-06 5.984510E-06 3.085922E-06 1.457963E-06
69 8.250000E+00 5.178571E-01 2.504752E+00 7.522965E-05 8.153113E-05 8.809918E-05 8.875586E-05 1.041048E-05 8.654098E-06 5.868251E-06 3.025972E-06 1.429639E-06
70 8.767857E+00 5.178571E-01 2.504752E+00 7.887568E-05 8.548256E-05 9.236893E-05 9.305744E-05 1.021090E-05 8.488191E-06 5.755751E-06 2.967962E-06 1.402232E-06
71 9.285714E+00 5.178571E-01 2.504752E+00 8.266473E-05 8.958899E-05 9.680618E-05 9.752776E-05 1.001852E-05 8.328265E-06 5.647307E-06 2.912043E-06 1.375813E-06
72 9.803571E+00 5.178571E-01 2.504752E+00 8.660293E-05 9.385706E-05 1.014181E-04 1.021740E-04 9.833789E-06 8.174703E-06 5.543179E-06 2.858349E-06 1.350444E-06
73 1.032143E+01 5.178571E-01 2.504752E+00 9.069666E-05 9.829370E-05 1.062121E-04 1.070038E-04 9.657123E-06 8.027843E-06 5.443594E-06 2.806997E-06 1.326183E-06
74 1.083929E+01 5.178571E-01 2.504752E+00 9.495259E-05 1.029061E-04 1.111961E-04 1.120250E-04 9.488874E-06 7.887980E-06 5.348754E-06 2.758093E-06 1.303078E-06
75 1.135714E+01 5.178571E-01 2.504752E+00 9.937769E-05 1.077019E-04 1.163782E-04 1.172457E-04 9.329360E-06 7.755377E-06 5.258838E-06 2.711728E-06 1.281173E-06
76 1.187500E+01 5.178571E-01 2.504752E+00 1.039792E-04 1.126888E-04 1.217669E-04 1.226745E-04 9.178858E-06 7.630267E-06 5.174002E-06 2.667982E-06 1.260505E-06
77 1.239286E+01 5.178571E-01 2.504752E+00 1.087647E-04 1.178751E-04 1.273710E-04 1.283204E-04 9.037615E-06 7.512854E-06 5.094386E-06 2.626928E-06 1.241108E-06
78 1.291071E+01 5.178571E-01 2.504752E+00 1.137419E-04 1.232693E-04 1.331998E-04 1.341926E-04 8.905854E-06 7.403322E-06 5.020113E-06 2.588629E-06 1.223014E-06
79 1.342857E+01 5.178571E-01 2.504752E+00 1.189192E-04 1.288803E-04 1.392627E-04 1.403008E-04 8.783771E-06 7.301836E-06 4.951297E-06 2.553144E-06 1.206249E-06
80 1.394643E+01 5.178571E-01 2.504752E+00 1.243051E-04 1.347172E-04 1.455699E-04 1.466550E-04 8.671544E-06 7.208544E-06 4.888036E-06 2.520523E-06 1.190837E-06
81 1.446429E+01 5.178571E-01 2.504752E+00 1.299083E-04 1.407898E-04 1.521317E-04 1.532657E-04 8.569339E-06 7.123582E-06 4.830424E-06 2.490816E-06 1.176801E-06
82 1.498214E+01 5.178571E-01 2.504752E+00 1.357381E-04 1.471080E-04 1.589588E-04 1.601437E-04 8.477304E-06 7.047074E-06 4.778546E-06 2.464064E-06 1.164162E-06
83 1.550000E+01 5.178571E-01 2.504752E+00 1.418042E-04 1.536821E-04 1.660626E-04 1.673004E-04 8.395582E-06 6.979140E-06 4.732480E-06 2.440310E-06 1.152940E-06
84 1.601786E+01 5.178571E-01 2.504752E+00 1.481164E-04 1.605231E-04 1.734546E-04 1.747475E-04 8.324305E-06 6.919889E-06 4.692302E-06 2.419593E-06 1.143152E-06
85 1.653571E+01 5.178571E-01 2.504752E+00 1.546851E-04 1.676420E-04 1.811471E-04 1.824973E-04 8.263604E-06 6.869428E-06 4.658086E-06 2.401949E-06 1.134816E-06
86 1.705357E+01 5.178571E-01 2.504752E+00 1.615211E-04 1.750506E-04 1.891525E-04 1.905624E-04 8.213603E-06 6.827863E-06 4.629901E-06 2.387415E-06 1.127949E-06
87 1.757143E+01 5.178571E-01 2.504752E+00 1.686356E-04 1.827610E-04 1.974840E-04 1.989561E-04 8.174429E-06 6.795298E-06 4.607819E-06 2.376029E-06 1.122569E-06
88 1.808929E+01 5.178571E-01 2.504752E+00 1.760401E-04 1.907858E-04 2.061552E-04 2.076919E-04 8.146206E-06 6.771837E-06 4.591910E-06 2.367825E-06 1.118694E-06
89 1.860714E+01 5.178571E-01 2.504752E+00 1.837467E-04 1.991379E-04 2.151802E-04 2.167842E-04 8.129063E-06 6.757586E-06 4.582246E-06 2.362842E-06 1.116339E-06
90 1.912500E+01 5.178571E-01 2.504752E+00 1.917679E-04 2.078310E-04 2.245737E-04 2.262476E-04 8.123131E-06 6.752655E-06 4.578903E-06 2.361118E-06 1.115525E-06
91 1.964286E+01 5.178571E-01 2.504752E+00 2.001167E-04 2.168792E-04 2.343507E-04 2.360975E-04 8.128547E-06 6.757157E-06 4.581956E-06 2.362693E-06 1.116269E-06
92 2.016071E+01 5.178571E-01 2.504752E+00 2.088066E-04 2.262969E-04 2.445272E-04 2.463498E-04 8.145455E-06 6.771212E-06 4.591486E-06 2.367607E-06 1.118591E-06
93 2.067857E+01 5.178571E-01 2.504752E+00 2.178515E-04 2.360995E-04 2.551194E-04 2.570210E-04 8.174003E-06 6.794944E-06 4.607579E-06 2.375905E-06 1.122511E-06
94 2.119643E+01 5.178571E-01 2.504752E+00 2.272659E-04 2.463025E-04 2.661443E-04 2.681281E-04 8.214351E-06 6.828485E-06 4.630323E-06 2.387633E-06 1.128052E-06
95 2.171429E+01 5.178571E-01 2.504752E+00 2.370649E-04 2.569222E-04 2.776196E-04 2.796889E-04 8.266667E-06 6.871975E-06 4.659812E-06 2.402839E-06 1.135236E-06
96 2.223214E+01 5.178571E-01 2.504752E+00 2.472639E-04 2.679755E-04 2.895633E-04 2.917217E-04 8.331127E-06 6.925560E-06 4.696148E-06 2.421576E-06 1.144088E-06
97 2.275000E+01 5.178571E-01 2.504752E+00 2.578792E-04 2.794800E-04 3.019945E-04 3.042456E-04 8.407921E-06 6.989397E-06 4.739435E-06 2.443897E-06 1.154634E-06
98 2.326786E+01 5.178571E-01 2.504752E+00 2.689274E-04 2.914536E-04 3.149327E-04 3.172802E-04 8.497248E-06 7.063654E-06 4.789788E-06 2.469861E-06 1.166901E-06
99 2.378571E+01 5.178571E-01 2.504752E+00 2.804258E-04 3.039151E-04 3.283982E-04 3.308460E-04 8.599320E-06 7.148505E-06 4.847324E-06 2.499530E-06 1.180919E-06
100 2.430357E+01 5.178571E-01 2.504752E+00 2.923924E-04 3.168841E-04 3.424119E-04 3.449642E-04 8.714363E-06 7.244138E-06 4.912172E-06 2.532969E-06 1.196717E-06
101 2.482143E+01 5.178571E-01 2.504752E+00 3.048456E-04 3.303805E-04 3.569956E-04 3.596566E-04 8.842614E-06 7.350752E-06 4.984466E-06 2.570247E-06 1.214329E-06
102 2.533929E+01 5.178571E-01 2.504752E+00 3.178048E-04 3.444251E-04 3.721716E-04 3.749457E-04 8.984326E-06 7.468555E-06 5.064347E-06 2.611438E-06 1.233790E-06
103 2.585714E+01 5.178571E-01 2.504752E+00 3.312896E-04 3.590395E-04 3.879633E-04 3.908552E-04 9.139765E-06 7.597770E-06 5.151966E-06 2.656619E-06 1.255136E-06
104 2.637500E+01 5.178571E-01 2.504752E+00 3.453208E-04 3.742459E-04 4.043947E-04 4.074091E-04 9.309212E-06 7.738629E-06 5.247481E-06 2.705872E-06 1.278406E-06
105 2.689286E+01 5.178571E-01 2.504752E+00 3.599193E-04 3.900673E-04 4.214907E-04 4.246324E-04 9.492965E-06 7.891381E-06 5.351061E-06 2.759283E-06 1.303640E-06
106 2.741071E+01 5.178571E-01 2.504752E+00 3.751072E-04 4.065273E-04 4.392767E-04 4.425510E-04 9.691336E-06 8.056284E-06 5.462879E-06 2.816942E-06 1.330882E-06
107 2.792857E+01 5.178571E-01 2.504752E+00 3.909070E-04 4.236506E-04 4.577794E-04 4.611917E-04 9.904652E-06 8.233611E-06 5.583123E-06 2.878946E-06 1.360176E-06
108 2.844643E+01 5.178571E-01 2.504752E+00 4.073421E-04 4.414624E-04 4.770261E-04 4.805818E-04 1.013326E-05 8.423648E-06 5.711985E-06 2.945394E-06 1.391570E-06
109 2.896429E+01 5.178571E-01 2.504752E+00 4.244366E-04 4.599888E-04 4.970450E-04 5.007499E-04 1.037752E-05 8.626696E-06 5.849670E-06 3.016391E-06 1.425113E-06
110 2.948214E+01 5.178571E-01 2.504752E+00 4.422154E-04 4.792567E-04 5.178651E-04 5.217252E-04 1.063780E-05 8.843070E-06 5.996391E-06 3.092048E-06 1.460857E-06
111 3.000000E+01 5.178571E-01 2.504752E+00 4.607039E-04 4.992939E-04 5.395165E-04 5.435380E-04 1.091451E-05 9.073096E-06 6.152369E-06 3.172479E-06 1.498857E-06
112 3.051786E+01 5.178571E-01 2.504752E+00 4.799286E-04 5.201290E-04 5.620300E-04 5.662193E-04 1.120806E-05 9.317119E-06 6.317838E-06 3.257803E-06 1.539169E-06
113 3.103571E+01 5.178571E-01 2.504752E+00 4.999166E-04 5.417913E-04 5.854373E-04 5.898011E-04 1.151888E-05 9.575495E-06 6.493040E-06 3.348146E-06 1.581852E-06
114 3.155357E+01 5.178571E-01 2.504752E+00 5.206959E-04 5.643111E-04 6.097713E-04 6.143165E-04 1.184740E-05 9.848595E-06 6.678226E-06 3.443638E-06 1.626968E-06
115 3.207143E+01 5.178571E-01 2.504752E+00 5.422952E-04 5.877195E-04 6.350656E-04 6.397993E-04 1.219411E-05 1.013681E-05 6.873659E-06 3.544413E-06 1.674580E-06
116 3.258929E+01 5.178571E-01 2.504752E+00 5.647439E-04 6.120486E-04 6.613546E-04 6.662842E-04 1.255947E-05 1.044053E-05 7.079611E-06 3.650612E-06 1.724754E-06
117 3.310714E+01 5.178571E-01 2.504752E+00 5.880723E-04 6.373311E-04 6.886738E-04 6.938071E-04 1.294400E-05 1.076018E-05 7.296362E-06 3.762380E-06 1.777560E-06
118 3.362500E+01 5.178571E-01 2.504752E+00 6.123116E-04 6.636008E-04 7.170597E-04 7.224046E-04 1.334820E-05 1.109619E-05 7.524206E-06 3.879868E-06 1.833068E-06
119 3.414286E+01 5.178571E-01 2.504752E+00 6.374936E-04 6.908921E-04 7.465495E-04 7.521142E-04 1.377261E-05 1.144900E-05 7.763442E-06 4.003231E-06 1.891351E-06
120 3.466071E+01 5.178571E-01 2.504752E+00 6.636509E-04 7.192404E-04 7.771816E-04 7.829746E-04 1.421779E-05 1.181907E-05 8.014382E-06 4.132628E-06 1.952486E-06
121 3.517857E+01 5.178571E-01 2.504752E+00 6.908169E-04 7.486819E-04 8.089949E-04 8.150250E-04 1.468430E-05 1.220687E-05 8.277347E-06 4.268227E-06 2.016550E-06
122 3.569643E+01 5.178571E-01 2.504752E+00 7.190258E-04 7.792536E-04 8.420294E-04 8.483058E-04 1.517272E-05 1.261289E-05 8.552666E-06 4.410195E-06 2.083624E-06
123 3.621429E+01 5.178571E-01 2.504752E+00 7.483124E-04 8.109934E-04 8.763261E-04 8.828582E-04 1.568367E-05 1.303763E-05 8.840679E-06 4.558710E-06 2.153791E-06
124 3.673214E+01 5.178571E-01 2.504752E+00 7.787123E-04 8.439398E-04 9.119266E-04 9.187240E-04 1.621775E-05 1.348161E-05 9.141733E-06 4.713948E-06 2.227134E-06
125 3.725000E+01 5.178571E-01 2.504752E+00 8.102619E-04 8.781320E-04 9.488733E-04 9.559461E-04 1.677560E-05 1.394534E-05 9.456184E-06 4.876096E-06 2.303742E-06
126 3.776786E+01 5.178571E-01 2.504752E+00 8.429979E-04 9.136101E-04 9.872095E-04 9.945681E-04 1.735786E-05 1.442937E-05 9.784398E-06 5.045340E-06 2.383702E-06
127 3.828571E+01 5.178571E-01 2.504752E+00 8.769580E-04 9.504148E-04 1.026979E-03 1.034634E-03 1.796520E-05 1.493424E-05 1.012675E-05 5.221872E-06 2.467106E-06
128 3.880357E+01 5.178571E-01 2.504752E+00 9.121803E-04 9.885874E-04 1.068227E-03 1.076189E-03 1.859828E-05 1.546051E-05 1.048361E-05 5.405888E-06 2.554045E-06
129 3.932143E+01 5.178571E-01 2.504752E+00 9.487033E-04 1.028170E-03 1.110998E-03 1.119279E-03 1.925780E-05 1.600876E-05 1.085537E-05 5.597588E-06 2.644615E-06
130 3.983929E+01 5.178571E-01 2.504752E+00 9.865661E-04 1.069204E-03 1.155338E-03 1.163950E-03 1.994445E-05 1.657957E-05 1.124243E-05 5.797174E-06 2.738911E-06
131 4.035714E+01 5.178571E-01 2.504752E+00 1.025808E-03 1.111733E-03 1.201293E-03 1.210248E-03 2.065893E-05 1.717351E-05 1.164517E-05 6.004850E-06 2.837029E-06
132 4.087500E+01 5.178571E-01 2.504752E+00 1.066470E-03 1.155801E-03 1.248911E-03 1.258220E-03 2.140197E-05 1.779118E-05 1.206401E-05 6.220825E-06 2.939067E-06
133 4.139286E+01 5.178571E-01 2.504752E+00 1.108590E-03 1.201450E-03 1.298237E-03 1.307914E-03 2.217427E-05 1.843319E-05 1.249935E-05 6.445307E-06 3.045125E-06
134 4.191071E+01 5.178571E-01 2.504752E+00 1.152211E-03 1.248724E-03 1.349319E-03 1.359377E-03 2.297657E-05 1.910013E-05 1.295159E-05 6.678508E-06 3.155303E-06
135 4.242857E+01 5.178571E-01 2.504752E+00 1.197371E-03 1.297667E-03 1.402205E-03 1.412657E-03 2.380959E-05 1.979261E-05 1.342116E-05 6.920640E-06 3.269699E-06
136 4.294643E+01 5.178571E-01 2.504752E+00 1.244112E-03 1.348322E-03 1.456942E-03 1.467802E-03 2.467407E-05 2.051124E-05 1.390845E-05 7.171915E-06 3.388416E-06
137 4.346429E+01 5.178571E-01 2.504752E+00 1.292473E-03 1.400735E-03 1.513576E-03 1.524858E-03 2.557074E-05 2.125663E-05 1.441389E-05 7.432545E-06 3.511552E-06
138 4.398214E+01 5.178571E-01 2.504752E+00 1.342495E-03 1.454947E-03 1.572155E-03 1.583874E-03 2.650032E-05 2.202937E-05 1.493788E-05 7.702742E-06 3.639208E-06
139 4.450000E+01 5.178571E-01 2.504752E+00 1.394217E-03 1.511001E-03 1.632726E-03 1.644896E-03 2.746353E-05 2.283008E-05 1.548083E-05 7.982714E-06 3.771483E-06
140 4.501786E+01 5.178571E-01 2.504752E+00 1.447679E-03 1.568941E-03 1.695333E-03 1.707970E-03 2.846108E-05 2.365933E-05 1.604314E-05 8.272670E-06 3.908474E-06
141 4.553571E+01 5.178571E-01 2.504752E+00 1.502918E-03 1.628807E-03 1.760022E-03 1.773141E-03 2.949369E-05 2.451772E-05 1.662521E-05 8.572813E-06 4.050278E-06
142 4.605357E+01 5.178571E-01 2.504752E+00 1.559973E-03 1.690642E-03 1.826838E-03 1.840455E-03 3.056202E-05 2.540582E-05 1.722741E-05 8.883342E-06 4.196990E-06
143 4.657143E+01 5.178571E-01 2.504752E+00 1.618881E-03 1.754483E-03 1.895823E-03 1.909954E-03 3.166677E-05 2.632418E-05 1.785014E-05 9.204453E-06 4.348701E-06
144 4.708929E+01 5.178571E-01 2.504752E+00 1.679676E-03 1.820371E-03 1.967018E-03 1.981680E-03 3.280856E-05 2.727334E-05 1.849376E-05 9.536334E-06 4.505500E-06
145 4.760714E+01 5.178571E-01 2.504752E+00 1.742393E-03 1.888342E-03 2.040464E-03 2.055674E-03 3.398803E-05 2.825382E-05 1.915861E-05 9.879167E-06 4.667474E-06
146 4.812500E+01 5.178571E-01 2.504752E+00 1.807065E-03 1.958431E-03 2.116200E-03 2.131974E-03 3.520578E-05 2.926611E-05 1.984504E-05 1.023312E-05 4.834703E-06
147 4.864286E+01 5.178571E-01 2.504752E+00 1.873723E-03 2.030672E-03 2.194261E-03 2.210616E-03 3.646235E-05 3.031069E-05 2.055335E-05 1.059837E-05 5.007264E-06
148 4.916071E+01 5.178571E-01 2.504752E+00 1.942395E-03 2.105096E-03 2.274680E-03 2.291635E-03 3.775829E-05 3.138798E-05 2.128385E-05 1.097505E-05 5.185231E-06
149 4.967857E+01 5.178571E-01 2.504752E+00 2.013108E-03 2.181732E-03 2.357490E-03 2.375062E-03 3.909407E-05 3.249840E-05 2.203681E-05 1.136332E-05 5.368669E-06
150 5.019643E+01 5.178571E-01 2.504752E+00 2.085886E-03 2.260606E-03 2.442718E-03 2.460926E-03 4.047012E-05 3.364229E-05 2.281248E-05 1.176329E-05 5.557639E-06
151 5.071429E+01 5.178571E-01 2.504752E+00 2.160750E-03 2.341741E-03 2.530389E-03 2.549251E-03 4.188684E-05 3.481999E-05 2.361106E-05 1.217508E-05 5.752192E-06
152 5.123214E+01 5.178571E-01 2.504752E+00 2.237719E-03 2.425158E-03 2.620526E-03 2.640059E-03 4.334454E-05 3.603176E-05 2.443275E-05 1.259879E-05 5.952374E-06
153 5.175000E+01 5.178571E-01 2.504752E+00 2.316809E-03 2.510872E-03 2.713145E-03 2.733369E-03 4.484351E-05 3.727783E-05 2.527770E-05 1.303448E-05 6.158222E-06
154 5.226786E+01 5.178571E-01 2.504752E+00 2.398030E-03 2.598896E-03 2.808261E-03 2.829193E-03 4.638392E-05 3.855836E-05 2.614601E-05 1.348223E-05 6.369763E-06
155 5.278571E+01 5.178571E-01 2.504752E+00 2.481390E-03 2.689239E-03 2.905881E-03 2.927541E-03 4.796592E-05 3.987346E-05 2.703776E-05 1.394206E-05 6.587015E-06
156 5.330357E+01 5.178571E-01 2.504752E+00 2.566893E-03 2.781904E-03 3.006011E-03 3.028418E-03 4.958955E-05 4.122316E-05 2.795298E-05 1.441400E-05 6.809982E-06
157 5.382143E+01 5.178571E-01 2.504752E+00 2.654538E-03 2.876891E-03 3.108650E-03 3.131821E-03 5.125477E-05 4.260743E-05 2.889164E-05 1.489802E-05 7.038662E-06
158 5.433929E+01 5.178571E-01 2.504752E+00 2.744320E-03 2.974193E-03 3.213790E-03 3.237746E-03 5.296145E-05 4.402618E-05 2.985368E-05 1.539410E-05 7.273036E-06
159 5.485714E+01 5.178571E-01 2.504752E+00 2.836227E-03 3.073798E-03 3.321420E-03 3.346178E-03 5.470938E-05 4.547921E-05 3.083896E-05 1.590216E-05 7.513073E-06
160 5.537500E+01 5.178571E-01 2.504752E+00 2.930244E-03 3.175691E-03 3.431521E-03 3.457099E-03 5.649823E-05 4.696625E-05 3.184731E-05 1.642212E-05 7.758730E-06
161 5.589286E+01 5.178571E-01 2.504752E+00 3.026350E-03 3.279846E-03 3.544067E-03 3.570484E-03 5.832756E-05 4.848696E-05 3.287848E-05 1.695384E-05 8.009947E-06
162 5.641071E+01 5.178571E-01 2.504752E+00 3.124516E-03 3.386235E-03 3.659026E-03 3.686300E-03 6.019684E-05 5.004086E-05 3.393217E-05 1.749718E-05 8.266649E-06
163 5.692857E+01 5.178571E-01 2.504752E+00 3.224709E-03 3.494821E-03 3.776360E-03 3.804508E-03 6.210540E-05 5.162742E-05 3.500800E-05 1.805193E-05 8.528746E-06
164 5.744643E+01 5.178571E-01 2.504752E+00 3.326889E-03 3.605560E-03 3.896020E-03 3.925060E-03 6.405245E-05 5.324599E-05 3.610553E-05 1.861787E-05 8.796129E-06
165 5.796429E+01 5.178571E-01 2.504752E+00 3.431009E-03 3.718402E-03 4.017952E-03 4.047901E-03 6.603709E-05 5.489579E-05 3.722425E-05 1.919474E-05 9.068674E-06
166 5.848214E+01 5.178571E-01 2.504752E+00 3.537016E-03 3.833288E-03 4.142093E-03 4.172968E-03 6.805827E-05 5.657597E-05 3.836356E-05 1.978223E-05 9.346236E-06
167 5.900000E+01 5.178571E-01 2.504752E+00 3.644848E-03 3.950152E-03 4.268372E-03 4.300188E-03 7.011481E-05 5.828555E-05 3.952280E-05 2.037999E-05 9.628654E-06
168 5.951786E+01 5.178571E-01 2.504752E+00 3.754437E-03 4.068921E-03 4.396708E-03 4.429481E-03 7.220538E-05 6.002341E-05 4.070123E-05 2.098765E-05 9.915746E-06
169 6.003571E+01 5.178571E-01 2.504752E+00 3.865707E-03 4.189511E-03 4.527014E-03 4.560757E-03 7.432852E-05 6.178835E-05 4.189802E-05 2.160478E-05 1.020731E-05
170 6.055357E+01 5.178571E-01 2.504752E+00 3.978575E-03 4.311833E-03 4.659190E-03 4.693919E-03 7.648261E-05 6.357902E-05 4.311225E-05 2.223090E-05 1.050312E-05
171 6.107143E+01 5.178571E-01 2.504752E+00 4.092949E-03 4.435788E-03 4.793130E-03 4.828857E-03 7.866589E-05 6.539395E-05 4.434294E-05 2.286550E-05 1.080295E-05
172 6.158929E+01 5.178571E-01 2.504752E+00 4.208731E-03 4.561267E-03 4.928718E-03 4.965456E-03 8.087645E-05 6.723156E-05 4.558900E-05 2.350804E-05 1.110652E-05
173 6.210714E+01 5.178571E-01 2.504752E+00 4.325812E-03 4.688156E-03 5.065829E-03 5.103589E-03 8.311223E-05 6.909013E-05 4.684928E-05 2.415790E-05 1.141355E-05
174 6.262500E+01 5.178571E-01 2.504752E+00 4.444079E-03 4.816329E-03 5.204327E-03 5.243119E-03 8.537101E-05 7.096783E-05 4.812252E-05 2.481445E-05 1.172374E-05
175 6.314286E+01 5.178571E-01 2.504752E+00 4.563408E-03 4.945653E-03 5.344070E-03 5.383904E-03 8.765042E-05 7.286268E-05 4.940740E-05 2.547700E-05 1.203677E-05
176 6.366071E+01 5.178571E-01 2.504752E+00 4.683668E-03 5.075987E-03 5.484903E-03 5.525787E-03 8.994796E-05 7.477259E-05 5.070249E-05 2.614482E-05 1.235228E-05
177 6.417857E+01 5.178571E-01 2.504752E+00 4.804723E-03 5.207182E-03 5.626666E-03 5.668607E-03 9.226097E-05 7.669537E-05 5.200631E-05 2.681713E-05 1.266992E-05
178 6.469643E+01 5.178571E-01 2.504752E+00 4.926425E-03 5.339078E-03 5.769188E-03 5.812191E-03 9.458665E-05 7.862868E-05 5.331726E-05 2.749313E-05 1.298930E-05
179 6.521429E+01 5.178571E-01 2.504752E+00 5.048623E-03 5.471511E-03 5.912290E-03 5.956360E-03 9.692207E-05 8.057007E-05 5.463370E-05 2.817195E-05 1.331001E-05
180 6.573214E+01 5.178571E-01 2.504752E+00 5.171156E-03 5.604308E-03 6.055785E-03 6.100924E-03 9.926414E-05 8.251701E-05 5.595390E-05 2.885271E-05 1.363164E-05
181 6.625000E+01 5.178571E-01 2.504752E+00 5.293859E-03 5.737289E-03 6.199479E-03 6.245689E-03 1.016097E-04 8.446684E-05 5.727605E-05 2.953448E-05 1.395375E-05
182 6.676786E+01 5.178571E-01 2.504752E+00 5.416559E-03 5.870267E-03 6.343169E-03 6.390450E-03 1.039554E-04 8.641679E-05 5.859830E-05 3.021630E-05 1.427588E-05
183 6.728571E+01 5.178571E-01 2.504752E+00 5.539078E-03 6.003048E-03 6.486647E-03 6.534998E-03 1.062978E-04 8.836404E-05 5.991871E-05 3.089717E-05 1.459756E-05
184 6.780357E+01 5.178571E-01 2.504752E+00 5.661233E-03 6.135436E-03 6.629699E-03 6.679116E-03 1.086335E-04 9.030566E-05 6.123530E-05 3.157607E-05 1.491831E-05
185 6.832143E+01 5.178571E-01 2.504752E+00 5.782836E-03 6.267224E-03 6.772105E-03 6.822583E-03 1.109588E-04 9.223864E-05 6.254603E-05 3.225196E-05 1.523764E-05
186 6.883929E+01 5.178571E-01 2.504752E+00 5.903695E-03 6.398207E-03 6.913639E-03 6.965173E-03 1.132700E-04 9.415993E-05 6.384884E-05 3.292375E-05 1.555503E-05
187 6.935714E+01 5.178571E-01 2.504752E+00 6.023615E-03 6.528172E-03 7.054074E-03 7.106654E-03 1.155634E-04 9.606640E-05 6.514159E-05 3.359036E-05 1.586997E-05
188 6.987500E+01 5.178571E-01 2.504752E+00 6.142397E-03 6.656904E-03 7.193177E-03 7.246794E-03 1.178352E-04 9.795490E-05 6.642216E-05 3.425069E-05 1.618195E-05
189 7.039286E+01 5.178571E-01 2.504752E+00 6.259842E-03 6.784187E-03 7.330713E-03 7.385355E-03 1.200815E-04 9.982223E-05 6.768838E-05 3.490362E-05 1.649043E-05
190 7.091071E+01 5.178571E-01 2.504752E+00 6.375749E-03 6.909802E-03 7.466448E-03 7.522102E-03 1.222985E-04 1.016652E-04 6.893807E-05 3.554802E-05 1.679488E-05
191 7.142857E+01 5.178571E-01 2.504752E+00 6.489914E-03 7.033530E-03 7.600144E-03 7.656794E-03 1.244823E-04 1.034805E-04 7.016903E-05 3.618277E-05 1.709477E-05
192 7.194643E+01 5.178571E-01 2.504752E+00 6.602138E-03 7.155154E-03 7.731565E-03 7.789195E-03 1.266290E-04 1.052651E-04 7.137910E-05 3.680674E-05 1.738957E-05
193 7.246429E+01 5.178571E-01 2.504752E+00 6.712218E-03 7.274455E-03 7.860477E-03 7.919068E-03 1.287348E-04 1.070156E-04 7.256611E-05 3.741882E-05 1.767875E-05
194 7.298214E+01 5.178571E-01 2.504752E+00 6.819958E-03 7.391219E-03 7.986647E-03 8.046179E-03 1.307958E-04 1.087289E-04 7.372789E-05 3.801790E-05 1.796179E-05
195 7.350000E+01 5.178571E-01 2.504752E+00 6.925160E-03 7.505233E-03 8.109846E-03 8.170296E-03 1.328084E-04 1.104019E-04 7.486235E-05 3.860289E-05 1.823817E-05
196 7.401786E+01 5.178571E-01 2.504752E+00 7.027632E-03 7.616289E-03 8.229849E-03 8.291193E-03 1.347688E-04 1.120316E-04 7.596739E-05 3.917270E-05 1.850739E-05
197 7.453571E+01 5.178571E-01 2.504752E+00 7.127188E-03 7.724184E-03 8.346435E-03 8.408649E-03 1.366734E-04 1.136148E-04 7.704099E-05 3.972631E-05 1.876894E-05
198 7.505357E+01 5.178571E-01 2.504752E+00 7.223643E-03 7.828719E-03 8.459392E-03 8.522447E-03 1.385187E-04 1.151488E-04 7.808118E-05 4.026268E-05 1.902235E-05
199 7.557143E+01 5.178571E-01 2.504752E+00 7.316822E-03 7.929703E-03 8.568511E-03 8.632379E-03 1.403013E-04 1.166307E-04 7.908603E-05 4.078083E-05 1.926716E-05
200 7.608929E+01 5.178571E-01 2.504752E+00 7.406555E-03 8.026951E-03 8.673594E-03 8.738246E-03 1.420180E-04 1.180578E-04 8.005371E-05 4.127982E-05 1.950290E-05
201 7.660714E+01 5.178571E-01 2.504752E+00 7.492678E-03 8.120289E-03 8.774450E-03 8.839854E-03 1.436657E-04 1.194274E-04 8.098246E-05 4.175873E-05 1.972917E-05
202 7.712500E+01 5.178571E-01 2.504752E+00 7.575038E-03 8.209547E-03 8.870899E-03 8.937022E-03 1.452413E-04 1.207372E-04 8.187062E-05 4.221671E-05 1.994555E-05
203 7.764286E+01 5.178571E-01 2.504752E+00 7.653489E-03 8.294569E-03 8.962771E-03 9.029578E-03 1.467421E-04 1.219848E-04 8.271660E-05 4.265294E-05 2.015165E-05
204 7.816071E+01 5.178571E-01 2.504752E+00 7.727894E-03 8.375207E-03 9.049905E-03 9.117362E-03 1.481655E-04 1.231681E-04 8.351894E-05 4.306667E-05 2.034711E-05
205 7.867857E+01 5.178571E-01 2.504752E+00 7.798128E-03 8.451324E-03 9.132153E-03 9.200223E-03 1.495090E-04 1.242849E-04 8.427626E-05 4.345718E-05 2.053162E-05
206 7.919643E+01 5.178571E-01 2.504752E+00 7.864074E-03 8.522793E-03 9.209380E-03 9.278026E-03 1.507704E-04 1.253335E-04 8.498732E-05 4.382384E-05 2.070484E-05
207 7.971429E+01 5.178571E-01 2.504752E+00 7.925626E-03 8.589502E-03 9.281462E-03 9.350645E-03 1.519477E-04 1.263122E-04 8.565096E-05 4.416605E-05 2.086652E-05
208 8.023214E+01 5.178571E-01 2.504752E+00 7.982691E-03 8.651347E-03 9.348290E-03 9.417971E-03 1.530392E-04 1.272195E-04 8.626618E-05 4.448329E-05 2.101640E-05
209 8.075000E+01 5.178571E-01 2.504752E+00 8.035186E-03 8.708239E-03 9.409765E-03 9.479904E-03 1.540431E-04 1.280540E-04 8.683207E-05 4.477509E-05 2.115427E-05
210 8.126786E+01 5.178571E-01 2.504752E+00 8.083040E-03 8.760101E-03 9.465805E-03 9.536362E-03 1.549581E-04 1.288147E-04 8.734787E-05 4.504106E-05 2.127993E-05
211 8.178571E+01 5.178571E-01 2.504752E+00 8.126193E-03 8.806869E-03 9.516340E-03 9.587274E-03 1.557831E-04 1.295005E-04 8.781293E-05 4.528087E-05 2.139323E-05
212 8.230357E+01 5.178571E-01 2.504752E+00 8.164598E-03 8.848491E-03 9.561315E-03 9.632584E-03 1.565173E-04 1.301108E-04 8.822673E-05 4.549425E-05 2.149404E-05
213 8.282143E+01 5.178571E-01 2.504752E+00 8.198219E-03 8.884928E-03 9.600688E-03 9.672251E-03 1.571598E-04 1.306449E-04 8.858890E-05 4.568100E-05 2.158227E-05
214 8.333929E+01 5.178571E-01 2.504752E+00 8.227033E-03 8.916156E-03 9.634431E-03 9.706245E-03 1.577102E-04 1.311025E-04 8.889918E-05 4.584100E-05 2.165786E-05
215 8.385714E+01 5.178571E-01 2.504752E+00 8.251028E-03 8.942160E-03 9.662531E-03 9.734554E-03 1.581683E-04 1.314833E-04 8.915743E-05 4.597417E-05 2.172078E-05
216 8.437500E+01 5.178571E-01 2.504752E+00 8.270203E-03 8.962942E-03 9.684986E-03 9.757177E-03 1.585342E-04 1.317874E-04 8.936365E-05 4.608050E-05 2.177102E-05
217 8.489286E+01 5.178571E-01 2.504752E+00 8.284570E-03 8.978512E-03 9.701810E-03 9.774127E-03 1.588079E-04 1.320150E-04 8.951796E-05 4.616007E-05 2.180861E-05
218 8.541071E+01 5.178571E-01 2.504752E+00 8.294150E-03 8.988894E-03 9.713030E-03 9.785429E-03 1.589900E-04 1.321664E-04 8.962060E-05 4.621300E-05 2.183362E-05
219 8.592857E+01 5.178571E-01 2.504752E+00 8.298977E-03 8.994126E-03 9.718682E-03 9.791124E-03 1.590811E-04 1.322421E-04 8.967193E-05 4.623947E-05 2.184612E-05
220 8.644643E+01 5.178571E-01 2.504752E+00 8.299094E-03 8.994253E-03 9.718820E-03 9.791263E-03 1.590819E-04 1.322428E-04 8.967240E-05 4.623971E-05 2.184624E-05
221 8.696429E+01 5.178571E-01 2.504752E+00 8.294556E-03 8.989334E-03 9.713505E-03 9.785908E-03 1.589936E-04 1.321693E-04 8.962261E-05 4.621404E-05 2.183411E-05
222 8.748214E+01 5.178571E-01 2.504752E+00 8.285424E-03 8.979438E-03 9.702811E-03 9.775134E-03 1.588173E-04 1.320228E-04 8.952323E-05 4.616279E-05 2.180990E-05
223 8.800000E+01 5.178571E-01 2.504752E+00 8.271772E-03 8.964642E-03 9.686823E-03 9.759027E-03 1.585544E-04 1.318042E-04 8.937504E-05 4.608638E-05 2.177379E-05
224 8.851786E+01 5.178571E-01 2.504752E+00 8.253680E-03 8.945034E-03 9.665636E-03 9.737682E-03 1.582065E-04 1.315150E-04 8.917892E-05 4.598525E-05 2.172601E-05
225 8.903571E+01 5.178571E-01 2.504752E+00 8.231237E-03 8.920711E-03 9.639354E-03 9.711205E-03 1.577752E-04 1.311565E-04 8.893582E-05 4.585989E-05 2.166679E-05
226 8.955357E+01 5.178571E-01 2.504752E+00 8.204540E-03 8.891779E-03 9.608090E-03 9.679708E-03 1.572625E-04 1.307303E-04 8.864680E-05 4.571086E-05 2.159638E-05
227 9.007143E+01 5.178571E-01 2.504752E+00 8.173693E-03 8.858348E-03 9.571966E-03 9.643314E-03 1.566702E-04 1.302380E-04 8.831296E-05 4.553871E-05 2.151505E-05
228 9.058929E+01 5.178571E-01 2.504752E+00 8.138805E-03 8.820538E-03 9.531110E-03 9.602154E-03 1.560006E-04 1.296813E-04 8.793549E-05 4.534407E-05 2.142309E-05
229 9.110714E+01 5.178571E-01 2.504752E+00 8.099994E-03 8.778475E-03 9.485659E-03 9.556364E-03 1.552558E-04 1.290622E-04 8.751566E-05 4.512758E-05 2.132081E-05
230 9.162500E+01 5.178571E-01 2.504752E+00 8.057378E-03 8.732290E-03 9.435754E-03 9.506087E-03 1.544381E-04 1.283825E-04 8.705476E-05 4.488992E-05 2.120852E-05
231 9.214286E+01 5.178571E-01 2.504752E+00 8.011086E-03 8.682120E-03 9.381542E-03 9.451471E-03 1.535501E-04 1.276442E-04 8.655416E-05 4.463178E-05 2.108656E-05
232 9.266071E+01 5.178571E-01 2.504752E+00 7.961246E-03 8.628106E-03 9.323176E-03 9.392670E-03 1.525940E-04 1.268495E-04 8.601526E-05 4.435390E-05 2.095527E-05
233 9.317857E+01 5.178571E-01 2.504752E+00 7.907993E-03 8.570392E-03 9.260813E-03 9.329842E-03 1.515726E-04 1.260004E-04 8.543950E-05 4.405701E-05 2.081501E-05
234 9.369643E+01 5.178571E-01 2.504752E+00 7.851463E-03 8.509127E-03 9.194612E-03 9.263148E-03 1.504884E-04 1.250991E-04 8.482835E-05 4.374187E-05 2.066612E-05
235 9.421429E+01 5.178571E-01 2.504752E+00 7.791795E-03 8.444461E-03 9.124737E-03 9.192751E-03 1.493441E-04 1.241479E-04 8.418333E-05 4.340926E-05 2.050898E-05
236 9.473214E+01 5.178571E-01 2.504752E+00 7.729130E-03 8.376547E-03 9.051352E-03 9.118819E-03 1.481424E-04 1.231489E-04 8.350595E-05 4.305997E-05 2.034395E-05
237 9.525000E+01 5.178571E-01 2.504752E+00 7.663611E-03 8.305539E-03 8.974624E-03 9.041520E-03 1.468861E-04 1.221045E-04 8.279775E-05 4.269479E-05 2.017142E-05
238 9.576786E+01 5.178571E-01 2.504752E+00 7.595380E-03 8.231594E-03 8.894722E-03 8.961022E-03 1.455778E-04 1.210169E-04 8.206029E-05 4.231451E-05 1.999175E-05
239 9.628571E+01 5.178571E-01 2.504752E+00 7.524583E-03 8.154866E-03 8.811813E-03 8.877495E-03 1.442203E-04 1.198885E-04 8.129510E-05 4.191994E-05 1.980534E-05
240 9.680357E+01 5.178571E-01 2.504752E+00 7.451363E-03 8.075513E-03 8.726067E-03 8.791110E-03 1.428164E-04 1.187215E-04 8.050376E-05 4.151189E-05 1.961255E-05
241 9.732143E+01 5.178571E-01 2.504752E+00 7.375863E-03 7.993689E-03 8.637652E-03 8.702036E-03 1.413689E-04 1.175182E-04 7.968781E-05 4.109114E-05 1.941376E-05
242 9.783929E+01 5.178571E-01 2.504752E+00 7.298227E-03 7.909550E-03 8.546734E-03 8.610441E-03 1.398805E-04 1.162808E-04 7.884879E-05 4.065850E-05 1.920936E-05
243 9.835714E+01 5.178571E-01 2.504752E+00 7.218596E-03 7.823249E-03 8.453481E-03 8.516492E-03 1.383538E-04 1.150118E-04 7.798823E-05 4.021475E-05 1.899971E-05
244 9.887500E+01 5.178571E-01 2.504752E+00 7.137111E-03 7.734938E-03 8.358056E-03 8.420356E-03 1.367916E-04 1.137131E-04 7.710765E-05 3.976068E-05 1.878518E-05
245 9.939286E+01 5.178571E-01 2.504752E+00 7.053909E-03 7.644767E-03 8.260620E-03 8.322194E-03 1.351966E-04 1.123872E-04 7.620855E-05 3.929705E-05 1.856614E-05
246 9.991071E+01 5.178571E-01 2.504752E+00 6.969127E-03 7.552883E-03 8.161335E-03 8.222169E-03 1.335713E-04 1.110361E-04 7.529239E-05 3.882463E-05 1.834294E-05
247 1.004286E+02 5.178571E-01 2.504752E+00 6.882899E-03 7.459433E-03 8.060356E-03 8.120437E-03 1.319183E-04 1.096620E-04 7.436061E-05 3.834416E-05 1.811594E-05
248 1.009464E+02 5.178571E-01 2.504752E+00 6.795357E-03 7.364557E-03 7.957838E-03 8.017155E-03 1.302401E-04 1.082669E-04 7.341465E-05 3.785638E-05 1.788548E-05
249 1.014643E+02 5.178571E-01 2.504752E+00 6.706628E-03 7.268397E-03 7.853930E-03 7.912473E-03 1.285392E-04 1.068530E-04 7.245588E-05 3.736199E-05 1.765190E-05
250 1.019821E+02 5.178571E-01 2.504752E+00 6.616839E-03 7.171086E-03 7.748781E-03 7.806539E-03 1.268180E-04 1.054222E-04 7.148567E-05 3.686169E-05 1.741554E-05
251 1.025000E+02 5.178571E-01 2.504752E+00 6.526111E-03 7.072759E-03 7.642532E-03 7.699499E-03 1.250789E-04 1.039765E-04 7.050533E-05 3.635618E-05 1.717670E-05
252 1.030179E+02 5.178571E-01 2.504752E+00 6.434564E-03 6.973543E-03 7.535324E-03 7.591492E-03 1.233240E-04 1.025177E-04 6.951614E-05 3.584610E-05 1.693571E-05
253 1.035357E+02 5.178571E-01 2.504752E+00 6.342312E-03 6.873565E-03 7.427291E-03 7.482654E-03 1.215557E-04 1.010477E-04 6.851936E-05 3.533211E-05 1.669287E-05
254 1.040536E+02 5.178571E-01 2.504752E+00 6.249469E-03 6.772944E-03 7.318565E-03 7.373117E-03 1.197760E-04 9.956829E-05 6.751619E-05 3.481482E-05 1.644848E-05
255 1.045714E+02 5.178571E-01 2.504752E+00 6.156141E-03 6.671799E-03 7.209272E-03 7.263009E-03 1.179871E-04 9.808117E-05 6.650779E-05 3.429484E-05 1.620281E-05
256 1.050893E+02 5.178571E-01 2.504752E+00 6.062434E-03 6.570242E-03 7.099534E-03 7.152453E-03 1.161909E-04 9.658803E-05 6.549530E-05 3.377275E-05 1.595615E-05
257 1.056071E+02 5.178571E-01 2.504752E+00 5.968447E-03 6.468383E-03 6.989469E-03 7.041568E-03 1.143894E-04 9.509044E-05 6.447981E-05 3.324911E-05 1.570875E-05
258 1.061250E+02 5.178571E-01 2.504752E+00 5.874278E-03 6.366326E-03 6.879190E-03 6.930467E-03 1.125844E-04 9.358996E-05 6.346235E-05 3.272446E-05 1.546087E-05
259 1.066429E+02 5.178571E-01 2.504752E+00 5.780019E-03 6.264172E-03 6.768807E-03 6.819261E-03 1.107777E-04 9.208806E-05 6.244392E-05 3.219930E-05 1.521276E-05
260 1.071607E+02 5.178571E-01 2.504752E+00 5.685760E-03 6.162017E-03 6.658422E-03 6.708054E-03 1.089710E-04 9.058616E-05 6.142550E-05 3.167415E-05 1.496465E-05
261 1.076786E+02 5.178571E-01 2.504752E+00 5.591585E-03 6.059954E-03 6.548137E-03 6.596946E-03 1.071659E-04 8.908561E-05 6.040800E-05 3.114948E-05 1.471676E-05
262 1.081964E+02 5.178571E-01 2.504752E+00 5.497575E-03 5.958070E-03 6.438045E-03 6.486034E-03 1.053640E-04 8.758771E-05 5.939229E-05 3.062572E-05 1.446931E-05
263 1.087143E+02 5.178571E-01 2.504752E+00 5.403809E-03 5.856449E-03 6.328238E-03 6.375408E-03 1.035667E-04 8.609370E-05 5.837921E-05 3.010333E-05 1.422250E-05
264 1.092321E+02 5.178571E-01 2.504752E+00 5.310359E-03 5.755172E-03 6.218802E-03 6.265156E-03 1.017756E-04 8.460473E-05 5.736956E-05 2.958270E-05 1.397653E-05
265 1.097500E+02 5.178571E-01 2.504752E+00 5.217296E-03 5.654313E-03 6.109818E-03 6.155360E-03 9.999182E-05 8.312192E-05 5.636408E-05 2.906423E-05 1.373157E-05
266 1.102679E+02 5.178571E-01 2.504752E+00 5.124685E-03 5.553944E-03 6.001364E-03 6.046097E-03 9.821676E-05 8.164634E-05 5.536350E-05 2.854827E-05 1.348781E-05
267 1.107857E+02 5.178571E-01 2.504752E+00 5.032588E-03 5.454134E-03 5.893513E-03 5.937442E-03 9.645157E-05 8.017896E-05 5.436849E-05 2.803520E-05 1.324540E-05
268 1.113036E+02 5.178571E-01 2.504752E+00 4.941066E-03 5.354945E-03 5.786334E-03 5.829464E-03 9.469739E-05 7.872073E-05 5.337968E-05 2.752531E-05 1.300451E-05
269 1.118214E+02 5.178571E-01 2.504752E+00 4.850173E-03 5.256439E-03 5.679892E-03 5.722229E-03 9.295528E-05 7.727253E-05 5.239768E-05 2.701894E-05 1.276527E-05
270 1.123393E+02 5.178571E-01 2.504752E+00 4.759961E-03 5.158671E-03 5.574247E-03 5.615797E-03 9.122623E-05 7.583520E-05 5.142303E-05 2.651636E-05 1.252782E-05
271 1.128571E+02 5.178571E-01 2.504752E+00 4.670479E-03 5.061693E-03 5.469458E-03 5.510226E-03 8.951117E-05 7.440949E-05 5.045628E-05 2.601786E-05 1.229230E-05
272 1.133750E+02 5.178571E-01 2.504752E+00 4.581773E-03 4.965556E-03 5.365576E-03 5.405570E-03 8.781099E-05 7.299615E-05 4.949791E-05 2.552367E-05 1.205882E-05
273 1.138929E+02 5.178571E-01 2.504752E+00 4.493884E-03 4.870306E-03 5.262652E-03 5.301879E-03 8.612648E-05 7.159584E-05 4.854837E-05 2.503404E-05 1.182749E-05
274 1.144107E+02 5.178571E-01 2.504752E+00 4.406852E-03 4.775984E-03 5.160732E-03 5.199199E-03 8.445840E-05 7.020919E-05 4.760810E-05 2.454919E-05 1.159842E-05
275 1.149286E+02 5.178571E-01 2.504752E+00 4.320713E-03 4.682630E-03 5.059857E-03 5.097572E-03 8.280744E-05 6.883677E-05 4.667747E-05 2.406931E-05 1.137169E-05
276 1.154464E+02 5.178571E-01 2.504752E+00 4.235501E-03 4.590280E-03 4.960067E-03 4.997039E-03 8.117425E-05 6.747912E-05 4.575686E-05 2.359460E-05 1.114741E-05
277 1.159643E+02 5.178571E-01 2.504752E+00 4.151246E-03 4.498967E-03 4.861399E-03 4.897635E-03 7.955941E-05 6.613672E-05 4.484660E-05 2.312522E-05 1.092565E-05
278 1.164821E+02 5.178571E-01 2.504752E+00 4.067976E-03 4.408723E-03 4.763884E-03 4.799394E-03 7.796346E-05 6.481002E-05 4.394698E-05 2.266133E-05 1.070648E-05
279 1.170000E+02 5.178571E-01 2.504752E+00 3.985717E-03 4.319573E-03 4.667553E-03 4.702345E-03 7.638688E-05 6.349944E-05 4.305829E-05 2.220307E-05 1.048998E-05
280 1.175179E+02 5.178571E-01 2.504752E+00 3.904492E-03 4.231545E-03 4.572433E-03 4.606515E-03 7.483012E-05 6.220532E-05 4.218076E-05 2.175057E-05 1.027619E-05
281 1.180357E+02 5.178571E-01 2.504752E+00 3.824321E-03 4.144658E-03 4.478547E-03 4.511930E-03 7.329357E-05 6.092801E-05 4.131463E-05 2.130395E-05 1.006518E-05
282 1.185536E+02 5.178571E-01 2.504752E+00 3.745223E-03 4.058935E-03 4.385918E-03 4.418610E-03 7.177758E-05 5.966778E-05 4.046008E-05 2.086330E-05 9.856997E-06
283 1.190714E+02 5.178571E-01 2.504752E+00 3.667213E-03 3.974391E-03 4.294563E-03 4.326574E-03 7.028246E-05 5.842491E-05 3.961731E-05 2.042872E-05 9.651678E-06
284 1.195893E+02 5.178571E-01 2.504752E+00 3.590307E-03 3.891043E-03 4.204501E-03 4.235840E-03 6.880849E-05 5.719962E-05 3.878645E-05 2.000029E-05 9.449261E-06
285 1.201071E+02 5.178571E-01 2.504752E+00 3.514516E-03 3.808903E-03 4.115744E-03 4.146422E-03 6.735590E-05 5.599209E-05 3.796764E-05 1.957807E-05 9.249781E-06
286 1.206250E+02 5.178571E-01 2.504752E+00 3.439850E-03 3.727983E-03 4.028305E-03 4.058331E-03 6.592487E-05 5.480250E-05 3.716099E-05 1.916212E-05 9.053262E-06
287 1.211429E+02 5.178571E-01 2.504752E+00 3.366318E-03 3.648292E-03 3.942194E-03 3.971579E-03 6.451558E-05 5.363098E-05 3.636659E-05 1.875249E-05 8.859729E-06
288 1.216607E+02 5.178571E-01 2.504752E+00 3.293927E-03 3.569837E-03 3.857419E-03 3.886172E-03 6.312815E-05 5.247763E-05 3.558452E-05 1.834921E-05 8.669198E-06
289 1.221786E+02 5.178571E-01 2.504752E+00 3.222682E-03 3.492624E-03 3.773985E-03 3.802116E-03 6.176269E-05 5.134254E-05 3.481482E-05 1.795232E-05 8.481683E-06
290 1.226964E+02 5.178571E-01 2.504752E+00 3.152586E-03 3.416656E-03 3.691898E-03 3.719417E-03 6.041926E-05 5.022576E-05 3.405755E-05 1.756183E-05 8.297194E-06
291 1.232143E+02 5.178571E-01 2.504752E+00 3.083641E-03 3.341937E-03 3.611160E-03 3.638077E-03 5.909790E-05 4.912733E-05 3.331272E-05 1.717775E-05 8.115736E-06
292 1.237321E+02 5.178571E-01 2.504752E+00 3.015849E-03 3.268466E-03 3.531770E-03 3.558096E-03 5.779863E-05 4.804727E-05 3.258033E-05 1.680010E-05 7.937311E-06
293 1.242500E+02 5.178571E-01 2.504752E+00 2.949209E-03 3.196245E-03 3.453730E-03 3.479474E-03 5.652144E-05 4.698555E-05 3.186040E-05 1.642886E-05 7.761918E-06
294 1.247679E+02 5.178571E-01 2.504752E+00 2.883720E-03 3.125269E-03 3.377037E-03 3.402209E-03 5.526630E-05 4.594217E-05 3.115289E-05 1.606404E-05 7.589554E-06
295 1.252857E+02 5.178571E-01 2.504752E+00 2.819377E-03 3.055537E-03 3.301688E-03 3.326298E-03 5.403315E-05 4.491707E-05 3.045778E-05 1.570560E-05 7.420209E-06
296 1.258036E+02 5.178571E-01 2.504752E+00 2.756179E-03 2.987045E-03 3.227678E-03 3.251737E-03 5.282192E-05 4.391019E-05 2.977503E-05 1.535354E-05 7.253874E-06
297 1.263214E+02 5.178571E-01 2.504752E+00 2.694118E-03 2.919786E-03 3.155001E-03 3.178518E-03 5.163251E-05 4.292145E-05 2.910457E-05 1.500782E-05 7.090536E-06
298 1.268393E+02 5.178571E-01 2.504752E+00 2.633191E-03 2.853755E-03 3.083651E-03 3.106636E-03 5.046481E-05 4.195075E-05 2.844636E-05 1.466841E-05 6.930179E-06
299 1.273571E+02 5.178571E-01 2.504752E+00 2.573389E-03 2.788945E-03 3.013619E-03 3.036082E-03 4.931870E-05 4.099800E-05 2.780030E-05 1.433527E-05 6.772787E-06
300 1.278750E+02 5.178571E-01 2.504752E+00 2.514706E-03 2.725346E-03 2.944897E-03 2.966848E-03 4.819402E-05 4.006307E-05 2.716634E-05 1.400836E-05 6.618338E-06
301 1.283929E+02 5.178571E-01 2.504752E+00 2.457134E-03 2.662951E-03 2.877475E-03 2.898924E-03 4.709061E-05 3.914583E-05 2.654436E-05 1.368764E-05 6.466811E-06
302 1.289107E+02 5.178571E-01 2.504752E+00 2.400662E-03 2.601749E-03 2.811343E-03 2.832298E-03 4.600832E-05 3.824613E-05 2.593429E-05 1.337306E-05 6.318183E-06
303 1.294286E+02 5.178571E-01 2.504752E+00 2.345282E-03 2.541730E-03 2.746489E-03 2.766961E-03 4.494694E-05 3.736382E-05 2.533600E-05 1.306455E-05 6.172427E-06
304 1.299464E+02 5.178571E-01 2.504752E+00 2.290983E-03 2.482883E-03 2.682901E-03 2.702899E-03 4.390629E-05 3.649874E-05 2.474940E-05 1.276207E-05 6.029518E-06
305 1.304643E+02 5.178571E-01 2.504752E+00 2.237755E-03 2.425196E-03 2.620567E-03 2.640101E-03 4.288616E-05 3.565071E-05 2.417437E-05 1.246555E-05 5.889426E-06
306 1.309821E+02 5.178571E-01 2.504752E+00 2.185586E-03 2.368657E-03 2.559473E-03 2.578551E-03 4.188633E-05 3.481957E-05 2.361077E-05 1.217493E-05 5.752122E-06
307 1.315000E+02 5.178571E-01 2.504752E+00 2.134464E-03 2.313253E-03 2.499606E-03 2.518238E-03 4.090657E-05 3.400511E-05 2.305850E-05 1.189015E-05 5.617575E-06
308 1.320179E+02 5.178571E-01 2.504752E+00 2.084377E-03 2.258971E-03 2.440952E-03 2.459146E-03 3.994665E-05 3.320714E-05 2.251741E-05 1.161113E-05 5.485753E-06
309 1.325357E+02 5.178571E-01 2.504752E+00 2.035314E-03 2.205798E-03 2.383495E-03 2.401261E-03 3.900634E-05 3.242547E-05 2.198736E-05 1.133782E-05 5.356622E-06
310 1.330536E+02 5.178571E-01 2.504752E+00 1.987260E-03 2.153719E-03 2.327220E-03 2.344567E-03 3.808538E-05 3.165989E-05 2.146823E-05 1.107013E-05 5.230150E-06
311 1.335714E+02 5.178571E-01 2.504752E+00 1.940203E-03 2.102720E-03 2.272113E-03 2.289049E-03 3.718353E-05 3.091019E-05 2.095987E-05 1.080799E-05 5.106301E-06
312 1.340893E+02 5.178571E-01 2.504752E+00 1.894129E-03 2.052787E-03 2.218158E-03 2.234691E-03 3.630052E-05 3.017615E-05 2.046213E-05 1.055133E-05 4.985040E-06
313 1.346071E+02 5.178571E-01 2.504752E+00 1.849025E-03 2.003905E-03 2.165337E-03 2.181477E-03 3.543609E-05 2.945757E-05 1.997486E-05 1.030007E-05 4.866330E-06
314 1.351250E+02 5.178571E-01 2.504752E+00 1.804876E-03 1.956058E-03 2.113636E-03 2.129391E-03 3.458998E-05 2.875421E-05 1.949792E-05 1.005413E-05 4.750137E-06
315 1.356429E+02 5.178571E-01 2.504752E+00 1.761669E-03 1.909232E-03 2.063038E-03 2.078416E-03 3.376192E-05 2.806585E-05 1.903115E-05 9.813442E-06 4.636421E-06
316 1.361607E+02 5.178571E-01 2.504752E+00 1.719390E-03 1.863412E-03 2.013526E-03 2.028534E-03 3.295163E-05 2.739227E-05 1.857440E-05 9.577919E-06 4.525147E-06
317 1.366786E+02 5.178571E-01 2.504752E+00 1.678024E-03 1.818580E-03 1.965083E-03 1.979731E-03 3.215884E-05 2.673324E-05 1.812752E-05 9.347483E-06 4.416276E-06
318 1.371964E+02 5.178571E-01 2.504752E+00 1.637556E-03 1.774723E-03 1.917693E-03 1.931987E-03 3.138328E-05 2.608852E-05 1.769035E-05 9.122055E-06 4.309771E-06
319 1.377143E+02 5.178571E-01 2.504752E+00 1.597973E-03 1.731824E-03 1.871338E-03 1.885287E-03 3.062467E-05 2.545790E-05 1.726273E-05 8.901552E-06 4.205593E-06
320 1.382321E+02 5.178571E-01 2.504752E+00 1.559260E-03 1.689868E-03 1.826002E-03 1.839613E-03 2.988273E-05 2.484113E-05 1.684451E-05 8.685895E-06 4.103705E-06
321 1.387500E+02 5.178571E-01 2.504752E+00 1.521402E-03 1.648839E-03 1.781668E-03 1.794948E-03 2.915718E-05 2.423799E-05 1.643552E-05 8.475002E-06 4.004067E-06
322 1.392679E+02 5.178571E-01 2.504752E+00 1.484384E-03 1.608721E-03 1.738318E-03 1.751275E-03 2.844774E-05 2.364824E-05 1.603562E-05 8.268792E-06 3.906642E-06
323 1.397857E+02 5.178571E-01 2.504752E+00 1.448193E-03 1.569498E-03 1.695935E-03 1.708576E-03 2.775413E-05 2.307166E-05 1.564464E-05 8.067183E-06 3.811391E-06
324 1.403036E+02 5.178571E-01 2.504752E+00 1.412813E-03 1.531154E-03 1.654503E-03 1.666835E-03 2.707608E-05 2.250800E-05 1.526243E-05 7.870096E-06 3.718276E-06
325 1.408214E+02 5.178571E-01 2.504752E+00 1.378230E-03 1.493675E-03 1.614004E-03 1.626034E-03 2.641330E-05 2.195704E-05 1.488883E-05 7.677450E-06 3.627259E-06
326 1.413393E+02 5.178571E-01 2.504752E+00 1.344430E-03 1.457044E-03 1.574421E-03 1.586157E-03 2.576552E-05 2.141855E-05 1.452369E-05 7.489163E-06 3.538301E-06
327 1.418571E+02 5.178571E-01 2.504752E+00 1.311398E-03 1.421245E-03 1.535739E-03 1.547186E-03 2.513247E-05 2.089230E-05 1.416685E-05 7.305156E-06 3.451366E-06
328 1.423750E+02 5.178571E-01 2.504752E+00 1.279120E-03 1.386263E-03 1.497939E-03 1.509104E-03 2.451387E-05 2.037807E-05 1.381815E-05 7.125349E-06 3.366415E-06
329 1.428929E+02 5.178571E-01 2.504752E+00 1.247582E-03 1.352083E-03 1.461006E-03 1.471896E-03 2.390944E-05 1.987561E-05 1.347744E-05 6.949663E-06 3.283411E-06
330 1.434107E+02 5.178571E-01 2.504752E+00 1.216769E-03 1.318690E-03 1.424922E-03 1.435543E-03 2.331893E-05 1.938472E-05 1.314457E-05 6.778019E-06 3.202317E-06
331 1.439286E+02 5.178571E-01 2.504752E+00 1.186669E-03 1.286068E-03 1.389672E-03 1.400030E-03 2.274205E-05 1.890517E-05 1.281940E-05 6.610341E-06 3.123096E-06
332 1.444464E+02 5.178571E-01 2.504752E+00 1.157266E-03 1.254202E-03 1.355239E-03 1.365341E-03 2.217854E-05 1.843674E-05 1.250176E-05 6.446549E-06 3.045712E-06
333 1.449643E+02 5.178571E-01 2.504752E+00 1.128547E-03 1.223077E-03 1.321607E-03 1.331458E-03 2.162815E-05 1.797921E-05 1.219151E-05 6.286569E-06 2.970129E-06
334 1.454821E+02 5.178571E-01 2.504752E+00 1.100498E-03 1.192680E-03 1.288761E-03 1.298367E-03 2.109061E-05 1.753235E-05 1.188850E-05 6.130324E-06 2.896310E-06
335 1.460000E+02 5.178571E-01 2.504752E+00 1.073107E-03 1.162994E-03 1.256684E-03 1.266051E-03 2.056566E-05 1.709597E-05 1.159259E-05 5.977739E-06 2.824220E-06
336 1.465179E+02 5.178571E-01 2.504752E+00 1.046360E-03 1.134006E-03 1.225360E-03 1.234494E-03 2.005305E-05 1.666984E-05 1.130364E-05 5.828740E-06 2.753824E-06
337 1.470357E+02 5.178571E-01 2.504752E+00 1.020243E-03 1.105701E-03 1.194776E-03 1.203681E-03 1.955252E-05 1.625376E-05 1.102150E-05 5.683254E-06 2.685089E-06
338 1.475536E+02 5.178571E-01 2.504752E+00 9.947434E-04 1.078066E-03 1.164914E-03 1.173597E-03 1.906383E-05 1.584752E-05 1.074603E-05 5.541209E-06 2.617979E-06
339 1.480714E+02 5.178571E-01 2.504752E+00 9.698489E-04 1.051087E-03 1.135761E-03 1.144227E-03 1.858674E-05 1.545092E-05 1.047710E-05 5.402533E-06 2.552460E-06
340 1.485893E+02 5.178571E-01 2.504752E+00 9.455466E-04 1.024749E-03 1.107301E-03 1.115555E-03 1.812099E-05 1.506375E-05 1.021456E-05 5.267156E-06 2.488500E-06
341 1.491071E+02 5.178571E-01 2.504752E+00 9.218239E-04 9.990388E-04 1.079520E-03 1.087567E-03 1.766635E-05 1.468581E-05 9.958290E-06 5.135007E-06 2.426066E-06
342 1.496250E+02 5.178571E-01 2.504752E+00 8.986686E-04 9.739440E-04 1.052404E-03 1.060248E-03 1.722258E-05 1.431691E-05 9.708145E-06 5.006020E-06 2.365125E-06
343 1.501429E+02 5.178571E-01 2.504752E+00 8.760686E-04 9.494509E-04 1.025938E-03 1.033585E-03 1.678946E-05 1.395686E-05 9.463999E-06 4.880126E-06 2.305646E-06
344 1.506607E+02 5.178571E-01 2.504752E+00 8.540119E-04 9.255467E-04 1.000108E-03 1.007562E-03 1.636675E-05 1.360547E-05 9.225723E-06 4.757258E-06 2.247596E-06
345 1.511786E+02 5.178571E-01 2.504752E+00 8.324868E-04 9.022186E-04 9.749003E-04 9.821671E-04 1.595423E-05 1.326254E-05 8.993189E-06 4.637351E-06 2.190945E-06
346 1.516964E+02 5.178571E-01 2.504752E+00 8.114817E-04 8.794540E-04 9.503018E-04 9.573853E-04 1.555167E-05 1.292790E-05 8.766272E-06 4.520342E-06 2.135663E-06
347 1.522143E+02 5.178571E-01 2.504752E+00 7.909852E-04 8.572406E-04 9.262990E-04 9.332035E-04 1.515886E-05 1.260137E-05 8.544850E-06 4.406165E-06 2.081720E-06
348 1.527321E+02 5.178571E-01 2.504752E+00 7.709861E-04 8.355663E-04 9.028786E-04 9.096086E-04 1.477558E-05 1.228275E-05 8.328802E-06 4.294760E-06 2.029086E-06
349 1.532500E+02 5.178571E-01 2.504752E+00 7.514734E-04 8.144192E-04 8.800279E-04 8.865875E-04 1.440163E-05 1.197189E-05 8.118008E-06 4.186063E-06 1.977732E-06
350 1.537679E+02 5.178571E-01 2.504752E+00 7.324362E-04 7.937874E-04 8.577341E-04 8.641275E-04 1.403678E-05 1.166860E-05 7.912352E-06 4.080016E-06 1.927629E-06
351 1.542857E+02 5.178571E-01 2.504752E+00 7.138640E-04 7.736596E-04 8.359847E-04 8.422160E-04 1.368085E-05 1.137272E-05 7.711719E-06 3.976560E-06 1.878750E-06
352 1.548036E+02 5.178571E-01 2.504752E+00 6.957463E-04 7.540242E-04 8.147676E-04 8.208408E-04 1.333363E-05 1.108408E-05 7.515995E-06 3.875634E-06 1.831067E-06
353 1.553214E+02 5.178571E-01 2.504752E+00 6.780728E-04 7.348703E-04 7.940707E-04 7.999896E-04 1.299493E-05 1.080252E-05 7.325070E-06 3.777184E-06 1.784554E-06
354 1.558393E+02 5.178571E-01 2.504752E+00 6.608334E-04 7.161869E-04 7.738821E-04 7.796506E-04 1.266454E-05 1.052787E-05 7.138835E-06 3.681151E-06 1.739183E-06
355 1.563571E+02 5.178571E-01 2.504752E+00 6.440183E-04 6.979633E-04 7.541904E-04 7.598121E-04 1.234228E-05 1.025998E-05 6.957183E-06 3.587482E-06 1.694928E-06
356 1.568750E+02 5.178571E-01 2.504752E+00 6.276177E-04 6.801889E-04 7.349842E-04 7.404627E-04 1.202797E-05 9.998698E-06 6.780010E-06 3.496122E-06 1.651765E-06
357 1.573929E+02 5.178571E-01 2.504752E+00 6.116221E-04 6.628535E-04 7.162522E-04 7.215911E-04 1.172142E-05 9.743867E-06 6.607212E-06 3.407019E-06 1.609667E-06
358 1.579107E+02 5.178571E-01 2.504752E+00 5.960222E-04 6.459469E-04 6.979836E-04 7.031863E-04 1.142245E-05 9.495340E-06 6.438688E-06 3.320119E-06 1.568611E-06
359 1.584286E+02 5.178571E-01 2.504752E+00 5.808087E-04 6.294591E-04 6.801676E-04 6.852375E-04 1.113089E-05 9.252970E-06 6.274340E-06 3.235373E-06 1.528572E-06
360 1.589464E+02 5.178571E-01 2.504752E+00 5.659728E-04 6.133805E-04 6.627938E-04 6.677342E-04 1.084657E-05 9.016615E-06 6.114070E-06 3.152729E-06 1.489526E-06
361 1.594643E+02 5.178571E-01 2.504752E+00 5.515057E-04 5.977015E-04 6.458517E-04 6.506658E-04 1.056931E-05 8.786133E-06 5.957783E-06 3.072140E-06 1.451451E-06
362 1.599821E+02 5.178571E-01 2.504752E+00 5.373986E-04 5.824128E-04 6.293313E-04 6.340223E-04 1.029895E-05 8.561389E-06 5.805386E-06 2.993556E-06 1.414324E-06
363 1.605000E+02 5.178571E-01 2.504752E+00 5.236431E-04 5.675051E-04 6.132227E-04 6.177936E-04 1.003534E-05 8.342247E-06 5.656788E-06 2.916931E-06 1.378122E-06
364 1.610179E+02 5.178571E-01 2.504752E+00 5.102310E-04 5.529695E-04 5.975161E-04 6.019700E-04 9.778298E-06 8.128574E-06 5.511899E-06 2.842219E-06 1.342824E-06
365 1.615357E+02 5.178571E-01 2.504752E+00 4.971541E-04 5.387973E-04 5.822022E-04 5.865418E-04 9.527684E-06 7.920242E-06 5.370631E-06 2.769374E-06 1.308408E-06
366 1.620536E+02 5.178571E-01 2.504752E+00 4.844044E-04 5.249797E-04 5.672715E-04 5.714999E-04 9.283343E-06 7.717124E-06 5.232899E-06 2.698352E-06 1.274853E-06
367 1.625714E+02 5.178571E-01 2.504752E+00 4.719743E-04 5.115084E-04 5.527149E-04 5.568348E-04 9.045125E-06 7.519097E-06 5.098619E-06 2.629111E-06 1.242140E-06
368 1.630893E+02 5.178571E-01 2.504752E+00 4.598561E-04 4.983751E-04 5.385236E-04 5.425377E-04 8.812884E-06 7.326038E-06 4.967708E-06 2.561606E-06 1.210247E-06
369 1.636071E+02 5.178571E-01 2.504752E+00 4.480423E-04 4.855717E-04 5.246889E-04 5.285998E-04 8.586477E-06 7.137829E-06 4.840085E-06 2.495797E-06 1.179155E-06
370 1.641250E+02 5.178571E-01 2.504752E+00 4.365256E-04 4.730904E-04 5.112020E-04 5.150124E-04 8.365765E-06 6.954353E-06 4.715672E-06 2.431644E-06 1.148845E-06
371 1.646429E+02 5.178571E-01 2.504752E+00 4.252989E-04 4.609233E-04 4.980548E-04 5.017672E-04 8.150610E-06 6.775498E-06 4.594392E-06 2.369105E-06 1.119299E-06
372 1.651607E+02 5.178571E-01 2.504752E+00 4.143552E-04 4.490629E-04 4.852389E-04 4.888558E-04 7.940879E-06 6.601151E-06 4.476170E-06 2.308144E-06 1.090497E-06
373 1.656786E+02 5.178571E-01 2.504752E+00 4.036877E-04 4.375018E-04 4.727465E-04 4.762703E-04 7.736440E-06 6.431204E-06 4.360930E-06 2.248720E-06 1.062422E-06
374 1.661964E+02 5.178571E-01 2.504752E+00 3.932896E-04 4.262328E-04 4.605696E-04 4.640027E-04 7.537166E-06 6.265550E-06 4.248602E-06 2.190798E-06 1.035056E-06
375 1.667143E+02 5.178571E-01 2.504752E+00 3.831545E-04 4.152487E-04 4.487007E-04 4.520452E-04 7.342931E-06 6.104085E-06 4.139114E-06 2.134341E-06 1.008382E-06
376 1.672321E+02 5.178571E-01 2.504752E+00 3.732759E-04 4.045427E-04 4.371322E-04 4.403905E-04 7.153612E-06 5.946706E-06 4.032398E-06 2.079312E-06 9.823839E-07
377 1.677500E+02 5.178571E-01 2.504752E+00 3.636476E-04 3.941079E-04 4.258568E-04 4.290310E-04 6.969091E-06 5.793316E-06 3.928385E-06 2.025678E-06 9.570440E-07
378 1.682679E+02 5.178571E-01 2.504752E+00 3.542635E-04 3.839377E-04 4.148673E-04 4.179597E-04 6.789248E-06 5.643815E-06 3.827011E-06 1.973404E-06 9.323469E-07
379 1.687857E+02 5.178571E-01 2.504752E+00 3.451176E-04 3.740257E-04 4.041568E-04 4.071693E-04 6.613971E-06 5.498110E-06 3.728209E-06 1.922457E-06 9.082766E-07
380 1.693036E+02 5.178571E-01 2.504752E+00 3.362040E-04 3.643655E-04 3.937184E-04 3.966531E-04 6.443147E-06 5.356106E-06 3.631918E-06 1.872804E-06 8.848178E-07
381 1.698214E+02 5.178571E-01 2.504752E+00 3.275171E-04 3.549510E-04 3.835454E-04 3.864043E-04 6.276667E-06 5.217713E-06 3.538075E-06 1.824414E-06 8.619556E-07
382 1.703393E+02 5.178571E-01 2.504752E+00 3.190513E-04 3.457760E-04 3.736314E-04 3.764164E-04 6.114423E-06 5.082842E-06 3.446621E-06 1.777255E-06 8.396752E-07
383 1.708571E+02 5.178571E-01 2.504752E+00 3.108011E-04 3.368348E-04 3.639698E-04 3.666828E-04 5.956312E-06 4.951406E-06 3.357495E-06 1.731298E-06 8.179623E-07
384 1.713750E+02 5.178571E-01 2.504752E+00 3.027612E-04 3.281214E-04 3.545545E-04 3.571973E-04 5.802231E-06 4.823321E-06 3.270642E-06 1.686512E-06 7.968028E-07
385 1.718929E+02 5.178571E-01 2.504752E+00 2.949264E-04 3.196303E-04 3.453794E-04 3.479538E-04 5.652081E-06 4.698503E-06 3.186004E-06 1.642868E-06 7.761832E-07
386 1.724107E+02 5.178571E-01 2.504752E+00 2.872916E-04 3.113560E-04 3.364385E-04 3.389463E-04 5.505764E-06 4.576871E-06 3.103527E-06 1.600339E-06 7.560899E-07
387 1.729286E+02 5.178571E-01 2.504752E+00 2.798518E-04 3.032931E-04 3.277260E-04 3.301689E-04 5.363185E-06 4.458347E-06 3.023157E-06 1.558896E-06 7.365099E-07
388 1.734464E+02 5.178571E-01 2.504752E+00 2.726023E-04 2.954363E-04 3.192363E-04 3.216159E-04 5.224251E-06 4.342853E-06 2.944842E-06 1.518512E-06 7.174306E-07
389 1.739643E+02 5.178571E-01 2.504752E+00 2.655382E-04 2.877805E-04 3.109638E-04 3.132817E-04 5.088872E-06 4.230314E-06 2.868531E-06 1.479162E-06 6.988393E-07
390 1.744821E+02 5.178571E-01 2.504752E+00 2.586549E-04 2.803207E-04 3.029030E-04 3.051608E-04 4.956958E-06 4.120656E-06 2.794173E-06 1.440819E-06 6.807240E-07
391 1.750000E+02 5.178571E-01 2.504752E+00 2.519480E-04 2.730520E-04 2.950488E-04 2.972480E-04 4.828424E-06 4.013807E-06 2.721720E-06 1.403459E-06 6.630728E-07
392 1.755179E+02 5.178571E-01 2.504752E+00 2.454131E-04 2.659696E-04 2.873958E-04 2.895381E-04 4.703184E-06 3.909697E-06 2.651124E-06 1.367056E-06 6.458740E-07
393 1.760357E+02 5.178571E-01 2.504752E+00 2.390457E-04 2.590689E-04 2.799392E-04 2.820258E-04 4.581157E-06 3.808257E-06 2.582338E-06 1.331587E-06 6.291164E-07
394 1.765536E+02 5.178571E-01 2.504752E+00 2.328417E-04 2.523453E-04 2.726739E-04 2.747064E-04 4.462262E-06 3.709421E-06 2.515319E-06 1.297028E-06 6.127888E-07
395 1.770714E+02 5.178571E-01 2.504752E+00 2.267971E-04 2.457943E-04 2.655952E-04 2.675750E-04 4.346419E-06 3.613123E-06 2.450020E-06 1.263356E-06 5.968806E-07
396 1.775893E+02 5.178571E-01 2.504752E+00 2.209077E-04 2.394117E-04 2.586984E-04 2.606267E-04 4.233553E-06 3.519299E-06 2.386399E-06 1.230550E-06 5.813810E-07
397 1.781071E+02 5.178571E-01 2.504752E+00 2.151698E-04 2.331931E-04 2.519789E-04 2.538571E-04 4.123589E-06 3.427887E-06 2.324413E-06 1.198587E-06 5.662800E-07
398 1.786250E+02 5.178571E-01 2.504752E+00 2.095795E-04 2.271345E-04 2.454322E-04 2.472617E-04 4.016453E-06 3.338826E-06 2.264022E-06 1.167447E-06 5.515674E-07
399 1.791429E+02 5.178571E-01 2.504752E+00 2.041330E-04 2.212318E-04 2.390540E-04 2.408359E-04 3.912075E-06 3.252058E-06 2.205186E-06 1.137107E-06 5.372334E-07
400 1.796607E+02 5.178571E-01 2.504752E+00 1.988268E-04 2.154811E-04 2.328401E-04 2.345756E-04 3.810384E-06 3.167524E-06 2.147864E-06 1.107549E-06 5.232685E-07
401 1.801786E+02 5.178571E-01 2.504752E+00 1.936572E-04 2.098786E-04 2.267862E-04 2.284766E-04 3.711313E-06 3.085167E-06 2.092019E-06 1.078753E-06 5.096633E-07
402 1.806964E+02 5.178571E-01 2.504752E+00 1.886210E-04 2.044204E-04 2.208883E-04 2.225348E-04 3.614795E-06 3.004933E-06 2.037613E-06 1.050698E-06 4.964088E-07
403 1.812143E+02 5.178571E-01 2.504752E+00 1.837145E-04 1.991030E-04 2.151425E-04 2.167462E-04 3.520766E-06 2.926768E-06 1.984610E-06 1.023367E-06 4.834961E-07
404 1.817321E+02 5.178571E-01 2.504752E+00 1.789347E-04 1.939228E-04 2.095450E-04 2.111069E-04 3.429163E-06 2.850619E-06 1.932974E-06 9.967411E-07 4.709165E-07
405 1.822500E+02 5.178571E-01 2.504752E+00 1.742782E-04 1.888763E-04 2.040919E-04 2.056132E-04 3.339924E-06 2.776436E-06 1.882671E-06 9.708024E-07 4.586616E-07
406 1.827679E+02 5.178571E-01 2.504752E+00 1.697419E-04 1.839600E-04 1.987796E-04 2.002613E-04 3.252989E-06 2.704168E-06 1.833667E-06 9.455334E-07 4.467231E-07
407 1.832857E+02 5.178571E-01 2.504752E+00 1.653228E-04 1.791708E-04 1.936046E-04 1.950477E-04 3.168300E-06 2.633767E-06 1.785929E-06 9.209171E-07 4.350930E-07
408 1.838036E+02 5.178571E-01 2.504752E+00 1.610179E-04 1.745053E-04 1.885632E-04 1.899688E-04 3.085799E-06 2.565185E-06 1.739425E-06 8.969369E-07 4.237634E-07
409 1.843214E+02 5.178571E-01 2.504752E+00 1.568243E-04 1.699604E-04 1.836522E-04 1.850212E-04 3.005431E-06 2.498376E-06 1.694122E-06 8.735767E-07 4.127267E-07
410 1.848393E+02 5.178571E-01 2.504752E+00 1.527392E-04 1.655331E-04 1.788682E-04 1.802015E-04 2.927141E-06 2.433295E-06 1.649991E-06 8.508206E-07 4.019754E-07
411 1.853571E+02 5.178571E-01 2.504752E+00 1.487597E-04 1.612203E-04 1.742080E-04 1.755065E-04 2.850877E-06 2.369898E-06 1.607002E-06 8.286532E-07 3.915023E-07
412 1.858750E+02 5.178571E-01 2.504752E+00 1.448832E-04 1.570191E-04 1.696684E-04 1.709331E-04 2.776587E-06 2.308141E-06 1.565126E-06 8.070595E-07 3.813003E-07
413 1.863929E+02 5.178571E-01 2.504752E+00 1.411071E-04 1.529267E-04 1.652463E-04 1.664780E-04 2.704220E-06 2.247984E-06 1.524334E-06 7.860249E-07 3.713624E-07
414 1.869107E+02 5.178571E-01 2.504752E+00 1.374288E-04 1.489403E-04 1.609387E-04 1.621384E-04 2.633728E-06 2.189384E-06 1.484598E-06 7.655351E-07 3.616818E-07
415 1.874286E+02 5.178571E-01 2.504752E+00 1.338458E-04 1.450571E-04 1.567428E-04 1.579111E-04 2.565061E-06 2.132303E-06 1.445892E-06 7.455762E-07 3.522521E-07
416 1.879464E+02 5.178571E-01 2.504752E+00 1.303556E-04 1.412746E-04 1.526556E-04 1.537934E-04 2.498175E-06 2.076701E-06 1.408188E-06 7.261345E-07 3.430667E-07
417 1.884643E+02 5.178571E-01 2.504752E+00 1.269559E-04 1.375902E-04 1.486743E-04 1.497825E-04 2.433022E-06 2.022540E-06 1.371463E-06 7.071968E-07 3.341195E-07
418 1.889821E+02 5.178571E-01 2.504752E+00 1.236444E-04 1.340013E-04 1.447963E-04 1.458756E-04 2.369559E-06 1.969784E-06 1.335689E-06 6.887502E-07 3.254043E-07
419 1.895000E+02 5.178571E-01 2.504752E+00 1.204188E-04 1.305055E-04 1.410189E-04 1.420700E-04 2.307742E-06 1.918396E-06 1.300844E-06 6.707822E-07 3.169152E-07
420 1.900179E+02 5.178571E-01 2.504752E+00 1.172769E-04 1.271004E-04 1.373395E-04 1.383632E-04 2.247529E-06 1.868342E-06 1.266903E-06 6.532804E-07 3.086464E-07
421 1.905357E+02 5.178571E-01 2.504752E+00 1.142165E-04 1.237837E-04 1.337556E-04 1.347526E-04 2.188879E-06 1.819587E-06 1.233843E-06 6.362328E-07 3.005921E-07
422 1.910536E+02 5.178571E-01 2.504752E+00 1.112356E-04 1.205531E-04 1.302647E-04 1.312357E-04 2.131752E-06 1.772098E-06 1.201641E-06 6.196279E-07 2.927470E-07
423 1.915714E+02 5.178571E-01 2.504752E+00 1.083321E-04 1.174064E-04 1.268645E-04 1.278102E-04 2.076108E-06 1.725842E-06 1.170275E-06 6.034542E-07 2.851057E-07
424 1.920893E+02 5.178571E-01 2.504752E+00 1.055041E-04 1.143414E-04 1.235526E-04 1.244736E-04 2.021910E-06 1.680788E-06 1.139724E-06 5.877006E-07 2.776628E-07
425 1.926071E+02 5.178571E-01 2.504752E+00 1.027495E-04 1.113561E-04 1.203268E-04 1.212237E-04 1.969120E-06 1.636905E-06 1.109967E-06 5.723564E-07 2.704133E-07
426 1.931250E+02 5.178571E-01 2.504752E+00 1.000665E-04 1.084484E-04 1.171849E-04 1.180583E-04 1.917702E-06 1.594161E-06 1.080984E-06 5.574109E-07 2.633522E-07
427 1.936429E+02 5.178571E-01 2.504752E+00 9.745324E-05 1.056162E-04 1.141246E-04 1.149752E-04 1.867621E-06 1.552530E-06 1.052754E-06 5.428540E-07 2.564747E-07
428 1.941607E+02 5.178571E-01 2.504752E+00 9.490794E-05 1.028577E-04 1.111438E-04 1.119723E-04 1.818842E-06 1.511980E-06 1.025258E-06 5.286756E-07 2.497761E-07
429 1.946786E+02 5.178571E-01 2.504752E+00 9.242884E-05 1.001710E-04 1.082406E-04 1.090475E-04 1.771332E-06 1.472486E-06 9.984766E-07 5.148660E-07 2.432516E-07
430 1.951964E+02 5.178571E-01 2.504752E+00 9.001423E-05 9.755411E-05 1.054130E-04 1.061987E-04 1.725057E-06 1.434018E-06 9.723924E-07 5.014156E-07 2.368969E-07
431 1.957143E+02 5.178571E-01 2.504752E+00 8.766245E-05 9.500534E-05 1.026589E-04 1.034241E-04 1.679987E-06 1.396552E-06 9.469868E-07 4.883152E-07 2.307075E-07
432 1.962321E+02 5.178571E-01 2.504752E+00 8.537188E-05 9.252290E-05 9.997644E-05 1.007217E-04 1.636090E-06 1.360061E-06 9.222425E-07 4.755557E-07 2.246792E-07
433 1.967500E+02 5.178571E-01 2.504752E+00 8.314093E-05 9.010508E-05 9.736385E-05 9.808958E-05 1.593335E-06 1.324519E-06 8.981422E-07 4.631284E-07 2.188079E-07
434 1.972679E+02 5.178571E-01 2.504752E+00 8.096807E-05 8.775021E-05 9.481927E-05 9.552604E-05 1.551694E-06 1.289903E-06 8.746695E-07 4.510246E-07 2.130894E-07
435 1.977857E+02 5.178571E-01 2.504752E+00 7.885179E-05 8.545667E-05 9.234096E-05 9.302926E-05 1.511137E-06 1.256189E-06 8.518080E-07 4.392361E-07 2.075198E-07
436 1.983036E+02 5.178571E-01 2.504752E+00 7.679063E-05 8.322286E-05 8.992720E-05 9.059751E-05 1.471636E-06 1.223352E-06 8.295419E-07 4.277546E-07 2.020953E-07
437 1.988214E+02 5.178571E-01 2.504752E+00 7.478317E-05 8.104725E-05 8.757632E-05 8.822910E-05 1.433164E-06 1.191371E-06 8.078560E-07 4.165722E-07 1.968121E-07
438 1.993393E+02 5.178571E-01 2.504752E+00 7.282801E-05 7.892832E-05 8.528669E-05 8.592241E-05 1.395695E-06 1.160223E-06 7.867350E-07 4.056811E-07 1.916666E-07
439 1.998571E+02 5.178571E-01 2.504752E+00 7.092381E-05 7.686461E-05 8.305674E-05 8.367583E-05 1.359202E-06 1.129887E-06 7.661645E-07 3.950739E-07 1.866551E-07
440 2.003750E+02 5.178571E-01 2.504752E+00 6.906923E-05 7.485469E-05 8.088490E-05 8.148781E-05 1.323661E-06 1.100342E-06 7.461302E-07 3.847431E-07 1.817743E-07
441 2.008929E+02 5.178571E-01 2.504752E+00 6.726301E-05 7.289717E-05 7.876969E-05 7.935683E-05 1.289045E-06 1.071567E-06 7.266181E-07 3.746817E-07 1.770207E-07
442 2.014107E+02 5.178571E-01 2.504752E+00 6.550388E-05 7.099069E-05 7.670962E-05 7.728141E-05 1.255333E-06 1.043542E-06 7.076148E-07 3.648826E-07 1.723911E-07
443 2.019286E+02 5.178571E-01 2.504752E+00 6.379062E-05 6.913393E-05 7.470328E-05 7.526011E-05 1.222500E-06 1.016248E-06 6.891070E-07 3.553391E-07 1.678821E-07
444 2.024464E+02 5.178571E-01 2.504752E+00 6.212205E-05 6.732559E-05 7.274926E-05 7.329153E-05 1.190522E-06 9.896661E-07 6.710820E-07 3.460444E-07 1.634908E-07
445 2.029643E+02 5.178571E-01 2.504752E+00 6.049700E-05 6.556442E-05 7.084622E-05 7.137430E-05 1.159380E-06 9.637774E-07 6.535271E-07 3.369922E-07 1.592141E-07
446 2.034821E+02 5.178571E-01 2.504752E+00 5.891435E-05 6.384920E-05 6.899282E-05 6.950709E-05 1.129049E-06 9.385641E-07 6.364303E-07 3.281762E-07 1.550489E-07
447 2.040000E+02 5.178571E-01 2.504752E+00 5.737299E-05 6.217874E-05 6.718779E-05 6.768860E-05 1.099510E-06 9.140087E-07 6.197795E-07 3.195902E-07 1.509924E-07
448 2.045179E+02 5.178571E-01 2.504752E+00 5.587186E-05 6.055187E-05 6.542986E-05 6.591756E-05 1.070742E-06 8.900941E-07 6.035633E-07 3.112283E-07 1.470417E-07
449 2.050357E+02 5.178571E-01 2.504752E+00 5.440991E-05 5.896746E-05 6.371781E-05 6.419276E-05 1.042725E-06 8.668037E-07 5.877703E-07 3.030847E-07 1.431942E-07
450 2.055536E+02 5.178571E-01 2.504752E+00 5.298612E-05 5.742441E-05 6.205045E-05 6.251297E-05 1.015439E-06 8.441213E-07 5.723896E-07 2.951536E-07 1.394471E-07
451 2.060714E+02 5.178571E-01 2.504752E+00 5.159950E-05 5.592164E-05 6.042663E-05 6.087704E-05 9.888652E-07 8.220310E-07 5.574104E-07 2.874295E-07 1.357979E-07
452 2.065893E+02 5.178571E-01 2.504752E+00 5.024909E-05 5.445811E-05 5.884520E-05 5.928382E-05 9.629855E-07 8.005175E-07 5.428223E-07 2.799072E-07 1.322439E-07
453 2.071071E+02 5.178571E-01 2.504752E+00 4.893394E-05 5.303280E-05 5.730506E-05 5.773221E-05 9.377816E-07 7.795658E-07 5.286152E-07 2.725812E-07 1.287827E-07
454 2.076250E+02 5.178571E-01 2.504752E+00 4.765313E-05 5.164471E-05 5.580515E-05 5.622112E-05 9.132359E-07 7.591613E-07 5.147791E-07 2.654466E-07 1.254119E-07
455 2.081429E+02 5.178571E-01 2.504752E+00 4.640578E-05 5.029288E-05 5.434442E-05 5.474950E-05 8.893313E-07 7.392897E-07 5.013044E-07 2.584984E-07 1.221292E-07
456 2.086607E+02 5.178571E-01 2.504752E+00 4.519102E-05 4.897636E-05 5.292184E-05 5.331632E-05 8.660512E-07 7.199373E-07 4.881817E-07 2.517317E-07 1.189322E-07
457 2.091786E+02 5.178571E-01 2.504752E+00 4.400799E-05 4.769424E-05 5.153643E-05 5.192058E-05 8.433792E-07 7.010904E-07 4.754019E-07 2.451417E-07 1.158187E-07
458 2.096964E+02 5.178571E-01 2.504752E+00 4.285587E-05 4.644561E-05 5.018722E-05 5.056131E-05 8.212997E-07 6.827359E-07 4.629559E-07 2.387239E-07 1.127866E-07
459 2.102143E+02 5.178571E-01 2.504752E+00 4.173385E-05 4.522961E-05 4.887326E-05 4.923755E-05 7.997971E-07 6.648611E-07 4.508352E-07 2.324738E-07 1.098337E-07
460 2.107321E+02 5.178571E-01 2.504752E+00 4.064116E-05 4.404539E-05 4.759364E-05 4.794840E-05 7.788564E-07 6.474534E-07 4.390312E-07 2.263871E-07 1.069580E-07
461 2.112500E+02 5.178571E-01 2.504752E+00 3.957702E-05 4.289212E-05 4.634746E-05 4.669293E-05 7.584630E-07 6.305006E-07 4.275357E-07 2.204594E-07 1.041574E-07
462 2.117679E+02 5.178571E-01 2.504752E+00 3.854070E-05 4.176900E-05 4.513386E-05 4.547028E-05 7.386027E-07 6.139910E-07 4.163407E-07 2.146867E-07 1.014301E-07
463 2.122857E+02 5.178571E-01 2.504752E+00 3.753147E-05 4.067523E-05 4.395198E-05 4.427959E-05 7.192615E-07 5.979129E-07 4.054383E-07 2.090649E-07 9.877400E-08
464 2.128036E+02 5.178571E-01 2.504752E+00 3.654863E-05 3.961006E-05 4.280100E-05 4.312003E-05 7.004260E-07 5.822552E-07 3.948210E-07 2.035900E-07 9.618738E-08
465 2.133214E+02 5.178571E-01 2.504752E+00 3.559148E-05 3.857273E-05 4.168011E-05 4.199079E-05 6.820829E-07 5.670068E-07 3.844812E-07 1.982583E-07 9.366838E-08
466 2.138393E+02 5.178571E-01 2.504752E+00 3.465936E-05 3.756253E-05 4.058853E-05 4.089107E-05 6.642195E-07 5.521572E-07 3.744119E-07 1.930660E-07 9.121525E-08
467 2.143571E+02 5.178571E-01 2.504752E+00 3.375161E-05 3.657875E-05 3.952549E-05 3.982011E-05 6.468232E-07 5.376958E-07 3.646058E-07 1.880095E-07 8.882626E-08
468 2.148750E+02 5.178571E-01 2.504752E+00 3.286760E-05 3.562070E-05 3.849026E-05 3.877716E-05 6.298818E-07 5.236127E-07 3.550561E-07 1.830852E-07 8.649976E-08
469 2.153929E+02 5.178571E-01 2.504752E+00 3.200671E-05 3.468770E-05 3.748210E-05 3.776149E-05 6.133835E-07 5.098979E-07 3.457563E-07 1.782898E-07 8.423410E-08
470 2.159107E+02 5.178571E-01 2.504752E+00 3.116834E-05 3.377910E-05 3.650031E-05 3.677238E-05 5.973168E-07 4.965418E-07 3.366997E-07 1.736197E-07 8.202770E-08
471 2.164286E+02 5.178571E-01 2.504752E+00 3.035190E-05 3.289427E-05 3.554420E-05 3.580914E-05 5.816703E-07 4.835351E-07 3.278799E-07 1.690718E-07 7.987901E-08
472 2.169464E+02 5.178571E-01 2.504752E+00 2.955682E-05 3.203259E-05 3.461310E-05 3.487110E-05 5.664331E-07 4.708686E-07 3.192909E-07 1.646429E-07 7.778654E-08
473 2.174643E+02 5.178571E-01 2.504752E+00 2.878253E-05 3.119345E-05 3.370636E-05 3.395760E-05 5.515946E-07 4.585335E-07 3.109266E-07 1.603298E-07 7.574881E-08
474 2.179821E+02 5.178571E-01 2.504752E+00 2.802851E-05 3.037627E-05 3.282335E-05 3.306801E-05 5.371442E-07 4.465211E-07 3.027812E-07 1.561296E-07 7.376439E-08
475 2.185000E+02 5.178571E-01 2.504752E+00 2.729421E-05 2.958046E-05 3.196343E-05 3.220169E-05 5.230720E-07 4.348231E-07 2.948489E-07 1.520393E-07 7.183189E-08
476 2.190179E+02 5.178571E-01 2.504752E+00 2.657913E-05 2.880549E-05 3.112602E-05 3.135803E-05 5.093680E-07 4.234311E-07 2.871241E-07 1.480560E-07 6.994996E-08
477 2.195357E+02 5.178571E-01 2.504752E+00 2.588276E-05 2.805079E-05 3.031053E-05 3.053646E-05 4.960226E-07 4.123373E-07 2.796015E-07 1.441769E-07 6.811728E-08
478 2.200536E+02 5.178571E-01 2.504752E+00 2.520462E-05 2.731584E-05 2.951637E-05 2.973638E-05 4.830265E-07 4.015338E-07 2.722757E-07 1.403994E-07 6.633256E-08
479 2.205714E+02 5.178571E-01 2.504752E+00 2.454422E-05 2.660013E-05 2.874300E-05 2.895725E-05 4.703705E-07 3.910130E-07 2.651417E-07 1.367207E-07 6.459455E-08
480 2.210893E+02 5.178571E-01 2.504752E+00 2.390111E-05 2.590314E-05 2.798987E-05 2.819851E-05 4.580458E-07 3.807676E-07 2.581944E-07 1.331383E-07 6.290203E-08
481 2.216071E+02 5.178571E-01 2.504752E+00 2.327483E-05 2.522441E-05 2.725646E-05 2.745962E-05 4.460436E-07 3.707903E-07 2.514290E-07 1.296497E-07 6.125381E-08
482 2.221250E+02 5.178571E-01 2.504752E+00 2.266495E-05 2.456344E-05 2.654224E-05 2.674008E-05 4.343556E-07 3.610743E-07 2.448406E-07 1.262524E-07 5.964874E-08
483 2.226429E+02 5.178571E-01 2.504752E+00 2.207103E-05 2.391977E-05 2.584672E-05 2.603938E-05 4.229736E-07 3.516125E-07 2.384247E-07 1.229441E-07 5.808568E-08
484 2.231607E+02 5.178571E-01 2.504752E+00 2.149266E-05 2.329295E-05 2.516940E-05 2.535701E-05 4.118896E-07 3.423985E-07 2.321768E-07 1.197223E-07 5.656354E-08
485 2.236786E+02 5.178571E-01 2.504752E+00 2.092943E-05 2.268254E-05 2.450982E-05 2.469252E-05 4.010957E-07 3.334257E-07 2.260924E-07 1.165849E-07 5.508125E-08
486 2.241964E+02 5.178571E-01 2.504752E+00 2.038094E-05 2.208812E-05 2.386751E-05 2.404542E-05 3.905844E-07 3.246878E-07 2.201673E-07 1.135296E-07 5.363778E-08
487 2.247143E+02 5.178571E-01 2.504752E+00 1.984682E-05 2.150926E-05 2.324202E-05 2.341526E-05 3.803484E-07 3.161788E-07 2.143974E-07 1.105544E-07 5.223209E-08
488 2.252321E+02 5.178571E-01 2.504752E+00 1.932669E-05 2.094555E-05 2.263290E-05 2.280160E-05 3.703804E-07 3.078925E-07 2.087786E-07 1.076570E-07 5.086321E-08
489 2.257500E+02 5.178571E-01 2.504752E+00 1.882017E-05 2.039661E-05 2.203973E-05 2.220402E-05 3.606734E-07 2.998232E-07 2.033069E-07 1.048355E-07 4.953018E-08
490 2.262679E+02 5.178571E-01 2.504752E+00 1.832692E-05 1.986204E-05 2.146210E-05 2.162208E-05 3.512206E-07 2.919652E-07 1.979784E-07 1.020879E-07 4.823205E-08
491 2.267857E+02 5.178571E-01 2.504752E+00 1.784658E-05 1.934147E-05 2.089959E-05 2.105538E-05 3.420153E-07 2.843129E-07 1.927896E-07 9.941223E-08 4.696792E-08
492 2.273036E+02 5.178571E-01 2.504752E+00 1.737882E-05 1.883453E-05 2.035182E-05 2.050352E-05 3.330511E-07 2.768611E-07 1.877366E-07 9.680664E-08 4.573690E-08
493 2.278214E+02 5.178571E-01 2.504752E+00 1.692332E-05 1.834087E-05 1.981839E-05 1.996611E-05 3.243217E-07 2.696045E-07 1.828159E-07 9.426930E-08 4.453812E-08
494 2.283393E+02 5.178571E-01 2.504752E+00 1.647974E-05 1.786014E-05 1.929893E-05 1.944278E-05 3.158209E-07 2.625379E-07 1.780241E-07 9.179841E-08 4.337073E-08
495 2.288571E+02 5.178571E-01 2.504752E+00 1.604779E-05 1.739200E-05 1.879308E-05 1.893316E-05 3.075428E-07 2.556564E-07 1.733579E-07 8.939224E-08 4.223392E-08
496 2.293750E+02 5.178571E-01 2.504752E+00 1.562714E-05 1.693612E-05 1.830048E-05 1.843689E-05 2.994815E-07 2.489551E-07 1.688138E-07 8.704910E-08 4.112688E-08
497 2.298929E+02 5.178571E-01 2.504752E+00 1.521752E-05 1.649219E-05 1.782078E-05 1.795361E-05 2.916314E-07 2.424294E-07 1.643888E-07 8.476733E-08 4.004885E-08
498 2.304107E+02 5.178571E-01 2.504752E+00 1.481862E-05 1.605988E-05 1.735364E-05 1.748300E-05 2.839869E-07 2.360746E-07 1.600797E-07 8.254533E-08 3.899905E-08
499 2.309286E+02 5.178571E-01 2.504752E+00 1.443018E-05 1.563890E-05 1.689875E-05 1.702471E-05 2.765426E-07 2.298863E-07 1.558835E-07 8.038154E-08 3.797676E-08
500 2.314464E+02 5.178571E-01 2.504752E+00 1.405191E-05 1.522894E-05 1.645577E-05 1.657843E-05 2.692934E-07 2.238601E-07 1.517972E-07 7.827443E-08 3.698124E-08
501 2.319643E+02 5.178571E-01 2.504752E+00 1.368355E-05 1.482973E-05 1.602439E-05 1.614384E-05 2.622340E-07 2.179918E-07 1.478179E-07 7.622253E-08 3.601181E-08
502 2.324821E+02 5.178571E-01 2.504752E+00 1.332484E-05 1.444097E-05 1.560432E-05 1.572063E-05 2.553597E-07 2.122772E-07 1.439429E-07 7.422438E-08 3.506777E-08
503 2.330000E+02 5.178571E-01 2.504752E+00 1.297553E-05 1.406240E-05 1.519525E-05 1.530852E-05 2.486654E-07 2.067124E-07 1.401694E-07 7.227858E-08 3.414846E-08
504 2.335179E+02 5.178571E-01 2.504752E+00 1.263537E-05 1.369375E-05 1.479690E-05 1.490720E-05 2.421465E-07 2.012933E-07 1.364948E-07 7.038377E-08 3.325325E-08
505 2.340357E+02 5.178571E-01 2.504752E+00 1.230412E-05 1.333476E-05 1.440899E-05 1.451639E-05 2.357984E-07 1.960162E-07 1.329165E-07 6.853859E-08 3.238148E-08
506 2.345536E+02 5.178571E-01 2.504752E+00 1.198156E-05 1.298517E-05 1.403124E-05 1.413583E-05 2.296167E-07 1.908774E-07 1.294319E-07 6.674177E-08 3.153256E-08
507 2.350714E+02 5.178571E-01 2.504752E+00 1.166744E-05 1.264474E-05 1.366339E-05 1.376523E-05 2.235969E-07 1.858733E-07 1.260387E-07 6.499203E-08 3.070589E-08
508 2.355893E+02 5.178571E-01 2.504752E+00 1.136156E-05 1.231324E-05 1.330518E-05 1.340435E-05 2.177349E-07 1.810002E-07 1.227343E-07 6.328813E-08 2.990087E-08
509 2.361071E+02 5.178571E-01 2.504752E+00 1.106369E-05 1.199042E-05 1.295635E-05 1.305293E-05 2.120265E-07 1.762549E-07 1.195165E-07 6.162889E-08 2.911695E-08
510 2.366250E+02 5.178571E-01 2.504752E+00 1.077362E-05 1.167606E-05 1.261667E-05 1.271071E-05 2.064676E-07 1.716339E-07 1.163831E-07 6.001312E-08 2.835357E-08
511 2.371429E+02 5.178571E-01 2.504752E+00 1.049116E-05 1.136993E-05 1.228588E-05 1.237746E-05 2.010545E-07 1.671340E-07 1.133318E-07 5.843970E-08 2.761020E-08
512 2.376607E+02 5.178571E-01 2.504752E+00 1.021610E-05 1.107183E-05 1.196377E-05 1.205295E-05 1.957831E-07 1.627520E-07 1.103604E-07 5.690751E-08 2.688630E-08
513 2.381786E+02 5.178571E-01 2.504752E+00 9.948250E-06 1.078155E-05 1.165010E-05 1.173693E-05 1.906500E-07 1.584849E-07 1.074669E-07 5.541547E-08 2.618138E-08
514 2.386964E+02 5.178571E-01 2.504752E+00 9.687418E-06 1.049887E-05 1.134464E-05 1.142921E-05 1.856513E-07 1.543296E-07 1.046492E-07 5.396254E-08 2.549493E-08
515 2.392143E+02 5.178571E-01 2.504752E+00 9.433421E-06 1.022359E-05 1.104720E-05 1.112954E-05 1.807837E-07 1.502832E-07 1.019054E-07 5.254768E-08 2.482648E-08
516 2.397321E+02 5.178571E-01 2.504752E+00 9.186082E-06 9.955537E-06 1.075754E-05 1.083773E-05 1.760436E-07 1.463428E-07 9.923350E-08 5.116990E-08 2.417554E-08
517 2.402500E+02 5.178571E-01 2.504752E+00 8.945225E-06 9.694505E-06 1.047548E-05 1.055357E-05 1.714278E-07 1.425057E-07 9.663162E-08 4.982824E-08 2.354166E-08
518 2.407679E+02 5.178571E-01 2.504752E+00 8.710681E-06 9.440315E-06 1.020082E-05 1.027685E-05 1.669330E-07 1.387692E-07 9.409793E-08 4.852174E-08 2.292440E-08
519 2.412857E+02 5.178571E-01 2.504752E+00 8.482284E-06 9.192787E-06 9.933348E-06 1.000739E-05 1.625559E-07 1.351307E-07 9.163065E-08 4.724948E-08 2.232331E-08
520 2.418036E+02 5.178571E-01 2.504752E+00 8.259873E-06 8.951747E-06 9.672889E-06 9.744990E-06 1.582936E-07 1.315874E-07 8.922803E-08 4.601057E-08 2.173798E-08
521 2.423214E+02 5.178571E-01 2.504752E+00 8.043293E-06 8.717025E-06 9.419258E-06 9.489468E-06 1.541430E-07 1.281371E-07 8.688840E-08 4.480413E-08 2.116799E-08
522 2.428393E+02 5.178571E-01 2.504752E+00 7.832389E-06 8.488455E-06 9.172275E-06 9.240644E-06 1.501012E-07 1.247772E-07 8.461009E-08 4.362932E-08 2.061294E-08
523 2.433571E+02 5.178571E-01 2.504752E+00 7.627013E-06 8.265876E-06 8.931766E-06 8.998342E-06 1.461653E-07 1.215054E-07 8.239150E-08 4.248530E-08 2.007244E-08
524 2.438750E+02 5.178571E-01 2.504752E+00 7.427021E-06 8.049132E-06 8.697561E-06 8.762392E-06 1.423327E-07 1.183193E-07 8.023106E-08 4.137127E-08 1.954611E-08
525 2.443929E+02 5.178571E-01 2.504752E+00 7.232271E-06 7.838069E-06 8.469496E-06 8.532626E-06 1.386004E-07 1.152168E-07 7.812725E-08 4.028644E-08 1.903358E-08
526 2.449107E+02 5.178571E-01 2.504752E+00 7.042627E-06 7.632540E-06 8.247408E-06 8.308884E-06 1.349660E-07 1.121955E-07 7.607860E-08 3.923004E-08 1.853448E-08
527 2.454286E+02 5.178571E-01 2.504752E+00 6.857953E-06 7.432397E-06 8.031143E-06 8.091006E-06 1.314269E-07 1.092535E-07 7.408365E-08 3.820134E-08 1.804846E-08
528 2.459464E+02 5.178571E-01 2.504752E+00 6.678121E-06 7.237502E-06 7.820547E-06 7.878840E-06 1.279806E-07 1.063886E-07 7.214099E-08 3.719961E-08 1.757519E-08
529 2.464643E+02 5.178571E-01 2.504752E+00 6.503003E-06 7.047715E-06 7.615471E-06 7.672236E-06 1.246246E-07 1.035988E-07 7.024926E-08 3.622414E-08 1.711432E-08
530 2.469821E+02 5.178571E-01 2.504752E+00 6.332476E-06 6.862904E-06 7.415772E-06 7.471048E-06 1.213566E-07 1.008822E-07 6.840712E-08 3.527424E-08 1.666553E-08
531 2.475000E+02 5.178571E-01 2.504752E+00 6.166419E-06 6.682938E-06 7.221308E-06 7.275135E-06 1.181742E-07 9.823674E-08 6.661328E-08 3.434924E-08 1.622851E-08
532 2.480179E+02 5.178571E-01 2.504752E+00 6.004716E-06 6.507690E-06 7.031942E-06 7.084357E-06 1.150753E-07 9.566065E-08 6.486646E-08 3.344849E-08 1.580295E-08
533 2.485357E+02 5.178571E-01 2.504752E+00 5.847251E-06 6.337036E-06 6.847540E-06 6.898581E-06 1.120577E-07 9.315210E-08 6.316544E-08 3.257135E-08 1.538854E-08
534 2.490536E+02 5.178571E-01 2.504752E+00 5.693915E-06 6.170856E-06 6.667973E-06 6.717676E-06 1.091191E-07 9.070931E-08 6.150901E-08 3.171721E-08 1.498499E-08
535 2.495714E+02 5.178571E-01 2.504752E+00 5.544600E-06 6.009033E-06 6.493114E-06 6.541513E-06 1.062576E-07 8.833057E-08 5.989601E-08 3.088547E-08 1.459203E-08
536 2.500893E+02 5.178571E-01 2.504752E+00 5.399198E-06 5.851452E-06 6.322839E-06 6.369968E-06 1.034711E-07 8.601419E-08 5.832530E-08 3.007553E-08 1.420937E-08
537 2.506071E+02 5.178571E-01 2.504752E+00 5.257609E-06 5.698003E-06 6.157028E-06 6.202922E-06 1.007576E-07 8.375854E-08 5.679577E-08 2.928682E-08 1.383674E-08
538 2.511250E+02 5.178571E-01 2.504752E+00 5.119732E-06 5.548577E-06 5.995564E-06 6.040255E-06 9.811535E-08 8.156203E-08 5.530634E-08 2.851880E-08 1.347388E-08
539 2.516429E+02 5.178571E-01 2.504752E+00 4.985470E-06 5.403069E-06 5.838334E-06 5.881852E-06 9.554232E-08 7.942311E-08 5.385596E-08 2.777091E-08 1.312054E-08
540 2.521607E+02 5.178571E-01 2.504752E+00 4.854728E-06 5.261376E-06 5.685226E-06 5.727603E-06 9.303676E-08 7.734027E-08 5.244361E-08 2.704263E-08 1.277646E-08
541 2.526786E+02 5.178571E-01 2.504752E+00 4.727414E-06 5.123398E-06 5.536133E-06 5.577398E-06 9.059690E-08 7.531204E-08 5.106829E-08 2.633344E-08 1.244140E-08
542 2.531964E+02 5.178571E-01 2.504752E+00 4.603438E-06 4.989037E-06 5.390948E-06 5.431132E-06 8.822100E-08 7.333699E-08 4.972903E-08 2.564285E-08 1.211512E-08
543 2.537143E+02 5.178571E-01 2.504752E+00 4.482713E-06 4.858200E-06 5.249571E-06 5.288700E-06 8.590740E-08 7.141372E-08 4.842488E-08 2.497036E-08 1.179740E-08
544 2.542321E+02 5.178571E-01 2.504752E+00 4.365153E-06 4.730792E-06 5.111900E-06 5.150003E-06 8.365446E-08 6.954089E-08 4.715493E-08 2.431551E-08 1.148801E-08
545 2.547500E+02 5.178571E-01 2.504752E+00 4.250676E-06 4.606726E-06 4.977839E-06 5.014943E-06 8.146060E-08 6.771715E-08 4.591828E-08 2.367783E-08 1.118674E-08
546 2.552679E+02 5.178571E-01 2.504752E+00 4.139200E-06 4.485913E-06 4.847293E-06 4.883424E-06 7.932426E-08 6.594124E-08 4.471405E-08 2.305687E-08 1.089336E-08
547 2.557857E+02 5.178571E-01 2.504752E+00 4.030647E-06 4.368267E-06 4.720170E-06 4.755353E-06 7.724393E-08 6.421189E-08 4.354140E-08 2.245219E-08 1.060767E-08
548 2.563036E+02 5.178571E-01 2.504752E+00 3.924941E-06 4.253706E-06 4.596380E-06 4.630641E-06 7.521816E-08 6.252789E-08 4.239949E-08 2.186336E-08 1.032948E-08
549 2.568214E+02 5.178571E-01 2.504752E+00 3.822006E-06 4.142150E-06 4.475836E-06 4.509199E-06 7.324550E-08 6.088805E-08 4.128753E-08 2.128998E-08 1.005858E-08
550 2.573393E+02 5.178571E-01 2.504752E+00 3.721771E-06 4.033518E-06 4.358454E-06 4.390941E-06 7.132457E-08 5.929120E-08 4.020473E-08 2.073163E-08 9.794786E-09
551 2.578571E+02 5.178571E-01 2.504752E+00 3.624163E-06 3.927735E-06 4.244149E-06 4.275784E-06 6.945400E-08 5.773623E-08 3.915031E-08 2.018792E-08 9.537908E-09
552 2.583750E+02 5.178571E-01 2.504752E+00 3.529115E-06 3.824725E-06 4.132841E-06 4.163647E-06 6.763249E-08 5.622203E-08 3.812355E-08 1.965847E-08 9.287765E-09
553 2.588929E+02 5.178571E-01 2.504752E+00 3.436560E-06 3.724417E-06 4.024452E-06 4.054450E-06 6.585874E-08 5.474753E-08 3.712371E-08 1.914290E-08 9.044181E-09
554 2.594107E+02 5.178571E-01 2.504752E+00 3.346432E-06 3.626739E-06 3.918905E-06 3.948116E-06 6.413151E-08 5.331170E-08 3.615009E-08 1.864085E-08 8.806985E-09
555 2.599286E+02 5.178571E-01 2.504752E+00 3.258666E-06 3.531623E-06 3.816126E-06 3.844571E-06 6.244956E-08 5.191352E-08 3.520200E-08 1.815197E-08 8.576009E-09
556 2.604464E+02 5.178571E-01 2.504752E+00 3.173203E-06 3.439000E-06 3.716042E-06 3.743741E-06 6.081172E-08 5.055201E-08 3.427877E-08 1.767590E-08 8.351089E-09
557 2.609643E+02 5.178571E-01 2.504752E+00 3.089980E-06 3.348807E-06 3.618583E-06 3.645556E-06 5.921683E-08 4.922620E-08 3.337976E-08 1.721232E-08 8.132068E-09
558 2.614821E+02 5.178571E-01 2.504752E+00 3.008940E-06 3.260979E-06 3.523679E-06 3.549945E-06 5.766377E-08 4.793515E-08 3.250431E-08 1.676090E-08 7.918790E-09
559 2.620000E+02 5.178571E-01 2.504752E+00 2.930025E-06 3.175453E-06 3.431264E-06 3.456841E-06 5.615143E-08 4.667796E-08 3.165183E-08 1.632131E-08 7.711105E-09
560 2.625179E+02 5.178571E-01 2.504752E+00 2.853180E-06 3.092171E-06 3.341273E-06 3.366178E-06 5.467875E-08 4.545374E-08 3.082169E-08 1.589325E-08 7.508866E-09
561 2.630357E+02 5.178571E-01 2.504752E+00 2.778349E-06 3.011073E-06 3.253641E-06 3.277893E-06 5.324468E-08 4.426162E-08 3.001333E-08 1.547642E-08 7.311931E-09
562 2.635536E+02 5.178571E-01 2.504752E+00 2.705481E-06 2.932101E-06 3.168308E-06 3.191924E-06 5.184823E-08 4.310077E-08 2.922617E-08 1.507052E-08 7.120160E-09
563 2.640714E+02 5.178571E-01 2.504752E+00 2.634524E-06 2.855200E-06 3.085212E-06 3.108209E-06 5.048839E-08 4.197036E-08 2.845965E-08 1.467526E-08 6.933418E-09
564 2.645893E+02 5.178571E-01 2.504752E+00 2.565428E-06 2.780316E-06 3.004295E-06 3.026689E-06 4.916422E-08 4.086959E-08 2.771323E-08 1.429037E-08 6.751573E-09
565 2.651071E+02 5.178571E-01 2.504752E+00 2.498143E-06 2.707396E-06 2.925500E-06 2.947307E-06 4.787477E-08 3.979769E-08 2.698638E-08 1.391557E-08 6.574497E-09
566 2.656250E+02 5.178571E-01 2.504752E+00 2.432623E-06 2.636388E-06 2.848772E-06 2.870006E-06 4.661914E-08 3.875389E-08 2.627860E-08 1.355060E-08 6.402065E-09
567 2.661429E+02 5.178571E-01 2.504752E+00 2.368822E-06 2.567242E-06 2.774056E-06 2.794733E-06 4.539643E-08 3.773747E-08 2.558938E-08 1.319520E-08 6.234154E-09
568 2.666607E+02 5.178571E-01 2.504752E+00 2.306693E-06 2.499909E-06 2.701299E-06 2.721434E-06 4.420579E-08 3.674771E-08 2.491823E-08 1.284912E-08 6.070647E-09
569 2.671786E+02 5.178571E-01 2.504752E+00 2.246194E-06 2.434342E-06 2.630450E-06 2.650057E-06 4.304638E-08 3.578390E-08 2.426468E-08 1.251212E-08 5.911429E-09
570 2.676964E+02 5.178571E-01 2.504752E+00 2.187282E-06 2.370495E-06 2.561460E-06 2.580552E-06 4.191737E-08 3.484537E-08 2.362827E-08 1.218396E-08 5.756385E-09
571 2.682143E+02 5.178571E-01 2.504752E+00 2.129914E-06 2.308322E-06 2.494278E-06 2.512870E-06 4.081797E-08 3.393146E-08 2.300856E-08 1.186440E-08 5.605408E-09
572 2.687321E+02 5.178571E-01 2.504752E+00 2.074051E-06 2.247780E-06 2.428859E-06 2.446963E-06 3.974740E-08 3.304151E-08 2.240509E-08 1.155322E-08 5.458390E-09
573 2.692500E+02 5.178571E-01 2.504752E+00 2.019653E-06 2.188825E-06 2.365155E-06 2.382784E-06 3.870491E-08 3.217490E-08 2.181745E-08 1.125020E-08 5.315228E-09
574 2.697679E+02 5.178571E-01 2.504752E+00 1.966681E-06 2.131417E-06 2.303122E-06 2.320289E-06 3.768976E-08 3.133101E-08 2.124522E-08 1.095513E-08 5.175820E-09
575 2.702857E+02 5.178571E-01 2.504752E+00 1.915099E-06 2.075514E-06 2.242715E-06 2.259432E-06 3.670123E-08 3.050926E-08 2.068800E-08 1.066780E-08 5.040068E-09
576 2.708036E+02 5.178571E-01 2.504752E+00 1.864870E-06 2.021077E-06 2.183893E-06 2.200172E-06 3.573862E-08 2.970906E-08 2.014539E-08 1.038800E-08 4.907877E-09
577 2.713214E+02 5.178571E-01 2.504752E+00 1.815958E-06 1.968068E-06 2.126614E-06 2.142465E-06 3.480126E-08 2.892985E-08 1.961702E-08 1.011555E-08 4.779152E-09
578 2.718393E+02 5.178571E-01 2.504752E+00 1.768328E-06 1.916449E-06 2.070836E-06 2.086272E-06 3.388849E-08 2.817107E-08 1.910250E-08 9.850232E-09 4.653803E-09
579 2.723571E+02 5.178571E-01 2.504752E+00 1.721948E-06 1.866184E-06 2.016522E-06 2.031553E-06 3.299965E-08 2.743219E-08 1.860147E-08 9.591877E-09 4.531742E-09
580 2.728750E+02 5.178571E-01 2.504752E+00 1.676784E-06 1.817237E-06 1.963632E-06 1.978269E-06 3.213412E-08 2.671269E-08 1.811359E-08 9.340298E-09 4.412882E-09
581 2.733929E+02 5.178571E-01 2.504752E+00 1.632805E-06 1.769574E-06 1.912129E-06 1.926382E-06 3.129130E-08 2.601206E-08 1.763850E-08 9.095317E-09 4.297139E-09
582 2.739107E+02 5.178571E-01 2.504752E+00 1.589979E-06 1.723161E-06 1.861977E-06 1.875856E-06 3.047058E-08 2.532980E-08 1.717587E-08 8.856761E-09 4.184432E-09
583 2.744286E+02 5.178571E-01 2.504752E+00 1.548277E-06 1.677965E-06 1.813140E-06 1.826655E-06 2.967138E-08 2.466544E-08 1.672537E-08 8.624462E-09 4.074680E-09
584 2.749464E+02 5.178571E-01 2.504752E+00 1.507668E-06 1.633955E-06 1.765584E-06 1.778745E-06 2.889314E-08 2.401850E-08 1.628669E-08 8.398255E-09 3.967808E-09
585 2.754643E+02 5.178571E-01 2.504752E+00 1.468124E-06 1.591098E-06 1.719275E-06 1.732091E-06 2.813532E-08 2.338853E-08 1.585951E-08 8.177981E-09 3.863738E-09
586 2.759821E+02 5.178571E-01 2.504752E+00 1.429617E-06 1.549366E-06 1.674181E-06 1.686660E-06 2.739737E-08 2.277508E-08 1.544354E-08 7.963483E-09 3.762397E-09
587 2.765000E+02 5.178571E-01 2.504752E+00 1.392120E-06 1.508728E-06 1.630270E-06 1.642421E-06 2.667877E-08 2.217772E-08 1.503847E-08 7.754612E-09 3.663714E-09
588 2.770179E+02 5.178571E-01 2.504752E+00 1.355606E-06 1.469156E-06 1.587510E-06 1.599343E-06 2.597902E-08 2.159603E-08 1.464403E-08 7.551218E-09 3.567620E-09
589 2.775357E+02 5.178571E-01 2.504752E+00 1.320050E-06 1.430622E-06 1.545871E-06 1.557394E-06 2.529762E-08 2.102959E-08 1.425994E-08 7.353159E-09 3.474046E-09
590 2.780536E+02 5.178571E-01 2.504752E+00 1.285427E-06 1.393099E-06 1.505325E-06 1.516546E-06 2.463410E-08 2.047801E-08 1.388592E-08 7.160295E-09 3.382926E-09
591 2.785714E+02 5.178571E-01 2.504752E+00 1.251712E-06 1.356559E-06 1.465842E-06 1.476768E-06 2.398797E-08 1.994089E-08 1.352171E-08 6.972489E-09 3.294195E-09
592 2.790893E+02 5.178571E-01 2.504752E+00 1.218881E-06 1.320978E-06 1.427395E-06 1.438034E-06 2.335879E-08 1.941787E-08 1.316705E-08 6.789608E-09 3.207792E-09
593 2.796071E+02 5.178571E-01 2.504752E+00 1.186911E-06 1.286330E-06 1.389956E-06 1.400316E-06 2.274612E-08 1.890856E-08 1.282169E-08 6.611524E-09 3.123655E-09
594 2.801250E+02 5.178571E-01 2.504752E+00 1.155780E-06 1.252591E-06 1.353499E-06 1.363588E-06 2.214951E-08 1.841261E-08 1.248539E-08 6.438111E-09 3.041725E-09
