0 -2.748214E+01 5.178571E-01 5.800001E+00 1.067752E-13 3.471570E-13 1.500494E-12 4.031143E-12 3.119484E-09 8.965115E-12 9.893516E-12 7.468014E-12 3.963903E-12
1 -2.696429E+01 5.178571E-01 7.747934E+00 6.600223E-13 2.145924E-12 9.275187E-12 2.491820E-11 5.337080E-09 5.541716E-11 6.115599E-11 4.616295E-11 2.450256E-11
2 -2.644643E+01 5.178571E-01 9.977890E+00 2.016187E-12 6.555207E-12 2.833315E-11 7.611824E-11 6.905284E-09 1.692842E-10 1.868148E-10 1.410151E-10 7.484858E-11
3 -2.592857E+01 5.178571E-01 1.270145E+01 4.532038E-12 1.473497E-11 6.368801E-11 1.711006E-10 8.018333E-09 3.805215E-10 4.199272E-10 3.169775E-10 1.682466E-10
4 -2.541071E+01 5.178571E-01 1.297803E+01 8.670133E-12 2.818911E-11 1.218400E-10 3.273285E-10 8.831674E-09 7.279665E-10 8.033526E-10 6.064021E-10 3.218686E-10
5 -2.489286E+01 5.178571E-01 1.050289E+01 1.495269E-11 4.861552E-11 2.101277E-10 5.645173E-10 9.470561E-09 1.255466E-09 1.385478E-09 1.045813E-09 5.551011E-10
6 -2.437500E+01 5.178571E-01 8.523362E+00 2.380830E-11 7.740769E-11 3.345743E-10 8.988484E-10 1.003077E-08 1.999006E-09 2.206017E-09 1.665188E-09 8.838555E-10
7 -2.385714E+01 5.178571E-01 7.994298E+00 3.560062E-11 1.157479E-10 5.002898E-10 1.344050E-09 1.058616E-08 2.989119E-09 3.298663E-09 2.489961E-09 1.321632E-09
8 -2.333929E+01 5.178571E-01 7.311944E+00 5.079245E-11 1.651410E-10 7.137782E-10 1.917596E-09 1.120125E-08 4.264664E-09 4.706300E-09 3.552500E-09 1.885611E-09
9 -2.282143E+01 5.178571E-01 6.594895E+00 6.993078E-11 2.273652E-10 9.827260E-10 2.640136E-09 1.193399E-08 5.871566E-09 6.479608E-09 4.891063E-09 2.596098E-09
10 -2.230357E+01 5.178571E-01 5.750926E+00 9.357009E-11 3.042235E-10 1.314925E-09 3.532605E-09 1.283471E-08 7.856384E-09 8.669968E-09 6.544432E-09 3.473681E-09
11 -2.178571E+01 5.178571E-01 4.803650E+00 1.221522E-10 3.971520E-10 1.716585E-09 4.611679E-09 1.394222E-08 1.025621E-08 1.131831E-08 8.543504E-09 4.534756E-09
12 -2.126786E+01 5.178571E-01 4.161025E+00 1.559090E-10 5.069052E-10 2.190964E-09 5.886120E-09 1.528063E-08 1.309051E-08 1.444613E-08 1.090451E-08 5.787939E-09
13 -2.075000E+01 5.178571E-01 3.756400E+00 1.949446E-10 6.338213E-10 2.739525E-09 7.359853E-09 1.686445E-08 1.636804E-08 1.806307E-08 1.363472E-08 7.237090E-09
14 -2.023214E+01 5.178571E-01 3.492180E+00 2.393520E-10 7.782026E-10 3.363575E-09 9.036391E-09 1.870509E-08 2.009660E-08 2.217775E-08 1.674063E-08 8.885663E-09
15 -1.971429E+01 5.178571E-01 3.322720E+00 2.892871E-10 9.405560E-10 4.065305E-09 1.092162E-08 2.081510E-08 2.428928E-08 2.680461E-08 2.023317E-08 1.073944E-08
16 -1.919643E+01 5.178571E-01 3.051156E+00 3.449686E-10 1.121593E-09 4.847789E-09 1.302380E-08 2.320866E-08 2.896445E-08 3.196392E-08 2.412762E-08 1.280656E-08
17 -1.867857E+01 5.178571E-01 2.738620E+00 4.065265E-10 1.321735E-09 5.712852E-09 1.534783E-08 2.589454E-08 3.413300E-08 3.766772E-08 2.843307E-08 1.509182E-08
18 -1.816071E+01 5.178571E-01 2.454352E+00 4.738967E-10 1.540775E-09 6.659594E-09 1.789129E-08 2.887134E-08 3.978958E-08 4.391007E-08 3.314504E-08 1.759286E-08
19 -1.764286E+01 5.178571E-01 2.206633E+00 5.468243E-10 1.777884E-09 7.684434E-09 2.064457E-08 3.212778E-08 4.591276E-08 5.066735E-08 3.824571E-08 2.030021E-08
20 -1.712500E+01 5.178571E-01 2.189555E+00 6.249948E-10 2.032039E-09 8.782952E-09 2.359578E-08 3.564928E-08 5.247616E-08 5.791043E-08 4.371307E-08 2.320220E-08
21 -1.660714E+01 5.178571E-01 2.244502E+00 7.083833E-10 2.303159E-09 9.954796E-09 2.674399E-08 3.943495E-08 5.947766E-08 6.563700E-08 4.954538E-08 2.629790E-08
22 -1.608929E+01 5.178571E-01 2.166557E+00 7.972970E-10 2.592243E-09 1.120429E-08 3.010081E-08 4.349983E-08 6.694309E-08 7.387552E-08 5.576414E-08 2.959872E-08
23 -1.557143E+01 5.178571E-01 2.057539E+00 8.920558E-10 2.900332E-09 1.253592E-08 3.367829E-08 4.785937E-08 7.489928E-08 8.265562E-08 6.239171E-08 3.311653E-08
24 -1.505357E+01 5.178571E-01 2.175718E+00 9.929973E-10 3.228522E-09 1.395443E-08 3.748919E-08 5.252977E-08 8.337459E-08 9.200861E-08 6.945171E-08 3.686387E-08
25 -1.453571E+01 5.178571E-01 2.303752E+00 1.100954E-09 3.579521E-09 1.547153E-08 4.156495E-08 5.755116E-08 9.243892E-08 1.020116E-07 7.700238E-08 4.087164E-08
26 -1.401786E+01 5.178571E-01 2.423842E+00 1.217316E-09 3.957846E-09 1.710674E-08 4.595801E-08 6.299064E-08 1.022089E-07 1.127934E-07 8.514088E-08 4.519143E-08
27 -1.350000E+01 5.178571E-01 2.504752E+00 1.343900E-09 4.369408E-09 1.888561E-08 5.073702E-08 6.893607E-08 1.128373E-07 1.245224E-07 9.399437E-08 4.989072E-08
28 -1.298214E+01 5.178571E-01 2.504752E+00 1.482729E-09 4.820780E-09 2.083655E-08 5.597829E-08 7.548515E-08 1.244937E-07 1.373859E-07 1.037043E-07 5.504457E-08
29 -1.246429E+01 5.178571E-01 2.504752E+00 1.635773E-09 5.318371E-09 2.298725E-08 6.175625E-08 8.273315E-08 1.373436E-07 1.515666E-07 1.144084E-07 6.072615E-08
30 -1.194643E+01 5.178571E-01 2.504752E+00 1.804967E-09 5.868472E-09 2.536492E-08 6.814396E-08 9.077355E-08 1.515497E-07 1.672437E-07 1.262421E-07 6.700731E-08
31 -1.142857E+01 5.178571E-01 2.504752E+00 1.992291E-09 6.477516E-09 2.799735E-08 7.521611E-08 9.970197E-08 1.672779E-07 1.846007E-07 1.393438E-07 7.396149E-08
32 -1.091071E+01 5.178571E-01 2.504752E+00 2.199828E-09 7.152277E-09 3.091383E-08 8.305134E-08 1.096191E-07 1.847031E-07 2.038305E-07 1.538592E-07 8.166604E-08
33 -1.039286E+01 5.178571E-01 2.504752E+00 2.429812E-09 7.900023E-09 3.414576E-08 9.173407E-08 1.206331E-07 2.040132E-07 2.251402E-07 1.699447E-07 9.020394E-08
34 -9.875000E+00 5.178571E-01 2.504752E+00 2.684674E-09 8.728652E-09 3.772729E-08 1.013560E-07 1.328614E-07 2.254121E-07 2.487551E-07 1.877701E-07 9.966538E-08
35 -9.357143E+00 5.178571E-01 2.504752E+00 2.967074E-09 9.646815E-09 4.169581E-08 1.120176E-07 1.464328E-07 2.491231E-07 2.749215E-07 2.075216E-07 1.101491E-07
36 -8.839286E+00 5.178571E-01 2.504752E+00 3.279938E-09 1.066403E-08 4.609245E-08 1.238294E-07 1.614889E-07 2.753920E-07 3.039108E-07 2.294038E-07 1.217639E-07
37 -8.321429E+00 5.178571E-01 2.504752E+00 3.626497E-09 1.179079E-08 5.096258E-08 1.369132E-07 1.781861E-07 3.044899E-07 3.360220E-07 2.536426E-07 1.346295E-07
38 -7.803571E+00 5.178571E-01 2.504752E+00 4.010317E-09 1.303870E-08 5.635634E-08 1.514038E-07 1.966973E-07 3.367164E-07 3.715858E-07 2.804875E-07 1.488783E-07
39 -7.285714E+00 5.178571E-01 2.504752E+00 4.428796E-09 1.439930E-08 6.223716E-08 1.672028E-07 2.160730E-07 3.704293E-07 4.087898E-07 3.085706E-07 1.637844E-07
40 -6.767857E+00 5.178571E-01 2.504752E+00 4.878975E-09 1.586296E-08 6.856345E-08 1.841987E-07 2.355252E-07 4.042650E-07 4.461295E-07 3.367561E-07 1.787448E-07
41 -6.250000E+00 5.178571E-01 2.504752E+00 5.358395E-09 1.742169E-08 7.530066E-08 2.022985E-07 2.540928E-07 4.365613E-07 4.817703E-07 3.636592E-07 1.930245E-07
42 -5.732143E+00 5.178571E-01 2.504752E+00 5.865955E-09 1.907192E-08 8.243332E-08 2.214607E-07 2.711651E-07 4.662618E-07 5.145465E-07 3.883999E-07 2.061565E-07
43 -5.214286E+00 5.178571E-01 2.504752E+00 6.401343E-09 2.081262E-08 8.995704E-08 2.416735E-07 2.863834E-07 4.927460E-07 5.437733E-07 4.104615E-07 2.178664E-07
44 -4.696429E+00 5.178571E-01 2.504752E+00 6.964679E-09 2.264419E-08 9.787351E-08 2.629415E-07 2.995680E-07 5.157034E-07 5.691081E-07 4.295852E-07 2.280170E-07
45 -4.178571E+00 5.178571E-01 2.504752E+00 7.556310E-09 2.456775E-08 1.061876E-07 2.852777E-07 3.106645E-07 5.350405E-07 5.904477E-07 4.456932E-07 2.365668E-07
46 -3.660714E+00 5.178571E-01 2.504752E+00 8.176691E-09 2.658479E-08 1.149057E-07 3.086993E-07 3.197048E-07 5.508125E-07 6.078530E-07 4.588313E-07 2.435404E-07
47 -3.142857E+00 5.178571E-01 2.504752E+00 8.826323E-09 2.869693E-08 1.240349E-07 3.332252E-07 3.267773E-07 5.631728E-07 6.214933E-07 4.691276E-07 2.490055E-07
48 -2.625000E+00 5.178571E-01 2.504752E+00 9.505727E-09 3.090587E-08 1.335825E-07 3.588751E-07 3.320064E-07 5.723373E-07 6.316069E-07 4.767617E-07 2.530575E-07
49 -2.107143E+00 5.178571E-01 2.504752E+00 1.021544E-08 3.321335E-08 1.435559E-07 3.856692E-07 3.355377E-07 5.785578E-07 6.384715E-07 4.819434E-07 2.558079E-07
50 -1.589286E+00 5.178571E-01 2.504752E+00 1.095601E-08 3.562117E-08 1.539631E-07 4.136285E-07 3.375263E-07 5.821034E-07 6.423843E-07 4.848969E-07 2.573756E-07
51 -1.071429E+00 5.178571E-01 2.504752E+00 1.172803E-08 3.813122E-08 1.648121E-07 4.427749E-07 3.381303E-07 5.832477E-07 6.436471E-07 4.858501E-07 2.578815E-07
52 -5.535714E-01 5.178571E-01 2.504752E+00 1.253212E-08 4.074554E-08 1.761118E-07 4.731321E-07 3.375049E-07 5.822596E-07 6.425567E-07 4.850270E-07 2.574446E-07
53 -3.571429E-02 5.178571E-01 2.504752E+00 1.336895E-08 4.346633E-08 1.878717E-07 5.047255E-07 3.357994E-07 5.793976E-07 6.393983E-07 4.826430E-07 2.561792E-07
54 4.821429E-01 5.178571E-01 2.504752E+00 1.423927E-08 4.629599E-08 2.001022E-07 5.375833E-07 3.331547E-07 5.749060E-07 6.344416E-07 4.789014E-07 2.541933E-07
55 1.000000E+00 5.178571E-01 2.504752E+00 1.514389E-08 4.923718E-08 2.128147E-07 5.717360E-07 3.297024E-07 5.690127E-07 6.279379E-07 4.739922E-07 2.515875E-07
56 1.517857E+00 5.178571E-01 2.504752E+00 1.608372E-08 5.229282E-08 2.260219E-07 6.072176E-07 3.255641E-07 5.619281E-07 6.201197E-07 4.680907E-07 2.484551E-07
57 2.035714E+00 5.178571E-01 2.504752E+00 1.705972E-08 5.546609E-08 2.397375E-07 6.440652E-07 3.208510E-07 5.538450E-07 6.111996E-07 4.613574E-07 2.448812E-07
58 2.553571E+00 5.178571E-01 2.504752E+00 1.807298E-08 5.876050E-08 2.539767E-07 6.823195E-07 3.156645E-07 5.449390E-07 6.013713E-07 4.539387E-07 2.409434E-07
59 3.071429E+00 5.178571E-01 2.504752E+00 1.912468E-08 6.217987E-08 2.687560E-07 7.220249E-07 3.100961E-07 5.353687E-07 5.908099E-07 4.459666E-07 2.367120E-07
60 3.589286E+00 5.178571E-01 2.504752E+00 2.021609E-08 6.572835E-08 2.840934E-07 7.632293E-07 3.042283E-07 5.252771E-07 5.796733E-07 4.375602E-07 2.322500E-07
61 4.107143E+00 5.178571E-01 2.504752E+00 2.134858E-08 6.941041E-08 3.000081E-07 8.059849E-07 2.981351E-07 5.147923E-07 5.681027E-07 4.288262E-07 2.276141E-07
62 4.625000E+00 5.178571E-01 2.504752E+00 2.252364E-08 7.323087E-08 3.165210E-07 8.503476E-07 2.918824E-07 5.040285E-07 5.562242E-07 4.198599E-07 2.228550E-07
63 5.142857E+00 5.178571E-01 2.504752E+00 2.374285E-08 7.719489E-08 3.336545E-07 8.963774E-07 2.855290E-07 4.930876E-07 5.441503E-07 4.107460E-07 2.180174E-07
64 5.660714E+00 5.178571E-01 2.504752E+00 2.500792E-08 8.130799E-08 3.514323E-07 9.441382E-07 2.791268E-07 4.820595E-07 5.319802E-07 4.015595E-07 2.131414E-07
65 6.178571E+00 5.178571E-01 2.504752E+00 2.632065E-08 8.557604E-08 3.698798E-07 9.936983E-07 2.727218E-07 4.710241E-07 5.198019E-07 3.923669E-07 2.082621E-07
66 6.696429E+00 5.178571E-01 2.504752E+00 2.768295E-08 9.000527E-08 3.890240E-07 1.045130E-06 2.663544E-07 4.600513E-07 5.076928E-07 3.832265E-07 2.034105E-07
67 7.214286E+00 5.178571E-01 2.504752E+00 2.909684E-08 9.460226E-08 4.088933E-07 1.098510E-06 2.600600E-07 4.492026E-07 4.957207E-07 3.741895E-07 1.986138E-07
68 7.732143E+00 5.178571E-01 2.504752E+00 3.056448E-08 9.937399E-08 4.295178E-07 1.153918E-06 2.538698E-07 4.385319E-07 4.839450E-07 3.653007E-07 1.938958E-07
69 8.250000E+00 5.178571E-01 2.504752E+00 3.208812E-08 1.043278E-07 4.509292E-07 1.211441E-06 2.478107E-07 4.280861E-07 4.724174E-07 3.565992E-07 1.892772E-07
70 8.767857E+00 5.178571E-01 2.504752E+00 3.367012E-08 1.094713E-07 4.731608E-07 1.271167E-06 2.419062E-07 4.179057E-07 4.611828E-07 3.481189E-07 1.847760E-07
71 9.285714E+00 5.178571E-01 2.504752E+00 3.531298E-08 1.148127E-07 4.962477E-07 1.333191E-06 2.361766E-07 4.080262E-07 4.502801E-07 3.398891E-07 1.804078E-07
72 9.803571E+00 5.178571E-01 2.504752E+00 3.701931E-08 1.203605E-07 5.202264E-07 1.397611E-06 2.306393E-07 3.984777E-07 4.397429E-07 3.319352E-07 1.761859E-07
73 1.032143E+01 5.178571E-01 2.504752E+00 3.879184E-08 1.261235E-07 5.451356E-07 1.464530E-06 2.253094E-07 3.892863E-07 4.295997E-07 3.242787E-07 1.721220E-07
74 1.083929E+01 5.178571E-01 2.504752E+00 4.063344E-08 1.321111E-07 5.710152E-07 1.534057E-06 2.201996E-07 3.804744E-07 4.198752E-07 3.169383E-07 1.682258E-07
75 1.135714E+01 5.178571E-01 2.504752E+00 4.254709E-08 1.383329E-07 5.979074E-07 1.606304E-06 2.153209E-07 3.720607E-07 4.105902E-07 3.099296E-07 1.645057E-07
76 1.187500E+01 5.178571E-01 2.504752E+00 4.453591E-08 1.447992E-07 6.258560E-07 1.681390E-06 2.106825E-07 3.640613E-07 4.017625E-07 3.032661E-07 1.609688E-07
77 1.239286E+01 5.178571E-01 2.504752E+00 4.660317E-08 1.515204E-07 6.549068E-07 1.759436E-06 2.062920E-07 3.564898E-07 3.934068E-07 2.969589E-07 1.576211E-07
78 1.291071E+01 5.178571E-01 2.504752E+00 4.875225E-08 1.585077E-07 6.851075E-07 1.840571E-06 2.021561E-07 3.493573E-07 3.855357E-07 2.910175E-07 1.544674E-07
79 1.342857E+01 5.178571E-01 2.504752E+00 5.098669E-08 1.657725E-07 7.165078E-07 1.924929E-06 1.982801E-07 3.426733E-07 3.781595E-07 2.854496E-07 1.515121E-07
80 1.394643E+01 5.178571E-01 2.504752E+00 5.331018E-08 1.733268E-07 7.491595E-07 2.012650E-06 1.946684E-07 3.364456E-07 3.712869E-07 2.802619E-07 1.487586E-07
81 1.446429E+01 5.178571E-01 2.504752E+00 5.572657E-08 1.811832E-07 7.831165E-07 2.103877E-06 1.913248E-07 3.306807E-07 3.649250E-07 2.754597E-07 1.462096E-07
82 1.498214E+01 5.178571E-01 2.504752E+00 5.823983E-08 1.893545E-07 8.184349E-07 2.198761E-06 1.882523E-07 3.253839E-07 3.590797E-07 2.710474E-07 1.438677E-07
83 1.550000E+01 5.178571E-01 2.504752E+00 6.085412E-08 1.978544E-07 8.551732E-07 2.297460E-06 1.854535E-07 3.205596E-07 3.537558E-07 2.670288E-07 1.417346E-07
84 1.601786E+01 5.178571E-01 2.504752E+00 6.357377E-08 2.066967E-07 8.933920E-07 2.400137E-06 1.829304E-07 3.162116E-07 3.489575E-07 2.634068E-07 1.398122E-07
85 1.653571E+01 5.178571E-01 2.504752E+00 6.640326E-08 2.158962E-07 9.331544E-07 2.506960E-06 1.806849E-07 3.123428E-07 3.446881E-07 2.601841E-07 1.381016E-07
86 1.705357E+01 5.178571E-01 2.504752E+00 6.934727E-08 2.254681E-07 9.745260E-07 2.618107E-06 1.787183E-07 3.089559E-07 3.409505E-07 2.573628E-07 1.366041E-07
87 1.757143E+01 5.178571E-01 2.504752E+00 7.241064E-08 2.354279E-07 1.017575E-06 2.733760E-06 1.770320E-07 3.060533E-07 3.377473E-07 2.549449E-07 1.353207E-07
88 1.808929E+01 5.178571E-01 2.504752E+00 7.559840E-08 2.457923E-07 1.062372E-06 2.854109E-06 1.756273E-07 3.036372E-07 3.350809E-07 2.529322E-07 1.342524E-07
89 1.860714E+01 5.178571E-01 2.504752E+00 7.891580E-08 2.565781E-07 1.108991E-06 2.979353E-06 1.745053E-07 3.017095E-07 3.329536E-07 2.513264E-07 1.334001E-07
90 1.912500E+01 5.178571E-01 2.504752E+00 8.236827E-08 2.678031E-07 1.157508E-06 3.109696E-06 1.736672E-07 3.002723E-07 3.313676E-07 2.501293E-07 1.327646E-07
91 1.964286E+01 5.178571E-01 2.504752E+00 8.596143E-08 2.794855E-07 1.208002E-06 3.245351E-06 1.731142E-07 2.993278E-07 3.303253E-07 2.493425E-07 1.323470E-07
92 2.016071E+01 5.178571E-01 2.504752E+00 8.970116E-08 2.916444E-07 1.260556E-06 3.386539E-06 1.728475E-07 2.988782E-07 3.298292E-07 2.489680E-07 1.321483E-07
93 2.067857E+01 5.178571E-01 2.504752E+00 9.359351E-08 3.042996E-07 1.315254E-06 3.533489E-06 1.728688E-07 2.989263E-07 3.298822E-07 2.490080E-07 1.321695E-07
94 2.119643E+01 5.178571E-01 2.504752E+00 9.764478E-08 3.174715E-07 1.372186E-06 3.686439E-06 1.731795E-07 2.994747E-07 3.304874E-07 2.494649E-07 1.324120E-07
95 2.171429E+01 5.178571E-01 2.504752E+00 1.018615E-07 3.311813E-07 1.431444E-06 3.845636E-06 1.737816E-07 3.005267E-07 3.316483E-07 2.503412E-07 1.328771E-07
96 2.223214E+01 5.178571E-01 2.504752E+00 1.062505E-07 3.454511E-07 1.493121E-06 4.011335E-06 1.746770E-07 3.020858E-07 3.333689E-07 2.516400E-07 1.335665E-07
97 2.275000E+01 5.178571E-01 2.504752E+00 1.108187E-07 3.603037E-07 1.557318E-06 4.183802E-06 1.758682E-07 3.041561E-07 3.356536E-07 2.533646E-07 1.344819E-07
98 2.326786E+01 5.178571E-01 2.504752E+00 1.155735E-07 3.757628E-07 1.624135E-06 4.363311E-06 1.773576E-07 3.067421E-07 3.385074E-07 2.555187E-07 1.356253E-07
99 2.378571E+01 5.178571E-01 2.504752E+00 1.205223E-07 3.918529E-07 1.693681E-06 4.550147E-06 1.791481E-07 3.098488E-07 3.419358E-07 2.581066E-07 1.369989E-07
100 2.430357E+01 5.178571E-01 2.504752E+00 1.256730E-07 4.085994E-07 1.766063E-06 4.744605E-06 1.812430E-07 3.134817E-07 3.459450E-07 2.611329E-07 1.386052E-07
101 2.482143E+01 5.178571E-01 2.504752E+00 1.310337E-07 4.260285E-07 1.841395E-06 4.946989E-06 1.836458E-07 3.176470E-07 3.505416E-07 2.646026E-07 1.404468E-07
102 2.533929E+01 5.178571E-01 2.504752E+00 1.366127E-07 4.441675E-07 1.919796E-06 5.157617E-06 1.863603E-07 3.223514E-07 3.557332E-07 2.685214E-07 1.425269E-07
103 2.585714E+01 5.178571E-01 2.504752E+00 1.424187E-07 4.630445E-07 2.001387E-06 5.376815E-06 1.893909E-07 3.276023E-07 3.615278E-07 2.728954E-07 1.448485E-07
104 2.637500E+01 5.178571E-01 2.504752E+00 1.484607E-07 4.826888E-07 2.086294E-06 5.604921E-06 1.927420E-07 3.334076E-07 3.679343E-07 2.777312E-07 1.474153E-07
105 2.689286E+01 5.178571E-01 2.504752E+00 1.547479E-07 5.031303E-07 2.174648E-06 5.842286E-06 1.964187E-07 3.397760E-07 3.749622E-07 2.830362E-07 1.502311E-07
106 2.741071E+01 5.178571E-01 2.504752E+00 1.612900E-07 5.244003E-07 2.266582E-06 6.089271E-06 2.004264E-07 3.467168E-07 3.826218E-07 2.888179E-07 1.533000E-07
107 2.792857E+01 5.178571E-01 2.504752E+00 1.680967E-07 5.465310E-07 2.362236E-06 6.346250E-06 2.047709E-07 3.542401E-07 3.909241E-07 2.950849E-07 1.566264E-07
108 2.844643E+01 5.178571E-01 2.504752E+00 1.751784E-07 5.695557E-07 2.461754E-06 6.613609E-06 2.094584E-07 3.623566E-07 3.998812E-07 3.018460E-07 1.602151E-07
109 2.896429E+01 5.178571E-01 2.504752E+00 1.825456E-07 5.935086E-07 2.565284E-06 6.891747E-06 2.144954E-07 3.710778E-07 4.095055E-07 3.091108E-07 1.640711E-07
110 2.948214E+01 5.178571E-01 2.504752E+00 1.902092E-07 6.184252E-07 2.672979E-06 7.181075E-06 2.198890E-07 3.804158E-07 4.198105E-07 3.168894E-07 1.681999E-07
111 3.000000E+01 5.178571E-01 2.504752E+00 1.981805E-07 6.443421E-07 2.784998E-06 7.482019E-06 2.256467E-07 3.903835E-07 4.308105E-07 3.251927E-07 1.726071E-07
112 3.051786E+01 5.178571E-01 2.504752E+00 2.064710E-07 6.712969E-07 2.901503E-06 7.795016E-06 2.317764E-07 4.009947E-07 4.425205E-07 3.340319E-07 1.772988E-07
113 3.103571E+01 5.178571E-01 2.504752E+00 2.150927E-07 6.993286E-07 3.022663E-06 8.120516E-06 2.382864E-07 4.122638E-07 4.549566E-07 3.434191E-07 1.822814E-07
114 3.155357E+01 5.178571E-01 2.504752E+00 2.240579E-07 7.284772E-07 3.148650E-06 8.458986E-06 2.451854E-07 4.242058E-07 4.681353E-07 3.533669E-07 1.875616E-07
115 3.207143E+01 5.178571E-01 2.504752E+00 2.333793E-07 7.587838E-07 3.279642E-06 8.810903E-06 2.524826E-07 4.368369E-07 4.820744E-07 3.638887E-07 1.931463E-07
116 3.258929E+01 5.178571E-01 2.504752E+00 2.430700E-07 7.902909E-07 3.415824E-06 9.176759E-06 2.601878E-07 4.501735E-07 4.967922E-07 3.749982E-07 1.990431E-07
117 3.310714E+01 5.178571E-01 2.504752E+00 2.531433E-07 8.230421E-07 3.557382E-06 9.557061E-06 2.683109E-07 4.642333E-07 5.123080E-07 3.867102E-07 2.052596E-07
118 3.362500E+01 5.178571E-01 2.504752E+00 2.636129E-07 8.570820E-07 3.704510E-06 9.952329E-06 2.768625E-07 4.790344E-07 5.286418E-07 3.990396E-07 2.118039E-07
119 3.414286E+01 5.178571E-01 2.504752E+00 2.744932E-07 8.924568E-07 3.857408E-06 1.036310E-05 2.858536E-07 4.945958E-07 5.458147E-07 4.120024E-07 2.186843E-07
120 3.466071E+01 5.178571E-01 2.504752E+00 2.857984E-07 9.292135E-07 4.016280E-06 1.078991E-05 2.952955E-07 5.109373E-07 5.638484E-07 4.256149E-07 2.259096E-07
121 3.517857E+01 5.178571E-01 2.504752E+00 2.975436E-07 9.674005E-07 4.181333E-06 1.123333E-05 3.052001E-07 5.280791E-07 5.827654E-07 4.398942E-07 2.334889E-07
122 3.569643E+01 5.178571E-01 2.504752E+00 3.097440E-07 1.007067E-06 4.352783E-06 1.169394E-05 3.155796E-07 5.460427E-07 6.025892E-07 4.548580E-07 2.414314E-07
123 3.621429E+01 5.178571E-01 2.504752E+00 3.224151E-07 1.048265E-06 4.530848E-06 1.217232E-05 3.264466E-07 5.648497E-07 6.233439E-07 4.705245E-07 2.497469E-07
124 3.673214E+01 5.178571E-01 2.504752E+00 3.355730E-07 1.091045E-06 4.715753E-06 1.266908E-05 3.378143E-07 5.845230E-07 6.450545E-07 4.869125E-07 2.584454E-07
125 3.725000E+01 5.178571E-01 2.504752E+00 3.492338E-07 1.135460E-06 4.907726E-06 1.318482E-05 3.496960E-07 6.050857E-07 6.677466E-07 5.040414E-07 2.675372E-07
126 3.776786E+01 5.178571E-01 2.504752E+00 3.634142E-07 1.181565E-06 5.107001E-06 1.372018E-05 3.621057E-07 6.265619E-07 6.914468E-07 5.219312E-07 2.770328E-07
127 3.828571E+01 5.178571E-01 2.504752E+00 3.781311E-07 1.229414E-06 5.313815E-06 1.427580E-05 3.750575E-07 6.489760E-07 7.161821E-07 5.406023E-07 2.869431E-07
128 3.880357E+01 5.178571E-01 2.504752E+00 3.934018E-07 1.279063E-06 5.528412E-06 1.485232E-05 3.885660E-07 6.723534E-07 7.419803E-07 5.600759E-07 2.972794E-07
129 3.932143E+01 5.178571E-01 2.504752E+00 4.092437E-07 1.330570E-06 5.751036E-06 1.545041E-05 4.026460E-07 6.967198E-07 7.688701E-07 5.803733E-07 3.080529E-07
130 3.983929E+01 5.178571E-01 2.504752E+00 4.256747E-07 1.383992E-06 5.981938E-06 1.607074E-05 4.173129E-07 7.221016E-07 7.968803E-07 6.015165E-07 3.192754E-07
131 4.035714E+01 5.178571E-01 2.504752E+00 4.427128E-07 1.439388E-06 6.221372E-06 1.671399E-05 4.325821E-07 7.485255E-07 8.260406E-07 6.235279E-07 3.309587E-07
132 4.087500E+01 5.178571E-01 2.504752E+00 4.603763E-07 1.496817E-06 6.469594E-06 1.738085E-05 4.484694E-07 7.760189E-07 8.563811E-07 6.464301E-07 3.431148E-07
133 4.139286E+01 5.178571E-01 2.504752E+00 4.786836E-07 1.556339E-06 6.726863E-06 1.807201E-05 4.649908E-07 8.046095E-07 8.879324E-07 6.702463E-07 3.557561E-07
134 4.191071E+01 5.178571E-01 2.504752E+00 4.976532E-07 1.618015E-06 6.993440E-06 1.878818E-05 4.821625E-07 8.343253E-07 9.207255E-07 6.949998E-07 3.688948E-07
135 4.242857E+01 5.178571E-01 2.504752E+00 5.173039E-07 1.681905E-06 7.269589E-06 1.953007E-05 5.000008E-07 8.651946E-07 9.547916E-07 7.207142E-07 3.825437E-07
136 4.294643E+01 5.178571E-01 2.504752E+00 5.376546E-07 1.748071E-06 7.555574E-06 2.029838E-05 5.185223E-07 8.972461E-07 9.901623E-07 7.474134E-07 3.967151E-07
137 4.346429E+01 5.178571E-01 2.504752E+00 5.587240E-07 1.816574E-06 7.851659E-06 2.109383E-05 5.377436E-07 9.305084E-07 1.026869E-06 7.751212E-07 4.114220E-07
138 4.398214E+01 5.178571E-01 2.504752E+00 5.805311E-07 1.887475E-06 8.158110E-06 2.191712E-05 5.576813E-07 9.650104E-07 1.064944E-06 8.038616E-07 4.266770E-07
139 4.450000E+01 5.178571E-01 2.504752E+00 6.030945E-07 1.960835E-06 8.475191E-06 2.276897E-05 5.783521E-07 1.000781E-06 1.104419E-06 8.336587E-07 4.424928E-07
140 4.501786E+01 5.178571E-01 2.504752E+00 6.264331E-07 2.036715E-06 8.803163E-06 2.365008E-05 5.997724E-07 1.037848E-06 1.145325E-06 8.645362E-07 4.588821E-07
141 4.553571E+01 5.178571E-01 2.504752E+00 6.505652E-07 2.115176E-06 9.142288E-06 2.456116E-05 6.219588E-07 1.076241E-06 1.187694E-06 8.965179E-07 4.758575E-07
142 4.605357E+01 5.178571E-01 2.504752E+00 6.755091E-07 2.196276E-06 9.492821E-06 2.550288E-05 6.449275E-07 1.115988E-06 1.231557E-06 9.296273E-07 4.934314E-07
143 4.657143E+01 5.178571E-01 2.504752E+00 7.012829E-07 2.280074E-06 9.855016E-06 2.647593E-05 6.686946E-07 1.157116E-06 1.276944E-06 9.638874E-07 5.116161E-07
144 4.708929E+01 5.178571E-01 2.504752E+00 7.279041E-07 2.366627E-06 1.022912E-05 2.748097E-05 6.932757E-07 1.199653E-06 1.323886E-06 9.993209E-07 5.304237E-07
145 4.760714E+01 5.178571E-01 2.504752E+00 7.553897E-07 2.455991E-06 1.061537E-05 2.851866E-05 7.186861E-07 1.243625E-06 1.372411E-06 1.035950E-06 5.498657E-07
146 4.812500E+01 5.178571E-01 2.504752E+00 7.837564E-07 2.548219E-06 1.101400E-05 2.958960E-05 7.449406E-07 1.289057E-06 1.422548E-06 1.073795E-06 5.699535E-07
147 4.864286E+01 5.178571E-01 2.504752E+00 8.130202E-07 2.643364E-06 1.142524E-05 3.069441E-05 7.720535E-07 1.335975E-06 1.474325E-06 1.112878E-06 5.906981E-07
148 4.916071E+01 5.178571E-01 2.504752E+00 8.431961E-07 2.741475E-06 1.184930E-05 3.183366E-05 8.000383E-07 1.384402E-06 1.527766E-06 1.153218E-06 6.121098E-07
149 4.967857E+01 5.178571E-01 2.504752E+00 8.742985E-07 2.842598E-06 1.228638E-05 3.300789E-05 8.289079E-07 1.434359E-06 1.582897E-06 1.194833E-06 6.341984E-07
150 5.019643E+01 5.178571E-01 2.504752E+00 9.063410E-07 2.946777E-06 1.273666E-05 3.421760E-05 8.586743E-07 1.485869E-06 1.639741E-06 1.237741E-06 6.569731E-07
151 5.071429E+01 5.178571E-01 2.504752E+00 9.393358E-07 3.054053E-06 1.320033E-05 3.546328E-05 8.893484E-07 1.538949E-06 1.698318E-06 1.281957E-06 6.804424E-07
152 5.123214E+01 5.178571E-01 2.504752E+00 9.732941E-07 3.164461E-06 1.367755E-05 3.674532E-05 9.209403E-07 1.593617E-06 1.758647E-06 1.327496E-06 7.046138E-07
153 5.175000E+01 5.178571E-01 2.504752E+00 1.008226E-06 3.278034E-06 1.416844E-05 3.806412E-05 9.534586E-07 1.649888E-06 1.820746E-06 1.374370E-06 7.294940E-07
154 5.226786E+01 5.178571E-01 2.504752E+00 1.044140E-06 3.394800E-06 1.467313E-05 3.941999E-05 9.869108E-07 1.707776E-06 1.884628E-06 1.422591E-06 7.550887E-07
155 5.278571E+01 5.178571E-01 2.504752E+00 1.081042E-06 3.514781E-06 1.519171E-05 4.081320E-05 1.021303E-06 1.767289E-06 1.950305E-06 1.472167E-06 7.814026E-07
156 5.330357E+01 5.178571E-01 2.504752E+00 1.118939E-06 3.637994E-06 1.572427E-05 4.224394E-05 1.056639E-06 1.828437E-06 2.017785E-06 1.523103E-06 8.084391E-07
157 5.382143E+01 5.178571E-01 2.504752E+00 1.157833E-06 3.764451E-06 1.627084E-05 4.371234E-05 1.092923E-06 1.891224E-06 2.087074E-06 1.575405E-06 8.362002E-07
158 5.433929E+01 5.178571E-01 2.504752E+00 1.197727E-06 3.894156E-06 1.683146E-05 4.521846E-05 1.130155E-06 1.955652E-06 2.158174E-06 1.629074E-06 8.646867E-07
159 5.485714E+01 5.178571E-01 2.504752E+00 1.238619E-06 4.027108E-06 1.740611E-05 4.676227E-05 1.168334E-06 2.021719E-06 2.231082E-06 1.684108E-06 8.938979E-07
160 5.537500E+01 5.178571E-01 2.504752E+00 1.280506E-06 4.163297E-06 1.799475E-05 4.834368E-05 1.207457E-06 2.089419E-06 2.305793E-06 1.740503E-06 9.238315E-07
161 5.589286E+01 5.178571E-01 2.504752E+00 1.323384E-06 4.302706E-06 1.859731E-05 4.996248E-05 1.247519E-06 2.158744E-06 2.382297E-06 1.798251E-06 9.544833E-07
162 5.641071E+01 5.178571E-01 2.504752E+00 1.367245E-06 4.445310E-06 1.921368E-05 5.161838E-05 1.288512E-06 2.229680E-06 2.460579E-06 1.857342E-06 9.858476E-07
163 5.692857E+01 5.178571E-01 2.504752E+00 1.412078E-06 4.591076E-06 1.984371E-05 5.331099E-05 1.330426E-06 2.302210E-06 2.540620E-06 1.917760E-06 1.017917E-06
164 5.744643E+01 5.178571E-01 2.504752E+00 1.457871E-06 4.739960E-06 2.048722E-05 5.503982E-05 1.373249E-06 2.376312E-06 2.622396E-06 1.979488E-06 1.050681E-06
165 5.796429E+01 5.178571E-01 2.504752E+00 1.504606E-06 4.891910E-06 2.114399E-05 5.680424E-05 1.416964E-06 2.451959E-06 2.705877E-06 2.042502E-06 1.084128E-06
166 5.848214E+01 5.178571E-01 2.504752E+00 1.552265E-06 5.046863E-06 2.181373E-05 5.860354E-05 1.461554E-06 2.529119E-06 2.791028E-06 2.106777E-06 1.118244E-06
167 5.900000E+01 5.178571E-01 2.504752E+00 1.600826E-06 5.204748E-06 2.249615E-05 6.043688E-05 1.506998E-06 2.607756E-06 2.877808E-06 2.172282E-06 1.153013E-06
168 5.951786E+01 5.178571E-01 2.504752E+00 1.650262E-06 5.365480E-06 2.319087E-05 6.230328E-05 1.553270E-06 2.687827E-06 2.966171E-06 2.238982E-06 1.188416E-06
169 6.003571E+01 5.178571E-01 2.504752E+00 1.700545E-06 5.528964E-06 2.389749E-05 6.420164E-05 1.600343E-06 2.769285E-06 3.056064E-06 2.306837E-06 1.224432E-06
170 6.055357E+01 5.178571E-01 2.504752E+00 1.751642E-06 5.695096E-06 2.461554E-05 6.613074E-05 1.648187E-06 2.852075E-06 3.147428E-06 2.375802E-06 1.261038E-06
171 6.107143E+01 5.178571E-01 2.504752E+00 1.803517E-06 5.863756E-06 2.534454E-05 6.808920E-05 1.696766E-06 2.936139E-06 3.240197E-06 2.445828E-06 1.298207E-06
172 6.158929E+01 5.178571E-01 2.504752E+00 1.856130E-06 6.034816E-06 2.608390E-05 7.007553E-05 1.746045E-06 3.021413E-06 3.334301E-06 2.516861E-06 1.335910E-06
173 6.210714E+01 5.178571E-01 2.504752E+00 1.909438E-06 6.208135E-06 2.683302E-05 7.208808E-05 1.795980E-06 3.107823E-06 3.429660E-06 2.588842E-06 1.374116E-06
174 6.262500E+01 5.178571E-01 2.504752E+00 1.963392E-06 6.383557E-06 2.759124E-05 7.412506E-05 1.846529E-06 3.195294E-06 3.526189E-06 2.661706E-06 1.412791E-06
175 6.314286E+01 5.178571E-01 2.504752E+00 2.017943E-06 6.560918E-06 2.835783E-05 7.618455E-05 1.897642E-06 3.283742E-06 3.623796E-06 2.735384E-06 1.451898E-06
176 6.366071E+01 5.178571E-01 2.504752E+00 2.073035E-06 6.740038E-06 2.913203E-05 7.826447E-05 1.949267E-06 3.373077E-06 3.722383E-06 2.809801E-06 1.491398E-06
177 6.417857E+01 5.178571E-01 2.504752E+00 2.128610E-06 6.920727E-06 2.991301E-05 8.036261E-05 2.001351E-06 3.463204E-06 3.821843E-06 2.884877E-06 1.531247E-06
178 6.469643E+01 5.178571E-01 2.504752E+00 2.184605E-06 7.102782E-06 3.069990E-05 8.247662E-05 2.053833E-06 3.554021E-06 3.922065E-06 2.960529E-06 1.571402E-06
179 6.521429E+01 5.178571E-01 2.504752E+00 2.240954E-06 7.285989E-06 3.149176E-05 8.460399E-05 2.106652E-06 3.645421E-06 4.022930E-06 3.036665E-06 1.611814E-06
180 6.573214E+01 5.178571E-01 2.504752E+00 2.297587E-06 7.470122E-06 3.228763E-05 8.674212E-05 2.159742E-06 3.737289E-06 4.124312E-06 3.113193E-06 1.652433E-06
181 6.625000E+01 5.178571E-01 2.504752E+00 2.354433E-06 7.654942E-06 3.308646E-05 8.888823E-05 2.213034E-06 3.829508E-06 4.226081E-06 3.190012E-06 1.693208E-06
182 6.676786E+01 5.178571E-01 2.504752E+00 2.411413E-06 7.840202E-06 3.388720E-05 9.103944E-05 2.266457E-06 3.921953E-06 4.328099E-06 3.267019E-06 1.734082E-06
183 6.728571E+01 5.178571E-01 2.504752E+00 2.468449E-06 8.025643E-06 3.468872E-05 9.319276E-05 2.319935E-06 4.014494E-06 4.430223E-06 3.344107E-06 1.774999E-06
184 6.780357E+01 5.178571E-01 2.504752E+00 2.525458E-06 8.210996E-06 3.548986E-05 9.534505E-05 2.373392E-06 4.106997E-06 4.532306E-06 3.421162E-06 1.815899E-06
185 6.832143E+01 5.178571E-01 2.504752E+00 2.582355E-06 8.395984E-06 3.628942E-05 9.749311E-05 2.426746E-06 4.199323E-06 4.634193E-06 3.498071E-06 1.856720E-06
186 6.883929E+01 5.178571E-01 2.504752E+00 2.639052E-06 8.580322E-06 3.708617E-05 9.963362E-05 2.479915E-06 4.291329E-06 4.735726E-06 3.574712E-06 1.897401E-06
187 6.935714E+01 5.178571E-01 2.504752E+00 2.695458E-06 8.763716E-06 3.787884E-05 1.017632E-04 2.532815E-06 4.382868E-06 4.836745E-06 3.650965E-06 1.937874E-06
188 6.987500E+01 5.178571E-01 2.504752E+00 2.751483E-06 8.945866E-06 3.866614E-05 1.038783E-04 2.585358E-06 4.473791E-06 4.937084E-06 3.726705E-06 1.978076E-06
189 7.039286E+01 5.178571E-01 2.504752E+00 2.807030E-06 9.126469E-06 3.944675E-05 1.059754E-04 2.637456E-06 4.563944E-06 5.036573E-06 3.801803E-06 2.017937E-06
190 7.091071E+01 5.178571E-01 2.504752E+00 2.862007E-06 9.305213E-06 4.021932E-05 1.080510E-04 2.689021E-06 4.653174E-06 5.135043E-06 3.876132E-06 2.057389E-06
191 7.142857E+01 5.178571E-01 2.504752E+00 2.916316E-06 9.481786E-06 4.098251E-05 1.101013E-04 2.739961E-06 4.741322E-06 5.232319E-06 3.949560E-06 2.096364E-06
192 7.194643E+01 5.178571E-01 2.504752E+00 2.969860E-06 9.655874E-06 4.173496E-05 1.121228E-04 2.790185E-06 4.828232E-06 5.328230E-06 4.021957E-06 2.134791E-06
193 7.246429E+01 5.178571E-01 2.504752E+00 3.022542E-06 9.827159E-06 4.247530E-05 1.141117E-04 2.839603E-06 4.913746E-06 5.422598E-06 4.093190E-06 2.172600E-06
194 7.298214E+01 5.178571E-01 2.504752E+00 3.074265E-06 9.995327E-06 4.320216E-05 1.160645E-04 2.888122E-06 4.997704E-06 5.515252E-06 4.163129E-06 2.209723E-06
195 7.350000E+01 5.178571E-01 2.504752E+00 3.124933E-06 1.016006E-05 4.391418E-05 1.179774E-04 2.935651E-06 5.079952E-06 5.606016E-06 4.231641E-06 2.246088E-06
196 7.401786E+01 5.178571E-01 2.504752E+00 3.174449E-06 1.032105E-05 4.461003E-05 1.198468E-04 2.982102E-06 5.160331E-06 5.694720E-06 4.298598E-06 2.281628E-06
197 7.453571E+01 5.178571E-01 2.504752E+00 3.222720E-06 1.047800E-05 4.528836E-05 1.216692E-04 3.027384E-06 5.238690E-06 5.781193E-06 4.363871E-06 2.316274E-06
198 7.505357E+01 5.178571E-01 2.504752E+00 3.269652E-06 1.063058E-05 4.594789E-05 1.234410E-04 3.071412E-06 5.314876E-06 5.865269E-06 4.427335E-06 2.349959E-06
199 7.557143E+01 5.178571E-01 2.504752E+00 3.315154E-06 1.077853E-05 4.658733E-05 1.251589E-04 3.114098E-06 5.388743E-06 5.946785E-06 4.488867E-06 2.382619E-06
200 7.608929E+01 5.178571E-01 2.504752E+00 3.359139E-06 1.092153E-05 4.720544E-05 1.268195E-04 3.155362E-06 5.460147E-06 6.025583E-06 4.548347E-06 2.414190E-06
201 7.660714E+01 5.178571E-01 2.504752E+00 3.401521E-06 1.105933E-05 4.780103E-05 1.284196E-04 3.195122E-06 5.528949E-06 6.101510E-06 4.605660E-06 2.444611E-06
202 7.712500E+01 5.178571E-01 2.504752E+00 3.442219E-06 1.119165E-05 4.837295E-05 1.299560E-04 3.233301E-06 5.595015E-06 6.174419E-06 4.660694E-06 2.473822E-06
203 7.764286E+01 5.178571E-01 2.504752E+00 3.481153E-06 1.131824E-05 4.892008E-05 1.314259E-04 3.269826E-06 5.658219E-06 6.244168E-06 4.713343E-06 2.501768E-06
204 7.816071E+01 5.178571E-01 2.504752E+00 3.518249E-06 1.143884E-05 4.944138E-05 1.328264E-04 3.304626E-06 5.718439E-06 6.310624E-06 4.763507E-06 2.528394E-06
205 7.867857E+01 5.178571E-01 2.504752E+00 3.553436E-06 1.155325E-05 4.993587E-05 1.341549E-04 3.337636E-06 5.775560E-06 6.373660E-06 4.811089E-06 2.553650E-06
206 7.919643E+01 5.178571E-01 2.504752E+00 3.586650E-06 1.166124E-05 5.040262E-05 1.354088E-04 3.368794E-06 5.829477E-06 6.433160E-06 4.856002E-06 2.577489E-06
207 7.971429E+01 5.178571E-01 2.504752E+00 3.617829E-06 1.176261E-05 5.084078E-05 1.365860E-04 3.398042E-06 5.880089E-06 6.489014E-06 4.898162E-06 2.599867E-06
208 8.023214E+01 5.178571E-01 2.504752E+00 3.646918E-06 1.185719E-05 5.124956E-05 1.376842E-04 3.425328E-06 5.927306E-06 6.541121E-06 4.937495E-06 2.620744E-06
209 8.075000E+01 5.178571E-01 2.504752E+00 3.673866E-06 1.194480E-05 5.162825E-05 1.387016E-04 3.450606E-06 5.971047E-06 6.589391E-06 4.973931E-06 2.640084E-06
210 8.126786E+01 5.178571E-01 2.504752E+00 3.698628E-06 1.202531E-05 5.197623E-05 1.396364E-04 3.473832E-06 6.011238E-06 6.633744E-06 5.007410E-06 2.657854E-06
211 8.178571E+01 5.178571E-01 2.504752E+00 3.721165E-06 1.209859E-05 5.229294E-05 1.404873E-04 3.494969E-06 6.047815E-06 6.674109E-06 5.037879E-06 2.674026E-06
212 8.230357E+01 5.178571E-01 2.504752E+00 3.741444E-06 1.216452E-05 5.257791E-05 1.412528E-04 3.513986E-06 6.080723E-06 6.710425E-06 5.065292E-06 2.688577E-06
213 8.282143E+01 5.178571E-01 2.504752E+00 3.759436E-06 1.222301E-05 5.283075E-05 1.419321E-04 3.530858E-06 6.109918E-06 6.742643E-06 5.089612E-06 2.701485E-06
214 8.333929E+01 5.178571E-01 2.504752E+00 3.775120E-06 1.227401E-05 5.305115E-05 1.425242E-04 3.545563E-06 6.135364E-06 6.770724E-06 5.110808E-06 2.712736E-06
215 8.385714E+01 5.178571E-01 2.504752E+00 3.788480E-06 1.231744E-05 5.323889E-05 1.430286E-04 3.558086E-06 6.157035E-06 6.794639E-06 5.128861E-06 2.722318E-06
216 8.437500E+01 5.178571E-01 2.504752E+00 3.799505E-06 1.235329E-05 5.339384E-05 1.434449E-04 3.568419E-06 6.174915E-06 6.814371E-06 5.143755E-06 2.730223E-06
217 8.489286E+01 5.178571E-01 2.504752E+00 3.808193E-06 1.238154E-05 5.351593E-05 1.437729E-04 3.576557E-06 6.188997E-06 6.829912E-06 5.155485E-06 2.736450E-06
218 8.541071E+01 5.178571E-01 2.504752E+00 3.814545E-06 1.240219E-05 5.360519E-05 1.440127E-04 3.582502E-06 6.199285E-06 6.841264E-06 5.164055E-06 2.740998E-06
219 8.592857E+01 5.178571E-01 2.504752E+00 3.818568E-06 1.241527E-05 5.366173E-05 1.441646E-04 3.586261E-06 6.205790E-06 6.848443E-06 5.169474E-06 2.743875E-06
220 8.644643E+01 5.178571E-01 2.504752E+00 3.820276E-06 1.242082E-05 5.368572E-05 1.442290E-04 3.587846E-06 6.208533E-06 6.851470E-06 5.171759E-06 2.745087E-06
221 8.696429E+01 5.178571E-01 2.504752E+00 3.819686E-06 1.241891E-05 5.367743E-05 1.442068E-04 3.587275E-06 6.207545E-06 6.850380E-06 5.170936E-06 2.744651E-06
222 8.748214E+01 5.178571E-01 2.504752E+00 3.816823E-06 1.240960E-05 5.363720E-05 1.440987E-04 3.584570E-06 6.202863E-06 6.845214E-06 5.167036E-06 2.742581E-06
223 8.800000E+01 5.178571E-01 2.504752E+00 3.811715E-06 1.239299E-05 5.356542E-05 1.439058E-04 3.579757E-06 6.194536E-06 6.836024E-06 5.160099E-06 2.738899E-06
224 8.851786E+01 5.178571E-01 2.504752E+00 3.804396E-06 1.236919E-05 5.346257E-05 1.436295E-04 3.572869E-06 6.182617E-06 6.822870E-06 5.150170E-06 2.733629E-06
225 8.903571E+01 5.178571E-01 2.504752E+00 3.794905E-06 1.233833E-05 5.332919E-05 1.432712E-04 3.563942E-06 6.167168E-06 6.805822E-06 5.137302E-06 2.726798E-06
226 8.955357E+01 5.178571E-01 2.504752E+00 3.783283E-06 1.230055E-05 5.316587E-05 1.428324E-04 3.553014E-06 6.148259E-06 6.784954E-06 5.121550E-06 2.718437E-06
227 9.007143E+01 5.178571E-01 2.504752E+00 3.769578E-06 1.225599E-05 5.297327E-05 1.423150E-04 3.540131E-06 6.125965E-06 6.760352E-06 5.102979E-06 2.708580E-06
228 9.058929E+01 5.178571E-01 2.504752E+00 3.753840E-06 1.220482E-05 5.275211E-05 1.417208E-04 3.525339E-06 6.100369E-06 6.732105E-06 5.081657E-06 2.697263E-06
229 9.110714E+01 5.178571E-01 2.504752E+00 3.736122E-06 1.214722E-05 5.250313E-05 1.410519E-04 3.508689E-06 6.071557E-06 6.700310E-06 5.057657E-06 2.684524E-06
230 9.162500E+01 5.178571E-01 2.504752E+00 3.716483E-06 1.208336E-05 5.222714E-05 1.403105E-04 3.490235E-06 6.039623E-06 6.665069E-06 5.031056E-06 2.670404E-06
231 9.214286E+01 5.178571E-01 2.504752E+00 3.694982E-06 1.201346E-05 5.192499E-05 1.394987E-04 3.470033E-06 6.004665E-06 6.626490E-06 5.001935E-06 2.654948E-06
232 9.266071E+01 5.178571E-01 2.504752E+00 3.671682E-06 1.193770E-05 5.159755E-05 1.386191E-04 3.448142E-06 5.966784E-06 6.584686E-06 4.970380E-06 2.638199E-06
233 9.317857E+01 5.178571E-01 2.504752E+00 3.646647E-06 1.185631E-05 5.124575E-05 1.376739E-04 3.424623E-06 5.926086E-06 6.539774E-06 4.936478E-06 2.620204E-06
234 9.369643E+01 5.178571E-01 2.504752E+00 3.619946E-06 1.176949E-05 5.087052E-05 1.366659E-04 3.399539E-06 5.882680E-06 6.491873E-06 4.900320E-06 2.601012E-06
235 9.421429E+01 5.178571E-01 2.504752E+00 3.591647E-06 1.167748E-05 5.047283E-05 1.355975E-04 3.372955E-06 5.836677E-06 6.441106E-06 4.862000E-06 2.580672E-06
236 9.473214E+01 5.178571E-01 2.504752E+00 3.561820E-06 1.158051E-05 5.005368E-05 1.344714E-04 3.344936E-06 5.788193E-06 6.387601E-06 4.821612E-06 2.559235E-06
237 9.525000E+01 5.178571E-01 2.504752E+00 3.530536E-06 1.147879E-05 4.961405E-05 1.332903E-04 3.315550E-06 5.737343E-06 6.331485E-06 4.779254E-06 2.536752E-06
238 9.576786E+01 5.178571E-01 2.504752E+00 3.497868E-06 1.137258E-05 4.915498E-05 1.320570E-04 3.284865E-06 5.684244E-06 6.272887E-06 4.735022E-06 2.513274E-06
239 9.628571E+01 5.178571E-01 2.504752E+00 3.463889E-06 1.126211E-05 4.867748E-05 1.307742E-04 3.252949E-06 5.629015E-06 6.211939E-06 4.689016E-06 2.488855E-06
240 9.680357E+01 5.178571E-01 2.504752E+00 3.428672E-06 1.114761E-05 4.818258E-05 1.294446E-04 3.219871E-06 5.571776E-06 6.148772E-06 4.641335E-06 2.463547E-06
241 9.732143E+01 5.178571E-01 2.504752E+00 3.392291E-06 1.102932E-05 4.767132E-05 1.280711E-04 3.185700E-06 5.512645E-06 6.083518E-06 4.592078E-06 2.437402E-06
242 9.783929E+01 5.178571E-01 2.504752E+00 3.354819E-06 1.090749E-05 4.714474E-05 1.266564E-04 3.150504E-06 5.451741E-06 6.016308E-06 4.541345E-06 2.410474E-06
243 9.835714E+01 5.178571E-01 2.504752E+00 3.316329E-06 1.078235E-05 4.660384E-05 1.252033E-04 3.114353E-06 5.389185E-06 5.947273E-06 4.489235E-06 2.382815E-06
244 9.887500E+01 5.178571E-01 2.504752E+00 3.276894E-06 1.065413E-05 4.604966E-05 1.237144E-04 3.077315E-06 5.325092E-06 5.876543E-06 4.435846E-06 2.354476E-06
245 9.939286E+01 5.178571E-01 2.504752E+00 3.236585E-06 1.052308E-05 4.548321E-05 1.221926E-04 3.039457E-06 5.259581E-06 5.804247E-06 4.381274E-06 2.325511E-06
246 9.991071E+01 5.178571E-01 2.504752E+00 3.195473E-06 1.038941E-05 4.490547E-05 1.206405E-04 3.000845E-06 5.192765E-06 5.730513E-06 4.325616E-06 2.295968E-06
247 1.004286E+02 5.178571E-01 2.504752E+00 3.153629E-06 1.025336E-05 4.431744E-05 1.190607E-04 2.961545E-06 5.124759E-06 5.655464E-06 4.268967E-06 2.265900E-06
248 1.009464E+02 5.178571E-01 2.504752E+00 3.111120E-06 1.011515E-05 4.372007E-05 1.174559E-04 2.921621E-06 5.055675E-06 5.579225E-06 4.211418E-06 2.235354E-06
249 1.014643E+02 5.178571E-01 2.504752E+00 3.068014E-06 9.975004E-06 4.311431E-05 1.158285E-04 2.881138E-06 4.985620E-06 5.501916E-06 4.153062E-06 2.204380E-06
250 1.019821E+02 5.178571E-01 2.504752E+00 3.024378E-06 9.833127E-06 4.250109E-05 1.141810E-04 2.840155E-06 4.914703E-06 5.423655E-06 4.093988E-06 2.173024E-06
251 1.025000E+02 5.178571E-01 2.504752E+00 2.980274E-06 9.689732E-06 4.188130E-05 1.125160E-04 2.798734E-06 4.843027E-06 5.344556E-06 4.034281E-06 2.141332E-06
252 1.030179E+02 5.178571E-01 2.504752E+00 2.935765E-06 9.545022E-06 4.125583E-05 1.108356E-04 2.756934E-06 4.770694E-06 5.264733E-06 3.974027E-06 2.109350E-06
253 1.035357E+02 5.178571E-01 2.504752E+00 2.890912E-06 9.399193E-06 4.062553E-05 1.091423E-04 2.714811E-06 4.697802E-06 5.184293E-06 3.913308E-06 2.077122E-06
254 1.040536E+02 5.178571E-01 2.504752E+00 2.845775E-06 9.252438E-06 3.999122E-05 1.074381E-04 2.672420E-06 4.624448E-06 5.103342E-06 3.852203E-06 2.044688E-06
255 1.045714E+02 5.178571E-01 2.504752E+00 2.800409E-06 9.104941E-06 3.935370E-05 1.057254E-04 2.629815E-06 4.550723E-06 5.021982E-06 3.790789E-06 2.012091E-06
256 1.050893E+02 5.178571E-01 2.504752E+00 2.754870E-06 8.956880E-06 3.871375E-05 1.040062E-04 2.587047E-06 4.476716E-06 4.940312E-06 3.729142E-06 1.979369E-06
257 1.056071E+02 5.178571E-01 2.504752E+00 2.709211E-06 8.808428E-06 3.807210E-05 1.022824E-04 2.544167E-06 4.402515E-06 4.858426E-06 3.667331E-06 1.946561E-06
258 1.061250E+02 5.178571E-01 2.504752E+00 2.663482E-06 8.659750E-06 3.742948E-05 1.005559E-04 2.501222E-06 4.328201E-06 4.776416E-06 3.605427E-06 1.913703E-06
259 1.066429E+02 5.178571E-01 2.504752E+00 2.617732E-06 8.511004E-06 3.678657E-05 9.882871E-05 2.458257E-06 4.253853E-06 4.694369E-06 3.543494E-06 1.880831E-06
260 1.071607E+02 5.178571E-01 2.504752E+00 2.572008E-06 8.362343E-06 3.614402E-05 9.710248E-05 2.415317E-06 4.179548E-06 4.612369E-06 3.481597E-06 1.847977E-06
261 1.076786E+02 5.178571E-01 2.504752E+00 2.526355E-06 8.213911E-06 3.550246E-05 9.537890E-05 2.372443E-06 4.105357E-06 4.530496E-06 3.419796E-06 1.815173E-06
262 1.081964E+02 5.178571E-01 2.504752E+00 2.480814E-06 8.065845E-06 3.486248E-05 9.365958E-05 2.329675E-06 4.031350E-06 4.448825E-06 3.358148E-06 1.782451E-06
263 1.087143E+02 5.178571E-01 2.504752E+00 2.435427E-06 7.918279E-06 3.422467E-05 9.194606E-05 2.287051E-06 3.957593E-06 4.367429E-06 3.296707E-06 1.749840E-06
264 1.092321E+02 5.178571E-01 2.504752E+00 2.390232E-06 7.771335E-06 3.358954E-05 9.023977E-05 2.244608E-06 3.884147E-06 4.286377E-06 3.235526E-06 1.717366E-06
265 1.097500E+02 5.178571E-01 2.504752E+00 2.345264E-06 7.625133E-06 3.295762E-05 8.854208E-05 2.202378E-06 3.811071E-06 4.205735E-06 3.174654E-06 1.685056E-06
266 1.102679E+02 5.178571E-01 2.504752E+00 2.300559E-06 7.479782E-06 3.232938E-05 8.685429E-05 2.160395E-06 3.738422E-06 4.125562E-06 3.114136E-06 1.652934E-06
267 1.107857E+02 5.178571E-01 2.504752E+00 2.256148E-06 7.335389E-06 3.170528E-05 8.517762E-05 2.118688E-06 3.666252E-06 4.045918E-06 3.054018E-06 1.621024E-06
268 1.113036E+02 5.178571E-01 2.504752E+00 2.212061E-06 7.192051E-06 3.108574E-05 8.351320E-05 2.077287E-06 3.594609E-06 3.966856E-06 2.994338E-06 1.589347E-06
269 1.118214E+02 5.178571E-01 2.504752E+00 2.168328E-06 7.049861E-06 3.047116E-05 8.186211E-05 2.036217E-06 3.523539E-06 3.888427E-06 2.935137E-06 1.557924E-06
270 1.123393E+02 5.178571E-01 2.504752E+00 2.124974E-06 6.908905E-06 2.986192E-05 8.022534E-05 1.995503E-06 3.453087E-06 3.810679E-06 2.876450E-06 1.526774E-06
271 1.128571E+02 5.178571E-01 2.504752E+00 2.082024E-06 6.769264E-06 2.925835E-05 7.860384E-05 1.955169E-06 3.383292E-06 3.733656E-06 2.818310E-06 1.495914E-06
272 1.133750E+02 5.178571E-01 2.504752E+00 2.039502E-06 6.631010E-06 2.866079E-05 7.699846E-05 1.915236E-06 3.314191E-06 3.657399E-06 2.760748E-06 1.465361E-06
273 1.138929E+02 5.178571E-01 2.504752E+00 1.997427E-06 6.494214E-06 2.806952E-05 7.541000E-05 1.875724E-06 3.245818E-06 3.581945E-06 2.703793E-06 1.435130E-06
274 1.144107E+02 5.178571E-01 2.504752E+00 1.955820E-06 6.358939E-06 2.748483E-05 7.383920E-05 1.836652E-06 3.178206E-06 3.507331E-06 2.647471E-06 1.405236E-06
275 1.149286E+02 5.178571E-01 2.504752E+00 1.914699E-06 6.225242E-06 2.690696E-05 7.228673E-05 1.798035E-06 3.111382E-06 3.433588E-06 2.591807E-06 1.375690E-06
276 1.154464E+02 5.178571E-01 2.504752E+00 1.874080E-06 6.093177E-06 2.633615E-05 7.075321E-05 1.759890E-06 3.045374E-06 3.360744E-06 2.536822E-06 1.346505E-06
277 1.159643E+02 5.178571E-01 2.504752E+00 1.833977E-06 5.962792E-06 2.577259E-05 6.923919E-05 1.722230E-06 2.980206E-06 3.288828E-06 2.482536E-06 1.317691E-06
278 1.164821E+02 5.178571E-01 2.504752E+00 1.794405E-06 5.834130E-06 2.521648E-05 6.774518E-05 1.685068E-06 2.915900E-06 3.217862E-06 2.428968E-06 1.289258E-06
279 1.170000E+02 5.178571E-01 2.504752E+00 1.755374E-06 5.707229E-06 2.466799E-05 6.627163E-05 1.648415E-06 2.852474E-06 3.147867E-06 2.376134E-06 1.261214E-06
280 1.175179E+02 5.178571E-01 2.504752E+00 1.716896E-06 5.582126E-06 2.412726E-05 6.481894E-05 1.612280E-06 2.789945E-06 3.078864E-06 2.324047E-06 1.233567E-06
281 1.180357E+02 5.178571E-01 2.504752E+00 1.678980E-06 5.458849E-06 2.359443E-05 6.338746E-05 1.576674E-06 2.728330E-06 3.010868E-06 2.272722E-06 1.206325E-06
282 1.185536E+02 5.178571E-01 2.504752E+00 1.641633E-06 5.337425E-06 2.306961E-05 6.197751E-05 1.541602E-06 2.667642E-06 2.943895E-06 2.222167E-06 1.179491E-06
283 1.190714E+02 5.178571E-01 2.504752E+00 1.604864E-06 5.217876E-06 2.255289E-05 6.058933E-05 1.507073E-06 2.607891E-06 2.877956E-06 2.172394E-06 1.153072E-06
284 1.195893E+02 5.178571E-01 2.504752E+00 1.568677E-06 5.100223E-06 2.204436E-05 5.922315E-05 1.473090E-06 2.549086E-06 2.813062E-06 2.123410E-06 1.127072E-06
285 1.201071E+02 5.178571E-01 2.504752E+00 1.533078E-06 4.984479E-06 2.154409E-05 5.787915E-05 1.439660E-06 2.491237E-06 2.749222E-06 2.075221E-06 1.101494E-06
286 1.206250E+02 5.178571E-01 2.504752E+00 1.498069E-06 4.870658E-06 2.105213E-05 5.655747E-05 1.406784E-06 2.434348E-06 2.686442E-06 2.027832E-06 1.076341E-06
287 1.211429E+02 5.178571E-01 2.504752E+00 1.463655E-06 4.758768E-06 2.056851E-05 5.525821E-05 1.374467E-06 2.378425E-06 2.624727E-06 1.981247E-06 1.051615E-06
288 1.216607E+02 5.178571E-01 2.504752E+00 1.429837E-06 4.648815E-06 2.009328E-05 5.398146E-05 1.342709E-06 2.323470E-06 2.564082E-06 1.935469E-06 1.027316E-06
289 1.221786E+02 5.178571E-01 2.504752E+00 1.396616E-06 4.540804E-06 1.962643E-05 5.272725E-05 1.311512E-06 2.269485E-06 2.504506E-06 1.890500E-06 1.003447E-06
290 1.226964E+02 5.178571E-01 2.504752E+00 1.363993E-06 4.434735E-06 1.916797E-05 5.149559E-05 1.280876E-06 2.216471E-06 2.446003E-06 1.846339E-06 9.800073E-07
291 1.232143E+02 5.178571E-01 2.504752E+00 1.331966E-06 4.330606E-06 1.871790E-05 5.028646E-05 1.250800E-06 2.164427E-06 2.388569E-06 1.802986E-06 9.569961E-07
292 1.237321E+02 5.178571E-01 2.504752E+00 1.300534E-06 4.228414E-06 1.827620E-05 4.909981E-05 1.221283E-06 2.113351E-06 2.332203E-06 1.760439E-06 9.344129E-07
293 1.242500E+02 5.178571E-01 2.504752E+00 1.269697E-06 4.128152E-06 1.784285E-05 4.793558E-05 1.192325E-06 2.063240E-06 2.276903E-06 1.718696E-06 9.122563E-07
294 1.247679E+02 5.178571E-01 2.504752E+00 1.239451E-06 4.029813E-06 1.741780E-05 4.679368E-05 1.163921E-06 2.014089E-06 2.222662E-06 1.677753E-06 8.905246E-07
295 1.252857E+02 5.178571E-01 2.504752E+00 1.209792E-06 3.933386E-06 1.700102E-05 4.567398E-05 1.136070E-06 1.965895E-06 2.169477E-06 1.637606E-06 8.692155E-07
296 1.258036E+02 5.178571E-01 2.504752E+00 1.180719E-06 3.838859E-06 1.659245E-05 4.457635E-05 1.108768E-06 1.918650E-06 2.117340E-06 1.598251E-06 8.483265E-07
297 1.263214E+02 5.178571E-01 2.504752E+00 1.152226E-06 3.746221E-06 1.619205E-05 4.350065E-05 1.082011E-06 1.872349E-06 2.066244E-06 1.559682E-06 8.278546E-07
298 1.268393E+02 5.178571E-01 2.504752E+00 1.124309E-06 3.655455E-06 1.579974E-05 4.244669E-05 1.055795E-06 1.826984E-06 2.016181E-06 1.521893E-06 8.077966E-07
299 1.273571E+02 5.178571E-01 2.504752E+00 1.096963E-06 3.566546E-06 1.541545E-05 4.141428E-05 1.030115E-06 1.782547E-06 1.967143E-06 1.484876E-06 7.881488E-07
300 1.278750E+02 5.178571E-01 2.504752E+00 1.070183E-06 3.479476E-06 1.503911E-05 4.040323E-05 1.004967E-06 1.739029E-06 1.919118E-06 1.448626E-06 7.689075E-07
301 1.283929E+02 5.178571E-01 2.504752E+00 1.043963E-06 3.394226E-06 1.467064E-05 3.941333E-05 9.803442E-07 1.696422E-06 1.872098E-06 1.413133E-06 7.500686E-07
302 1.289107E+02 5.178571E-01 2.504752E+00 1.018297E-06 3.310777E-06 1.430996E-05 3.844433E-05 9.562417E-07 1.654714E-06 1.826071E-06 1.378390E-06 7.316276E-07
303 1.294286E+02 5.178571E-01 2.504752E+00 9.931779E-07 3.229109E-06 1.395697E-05 3.749601E-05 9.326534E-07 1.613896E-06 1.781026E-06 1.344388E-06 7.135800E-07
304 1.299464E+02 5.178571E-01 2.504752E+00 9.686000E-07 3.149199E-06 1.361158E-05 3.656810E-05 9.095730E-07 1.573957E-06 1.736951E-06 1.311119E-06 6.959210E-07
305 1.304643E+02 5.178571E-01 2.504752E+00 9.445561E-07 3.071025E-06 1.327369E-05 3.566036E-05 8.869942E-07 1.534885E-06 1.693834E-06 1.278572E-06 6.786458E-07
306 1.309821E+02 5.178571E-01 2.504752E+00 9.210392E-07 2.994565E-06 1.294322E-05 3.477252E-05 8.649102E-07 1.496671E-06 1.651661E-06 1.246739E-06 6.617492E-07
307 1.315000E+02 5.178571E-01 2.504752E+00 8.980420E-07 2.919795E-06 1.262004E-05 3.390429E-05 8.433143E-07 1.459300E-06 1.610421E-06 1.215609E-06 6.452260E-07
308 1.320179E+02 5.178571E-01 2.504752E+00 8.755571E-07 2.846690E-06 1.230406E-05 3.305540E-05 8.221994E-07 1.422762E-06 1.570099E-06 1.185173E-06 6.290709E-07
309 1.325357E+02 5.178571E-01 2.504752E+00 8.535768E-07 2.775225E-06 1.199518E-05 3.222557E-05 8.015585E-07 1.387045E-06 1.530683E-06 1.155419E-06 6.132783E-07
310 1.330536E+02 5.178571E-01 2.504752E+00 8.320934E-07 2.705377E-06 1.169328E-05 3.141449E-05 7.813842E-07 1.352134E-06 1.492157E-06 1.126339E-06 5.978428E-07
311 1.335714E+02 5.178571E-01 2.504752E+00 8.110992E-07 2.637118E-06 1.139825E-05 3.062189E-05 7.616692E-07 1.318019E-06 1.454509E-06 1.097920E-06 5.827587E-07
312 1.340893E+02 5.178571E-01 2.504752E+00 7.905861E-07 2.570424E-06 1.110998E-05 2.984744E-05 7.424060E-07 1.284685E-06 1.417723E-06 1.070153E-06 5.680203E-07
313 1.346071E+02 5.178571E-01 2.504752E+00 7.705461E-07 2.505269E-06 1.082836E-05 2.909086E-05 7.235872E-07 1.252120E-06 1.381786E-06 1.043026E-06 5.536219E-07
314 1.351250E+02 5.178571E-01 2.504752E+00 7.509713E-07 2.441625E-06 1.055328E-05 2.835184E-05 7.052052E-07 1.220311E-06 1.346683E-06 1.016529E-06 5.395577E-07
315 1.356429E+02 5.178571E-01 2.504752E+00 7.318535E-07 2.379468E-06 1.028462E-05 2.763008E-05 6.872523E-07 1.189245E-06 1.312400E-06 9.906510E-07 5.258218E-07
316 1.361607E+02 5.178571E-01 2.504752E+00 7.131846E-07 2.318770E-06 1.002227E-05 2.692526E-05 6.697210E-07 1.158908E-06 1.278921E-06 9.653802E-07 5.124085E-07
317 1.366786E+02 5.178571E-01 2.504752E+00 6.949564E-07 2.259505E-06 9.766111E-06 2.623708E-05 6.526036E-07 1.129288E-06 1.246234E-06 9.407060E-07 4.993118E-07
318 1.371964E+02 5.178571E-01 2.504752E+00 6.771608E-07 2.201646E-06 9.516033E-06 2.556524E-05 6.358924E-07 1.100370E-06 1.214321E-06 9.166174E-07 4.865260E-07
319 1.377143E+02 5.178571E-01 2.504752E+00 6.597897E-07 2.145168E-06 9.271919E-06 2.490942E-05 6.195798E-07 1.072142E-06 1.183170E-06 8.931034E-07 4.740451E-07
320 1.382321E+02 5.178571E-01 2.504752E+00 6.428350E-07 2.090043E-06 9.033657E-06 2.426931E-05 6.036582E-07 1.044591E-06 1.152766E-06 8.701529E-07 4.618634E-07
321 1.387500E+02 5.178571E-01 2.504752E+00 6.262885E-07 2.036245E-06 8.801131E-06 2.364462E-05 5.881200E-07 1.017703E-06 1.123094E-06 8.477551E-07 4.499750E-07
322 1.392679E+02 5.178571E-01 2.504752E+00 6.101422E-07 1.983749E-06 8.574230E-06 2.303504E-05 5.729576E-07 9.914657E-07 1.094139E-06 8.258990E-07 4.383741E-07
323 1.397857E+02 5.178571E-01 2.504752E+00 5.943880E-07 1.932528E-06 8.352840E-06 2.244027E-05 5.581635E-07 9.658655E-07 1.065888E-06 8.045739E-07 4.270550E-07
324 1.403036E+02 5.178571E-01 2.504752E+00 5.790182E-07 1.882556E-06 8.136849E-06 2.186000E-05 5.437303E-07 9.408897E-07 1.038325E-06 7.837688E-07 4.160120E-07
325 1.408214E+02 5.178571E-01 2.504752E+00 5.640247E-07 1.833808E-06 7.926148E-06 2.129394E-05 5.296504E-07 9.165254E-07 1.011438E-06 7.634732E-07 4.052395E-07
326 1.413393E+02 5.178571E-01 2.504752E+00 5.493997E-07 1.786258E-06 7.720626E-06 2.074180E-05 5.159167E-07 8.927601E-07 9.852117E-07 7.436765E-07 3.947317E-07
327 1.418571E+02 5.178571E-01 2.504752E+00 5.351355E-07 1.739881E-06 7.520173E-06 2.020327E-05 5.025217E-07 8.695810E-07 9.596322E-07 7.243681E-07 3.844831E-07
328 1.423750E+02 5.178571E-01 2.504752E+00 5.212245E-07 1.694652E-06 7.324683E-06 1.967808E-05 4.894584E-07 8.469758E-07 9.346861E-07 7.055377E-07 3.744882E-07
329 1.428929E+02 5.178571E-01 2.504752E+00 5.076589E-07 1.650546E-06 7.134049E-06 1.916593E-05 4.767195E-07 8.249320E-07 9.103595E-07 6.871751E-07 3.647416E-07
330 1.434107E+02 5.178571E-01 2.504752E+00 4.944314E-07 1.607540E-06 6.948166E-06 1.866655E-05 4.642981E-07 8.034376E-07 8.866392E-07 6.692701E-07 3.552379E-07
331 1.439286E+02 5.178571E-01 2.504752E+00 4.815346E-07 1.565608E-06 6.766928E-06 1.817965E-05 4.521872E-07 7.824804E-07 8.635118E-07 6.518126E-07 3.459718E-07
332 1.444464E+02 5.178571E-01 2.504752E+00 4.689611E-07 1.524728E-06 6.590235E-06 1.770495E-05 4.403799E-07 7.620487E-07 8.409642E-07 6.347928E-07 3.369379E-07
333 1.449643E+02 5.178571E-01 2.504752E+00 4.567037E-07 1.484876E-06 6.417984E-06 1.724219E-05 4.288695E-07 7.421307E-07 8.189836E-07 6.182010E-07 3.281313E-07
334 1.454821E+02 5.178571E-01 2.504752E+00 4.447554E-07 1.446029E-06 6.250076E-06 1.679110E-05 4.176493E-07 7.227149E-07 7.975571E-07 6.020274E-07 3.195466E-07
335 1.460000E+02 5.178571E-01 2.504752E+00 4.331091E-07 1.408163E-06 6.086412E-06 1.635141E-05 4.067128E-07 7.037898E-07 7.766722E-07 5.862627E-07 3.111789E-07
336 1.465179E+02 5.178571E-01 2.504752E+00 4.217579E-07 1.371257E-06 5.926896E-06 1.592286E-05 3.960533E-07 6.853444E-07 7.563166E-07 5.708975E-07 3.030233E-07
337 1.470357E+02 5.178571E-01 2.504752E+00 4.106951E-07 1.335289E-06 5.771432E-06 1.550520E-05 3.856647E-07 6.673675E-07 7.364782E-07 5.559226E-07 2.950749E-07
338 1.475536E+02 5.178571E-01 2.504752E+00 3.999140E-07 1.300236E-06 5.619927E-06 1.509818E-05 3.755406E-07 6.498484E-07 7.171448E-07 5.413291E-07 2.873289E-07
339 1.480714E+02 5.178571E-01 2.504752E+00 3.894080E-07 1.266078E-06 5.472287E-06 1.470154E-05 3.656748E-07 6.327764E-07 6.983049E-07 5.271079E-07 2.797805E-07
340 1.485893E+02 5.178571E-01 2.504752E+00 3.791706E-07 1.232794E-06 5.328424E-06 1.431504E-05 3.560614E-07 6.161410E-07 6.799467E-07 5.132505E-07 2.724252E-07
341 1.491071E+02 5.178571E-01 2.504752E+00 3.691957E-07 1.200362E-06 5.188247E-06 1.393845E-05 3.466943E-07 5.999319E-07 6.620590E-07 4.997482E-07 2.652584E-07
342 1.496250E+02 5.178571E-01 2.504752E+00 3.594768E-07 1.168763E-06 5.051670E-06 1.357153E-05 3.375678E-07 5.841390E-07 6.446307E-07 4.865925E-07 2.582756E-07
343 1.501429E+02 5.178571E-01 2.504752E+00 3.500080E-07 1.137977E-06 4.918606E-06 1.321405E-05 3.286760E-07 5.687523E-07 6.276506E-07 4.737754E-07 2.514724E-07
344 1.506607E+02 5.178571E-01 2.504752E+00 3.407832E-07 1.107985E-06 4.788972E-06 1.286578E-05 3.200134E-07 5.537623E-07 6.111082E-07 4.612885E-07 2.448446E-07
345 1.511786E+02 5.178571E-01 2.504752E+00 3.317966E-07 1.078767E-06 4.662684E-06 1.252650E-05 3.115744E-07 5.391592E-07 5.949929E-07 4.491240E-07 2.383879E-07
346 1.516964E+02 5.178571E-01 2.504752E+00 3.230423E-07 1.050304E-06 4.539662E-06 1.219600E-05 3.033537E-07 5.249337E-07 5.792943E-07 4.372741E-07 2.320981E-07
347 1.522143E+02 5.178571E-01 2.504752E+00 3.145148E-07 1.022579E-06 4.419826E-06 1.187406E-05 2.953458E-07 5.110767E-07 5.640023E-07 4.257311E-07 2.259713E-07
348 1.527321E+02 5.178571E-01 2.504752E+00 3.062085E-07 9.955724E-07 4.303098E-06 1.156046E-05 2.875457E-07 4.975791E-07 5.491069E-07 4.144875E-07 2.200034E-07
349 1.532500E+02 5.178571E-01 2.504752E+00 2.981179E-07 9.692677E-07 4.189403E-06 1.125501E-05 2.799483E-07 4.844322E-07 5.345985E-07 4.035360E-07 2.141905E-07
350 1.537679E+02 5.178571E-01 2.504752E+00 2.902378E-07 9.436473E-07 4.078666E-06 1.095751E-05 2.725484E-07 4.716272E-07 5.204675E-07 3.928693E-07 2.085288E-07
351 1.542857E+02 5.178571E-01 2.504752E+00 2.825630E-07 9.186942E-07 3.970813E-06 1.066776E-05 2.653413E-07 4.591558E-07 5.067046E-07 3.824805E-07 2.030146E-07
352 1.548036E+02 5.178571E-01 2.504752E+00 2.750883E-07 8.943919E-07 3.865772E-06 1.038557E-05 2.583222E-07 4.470097E-07 4.933007E-07 3.723627E-07 1.976442E-07
353 1.553214E+02 5.178571E-01 2.504752E+00 2.678089E-07 8.707242E-07 3.763475E-06 1.011074E-05 2.514864E-07 4.351807E-07 4.802467E-07 3.625091E-07 1.924141E-07
354 1.558393E+02 5.178571E-01 2.504752E+00 2.607197E-07 8.476752E-07 3.663852E-06 9.843098E-06 2.448292E-07 4.236610E-07 4.675340E-07 3.529130E-07 1.873206E-07
355 1.563571E+02 5.178571E-01 2.504752E+00 2.538160E-07 8.252295E-07 3.566836E-06 9.582461E-06 2.383463E-07 4.124427E-07 4.551541E-07 3.435682E-07 1.823605E-07
356 1.568750E+02 5.178571E-01 2.504752E+00 2.470933E-07 8.033718E-07 3.472362E-06 9.328652E-06 2.320333E-07 4.015184E-07 4.430984E-07 3.344681E-07 1.775304E-07
357 1.573929E+02 5.178571E-01 2.504752E+00 2.405468E-07 7.820873E-07 3.380366E-06 9.081500E-06 2.258858E-07 3.908805E-07 4.313590E-07 3.256067E-07 1.728269E-07
358 1.579107E+02 5.178571E-01 2.504752E+00 2.341722E-07 7.613616E-07 3.290784E-06 8.840835E-06 2.198996E-07 3.805219E-07 4.199277E-07 3.169779E-07 1.682468E-07
359 1.584286E+02 5.178571E-01 2.504752E+00 2.279650E-07 7.411804E-07 3.203556E-06 8.606494E-06 2.140708E-07 3.704355E-07 4.087967E-07 3.085758E-07 1.637871E-07
360 1.589464E+02 5.178571E-01 2.504752E+00 2.219211E-07 7.215299E-07 3.118622E-06 8.378315E-06 2.083952E-07 3.606143E-07 3.979585E-07 3.003947E-07 1.594447E-07
361 1.594643E+02 5.178571E-01 2.504752E+00 2.160363E-07 7.023966E-07 3.035924E-06 8.156141E-06 2.028691E-07 3.510516E-07 3.874055E-07 2.924289E-07 1.552166E-07
362 1.599821E+02 5.178571E-01 2.504752E+00 2.103065E-07 6.837673E-07 2.955403E-06 7.939819E-06 1.974884E-07 3.417408E-07 3.771305E-07 2.846729E-07 1.510999E-07
363 1.605000E+02 5.178571E-01 2.504752E+00 2.047277E-07 6.656290E-07 2.877005E-06 7.729200E-06 1.922496E-07 3.326754E-07 3.671263E-07 2.771214E-07 1.470916E-07
364 1.610179E+02 5.178571E-01 2.504752E+00 1.992960E-07 6.479691E-07 2.800675E-06 7.524136E-06 1.871490E-07 3.238492E-07 3.573860E-07 2.697690E-07 1.431891E-07
365 1.615357E+02 5.178571E-01 2.504752E+00 1.940078E-07 6.307754E-07 2.726360E-06 7.324485E-06 1.821830E-07 3.152559E-07 3.479028E-07 2.626107E-07 1.393896E-07
366 1.620536E+02 5.178571E-01 2.504752E+00 1.888592E-07 6.140358E-07 2.654007E-06 7.130106E-06 1.773482E-07 3.068895E-07 3.386701E-07 2.556415E-07 1.356904E-07
367 1.625714E+02 5.178571E-01 2.504752E+00 1.838466E-07 5.977386E-07 2.583567E-06 6.940865E-06 1.726412E-07 2.987443E-07 3.296814E-07 2.488564E-07 1.320891E-07
368 1.630893E+02 5.178571E-01 2.504752E+00 1.789666E-07 5.818723E-07 2.514989E-06 6.756628E-06 1.680586E-07 2.908145E-07 3.209303E-07 2.422508E-07 1.285829E-07
369 1.636071E+02 5.178571E-01 2.504752E+00 1.742157E-07 5.664258E-07 2.448226E-06 6.577266E-06 1.635973E-07 2.830944E-07 3.124108E-07 2.358200E-07 1.251695E-07
370 1.641250E+02 5.178571E-01 2.504752E+00 1.695906E-07 5.513882E-07 2.383230E-06 6.402651E-06 1.592541E-07 2.755787E-07 3.041168E-07 2.295593E-07 1.218464E-07
371 1.646429E+02 5.178571E-01 2.504752E+00 1.650880E-07 5.367488E-07 2.319955E-06 6.232660E-06 1.550258E-07 2.682621E-07 2.960425E-07 2.234645E-07 1.186114E-07
372 1.651607E+02 5.178571E-01 2.504752E+00 1.607046E-07 5.224973E-07 2.258357E-06 6.067173E-06 1.509096E-07 2.611393E-07 2.881821E-07 2.175312E-07 1.154621E-07
373 1.656786E+02 5.178571E-01 2.504752E+00 1.564375E-07 5.086236E-07 2.198391E-06 5.906073E-06 1.469026E-07 2.542053E-07 2.805300E-07 2.117551E-07 1.123962E-07
374 1.661964E+02 5.178571E-01 2.504752E+00 1.522835E-07 4.951177E-07 2.140015E-06 5.749245E-06 1.430017E-07 2.474551E-07 2.730809E-07 2.061322E-07 1.094117E-07
375 1.667143E+02 5.178571E-01 2.504752E+00 1.482397E-07 4.819701E-07 2.083188E-06 5.596576E-06 1.392044E-07 2.408841E-07 2.658293E-07 2.006584E-07 1.065063E-07
376 1.672321E+02 5.178571E-01 2.504752E+00 1.443032E-07 4.691714E-07 2.027869E-06 5.447959E-06 1.355078E-07 2.344874E-07 2.587702E-07 1.953299E-07 1.036780E-07
377 1.677500E+02 5.178571E-01 2.504752E+00 1.404711E-07 4.567124E-07 1.974018E-06 5.303287E-06 1.319093E-07 2.282605E-07 2.518984E-07 1.901428E-07 1.009248E-07
378 1.682679E+02 5.178571E-01 2.504752E+00 1.367409E-07 4.445842E-07 1.921597E-06 5.162456E-06 1.284064E-07 2.221989E-07 2.452091E-07 1.850935E-07 9.824468E-08
379 1.687857E+02 5.178571E-01 2.504752E+00 1.331097E-07 4.327781E-07 1.870569E-06 5.025365E-06 1.249965E-07 2.162983E-07 2.386975E-07 1.801783E-07 9.563576E-08
380 1.693036E+02 5.178571E-01 2.504752E+00 1.295749E-07 4.212857E-07 1.820896E-06 4.891916E-06 1.216772E-07 2.105545E-07 2.323589E-07 1.753936E-07 9.309614E-08
381 1.698214E+02 5.178571E-01 2.504752E+00 1.261341E-07 4.100986E-07 1.772543E-06 4.762014E-06 1.184461E-07 2.049633E-07 2.261887E-07 1.707361E-07 9.062401E-08
382 1.703393E+02 5.178571E-01 2.504752E+00 1.227848E-07 3.992089E-07 1.725475E-06 4.635564E-06 1.153009E-07 1.995207E-07 2.201825E-07 1.662024E-07 8.821758E-08
383 1.708571E+02 5.178571E-01 2.504752E+00 1.195245E-07 3.886087E-07 1.679658E-06 4.512475E-06 1.122393E-07 1.942228E-07 2.143359E-07 1.617892E-07 8.587513E-08
384 1.713750E+02 5.178571E-01 2.504752E+00 1.163509E-07 3.782903E-07 1.635060E-06 4.392660E-06 1.092591E-07 1.890658E-07 2.086449E-07 1.574933E-07 8.359496E-08
385 1.718929E+02 5.178571E-01 2.504752E+00 1.132616E-07 3.682464E-07 1.591648E-06 4.276031E-06 1.063582E-07 1.840459E-07 2.031051E-07 1.533117E-07 8.137543E-08
386 1.724107E+02 5.178571E-01 2.504752E+00 1.102546E-07 3.584695E-07 1.549390E-06 4.162503E-06 1.035344E-07 1.791595E-07 1.977127E-07 1.492413E-07 7.921493E-08
387 1.729286E+02 5.178571E-01 2.504752E+00 1.073275E-07 3.489528E-07 1.508256E-06 4.051996E-06 1.007857E-07 1.744031E-07 1.924638E-07 1.452792E-07 7.711190E-08
388 1.734464E+02 5.178571E-01 2.504752E+00 1.044783E-07 3.396892E-07 1.468217E-06 3.944429E-06 9.811018E-08 1.697733E-07 1.873545E-07 1.414225E-07 7.506482E-08
389 1.739643E+02 5.178571E-01 2.504752E+00 1.017049E-07 3.306721E-07 1.429243E-06 3.839723E-06 9.550583E-08 1.652666E-07 1.823811E-07 1.376684E-07 7.307221E-08
390 1.744821E+02 5.178571E-01 2.504752E+00 9.900533E-08 3.218950E-07 1.391306E-06 3.737804E-06 9.297077E-08 1.608798E-07 1.775401E-07 1.340142E-07 7.113263E-08
391 1.750000E+02 5.178571E-01 2.504752E+00 9.637758E-08 3.133514E-07 1.354379E-06 3.638597E-06 9.050318E-08 1.566098E-07 1.728279E-07 1.304573E-07 6.924465E-08
392 1.755179E+02 5.178571E-01 2.504752E+00 9.381976E-08 3.050352E-07 1.318434E-06 3.542031E-06 8.810127E-08 1.524535E-07 1.682411E-07 1.269950E-07 6.740693E-08
393 1.760357E+02 5.178571E-01 2.504752E+00 9.133002E-08 2.969404E-07 1.283446E-06 3.448034E-06 8.576327E-08 1.484077E-07 1.637764E-07 1.236249E-07 6.561811E-08
394 1.765536E+02 5.178571E-01 2.504752E+00 8.890655E-08 2.890609E-07 1.249389E-06 3.356539E-06 8.348751E-08 1.444697E-07 1.594305E-07 1.203444E-07 6.387691E-08
395 1.770714E+02 5.178571E-01 2.504752E+00 8.654759E-08 2.813913E-07 1.216239E-06 3.267480E-06 8.127232E-08 1.406364E-07 1.552003E-07 1.171513E-07 6.218205E-08
396 1.775893E+02 5.178571E-01 2.504752E+00 8.425141E-08 2.739257E-07 1.183972E-06 3.180791E-06 7.911610E-08 1.369052E-07 1.510827E-07 1.140432E-07 6.053231E-08
397 1.781071E+02 5.178571E-01 2.504752E+00 8.201636E-08 2.666589E-07 1.152563E-06 3.096410E-06 7.701727E-08 1.332733E-07 1.470747E-07 1.110178E-07 5.892648E-08
398 1.786250E+02 5.178571E-01 2.504752E+00 7.984079E-08 2.595855E-07 1.121990E-06 3.014275E-06 7.497431E-08 1.297381E-07 1.431734E-07 1.080729E-07 5.736340E-08
399 1.791429E+02 5.178571E-01 2.504752E+00 7.772314E-08 2.527004E-07 1.092231E-06 2.934326E-06 7.298573E-08 1.262970E-07 1.393760E-07 1.052065E-07 5.584192E-08
400 1.796607E+02 5.178571E-01 2.504752E+00 7.566186E-08 2.459986E-07 1.063264E-06 2.856505E-06 7.105008E-08 1.229475E-07 1.356796E-07 1.024163E-07 5.436094E-08
401 1.801786E+02 5.178571E-01 2.504752E+00 7.365544E-08 2.394752E-07 1.035068E-06 2.780755E-06 6.916595E-08 1.196871E-07 1.320816E-07 9.970038E-08 5.291938E-08
402 1.806964E+02 5.178571E-01 2.504752E+00 7.170242E-08 2.331253E-07 1.007623E-06 2.707022E-06 6.733197E-08 1.165136E-07 1.285794E-07 9.705676E-08 5.151619E-08
403 1.812143E+02 5.178571E-01 2.504752E+00 6.980139E-08 2.269445E-07 9.809077E-07 2.635251E-06 6.554680E-08 1.134245E-07 1.251704E-07 9.448350E-08 5.015034E-08
404 1.817321E+02 5.178571E-01 2.504752E+00 6.795095E-08 2.209282E-07 9.549037E-07 2.565391E-06 6.380915E-08 1.104176E-07 1.218521E-07 9.197873E-08 4.882085E-08
405 1.822500E+02 5.178571E-01 2.504752E+00 6.614975E-08 2.150720E-07 9.295918E-07 2.497389E-06 6.211774E-08 1.074907E-07 1.186221E-07 8.954062E-08 4.752674E-08
406 1.827679E+02 5.178571E-01 2.504752E+00 6.439649E-08 2.093716E-07 9.049535E-07 2.431197E-06 6.047134E-08 1.046417E-07 1.154781E-07 8.716739E-08 4.626707E-08
407 1.832857E+02 5.178571E-01 2.504752E+00 6.268988E-08 2.038230E-07 8.809708E-07 2.366767E-06 5.886875E-08 1.018685E-07 1.124177E-07 8.485731E-08 4.504091E-08
408 1.838036E+02 5.178571E-01 2.504752E+00 6.102868E-08 1.984219E-07 8.576263E-07 2.304050E-06 5.730880E-08 9.916913E-08 1.094388E-07 8.260870E-08 4.384739E-08
409 1.843214E+02 5.178571E-01 2.504752E+00 5.941168E-08 1.931646E-07 8.349028E-07 2.243003E-06 5.579036E-08 9.654156E-08 1.065391E-07 8.041991E-08 4.268561E-08
410 1.848393E+02 5.178571E-01 2.504752E+00 5.783770E-08 1.880471E-07 8.127839E-07 2.183580E-06 5.431231E-08 9.398390E-08 1.037166E-07 7.828936E-08 4.155475E-08
411 1.853571E+02 5.178571E-01 2.504752E+00 5.630559E-08 1.830658E-07 7.912534E-07 2.125737E-06 5.287358E-08 9.149428E-08 1.009692E-07 7.621548E-08 4.045397E-08
412 1.858750E+02 5.178571E-01 2.504752E+00 5.481423E-08 1.782169E-07 7.702956E-07 2.069433E-06 5.147313E-08 8.907088E-08 9.829479E-08 7.419677E-08 3.938247E-08
413 1.863929E+02 5.178571E-01 2.504752E+00 5.336254E-08 1.734971E-07 7.498952E-07 2.014626E-06 5.010992E-08 8.671193E-08 9.569156E-08 7.223175E-08 3.833947E-08
414 1.869107E+02 5.178571E-01 2.504752E+00 5.194946E-08 1.689027E-07 7.300374E-07 1.961277E-06 4.878296E-08 8.441572E-08 9.315756E-08 7.031899E-08 3.732420E-08
415 1.874286E+02 5.178571E-01 2.504752E+00 5.057395E-08 1.644305E-07 7.107075E-07 1.909347E-06 4.749129E-08 8.218057E-08 9.069095E-08 6.845709E-08 3.633594E-08
416 1.879464E+02 5.178571E-01 2.504752E+00 4.923501E-08 1.600773E-07 6.918917E-07 1.858797E-06 4.623396E-08 8.000485E-08 8.828992E-08 6.664470E-08 3.537395E-08
417 1.884643E+02 5.178571E-01 2.504752E+00 4.793167E-08 1.558398E-07 6.735761E-07 1.809592E-06 4.501007E-08 7.788698E-08 8.595272E-08 6.488049E-08 3.443753E-08
418 1.889821E+02 5.178571E-01 2.504752E+00 4.666298E-08 1.517149E-07 6.557474E-07 1.761694E-06 4.381870E-08 7.582540E-08 8.367766E-08 6.316318E-08 3.352601E-08
419 1.895000E+02 5.178571E-01 2.504752E+00 4.542801E-08 1.476996E-07 6.383926E-07 1.715070E-06 4.265901E-08 7.381862E-08 8.146306E-08 6.149152E-08 3.263872E-08
420 1.900179E+02 5.178571E-01 2.504752E+00 4.422587E-08 1.437911E-07 6.214990E-07 1.669684E-06 4.153013E-08 7.186518E-08 7.930733E-08 5.986429E-08 3.177501E-08
421 1.905357E+02 5.178571E-01 2.504752E+00 4.305567E-08 1.399864E-07 6.050544E-07 1.625505E-06 4.043126E-08 6.996365E-08 7.720888E-08 5.828029E-08 3.093425E-08
422 1.910536E+02 5.178571E-01 2.504752E+00 4.191656E-08 1.362829E-07 5.890467E-07 1.582500E-06 3.936158E-08 6.811264E-08 7.516619E-08 5.673839E-08 3.011584E-08
423 1.915714E+02 5.178571E-01 2.504752E+00 4.080771E-08 1.326777E-07 5.734642E-07 1.540637E-06 3.832032E-08 6.631081E-08 7.317777E-08 5.523745E-08 2.931916E-08
424 1.920893E+02 5.178571E-01 2.504752E+00 3.972833E-08 1.291683E-07 5.582958E-07 1.499886E-06 3.730673E-08 6.455685E-08 7.124217E-08 5.377639E-08 2.854365E-08
425 1.926071E+02 5.178571E-01 2.504752E+00 3.867761E-08 1.257521E-07 5.435302E-07 1.460218E-06 3.632005E-08 6.284947E-08 6.935798E-08 5.235413E-08 2.778874E-08
426 1.931250E+02 5.178571E-01 2.504752E+00 3.765479E-08 1.224266E-07 5.291567E-07 1.421603E-06 3.535958E-08 6.118744E-08 6.752383E-08 5.096964E-08 2.705387E-08
427 1.936429E+02 5.178571E-01 2.504752E+00 3.665914E-08 1.191895E-07 5.151650E-07 1.384013E-06 3.442461E-08 5.956954E-08 6.573839E-08 4.962192E-08 2.633852E-08
428 1.941607E+02 5.178571E-01 2.504752E+00 3.568992E-08 1.160383E-07 5.015447E-07 1.347422E-06 3.351447E-08 5.799460E-08 6.400035E-08 4.830997E-08 2.564217E-08
429 1.946786E+02 5.178571E-01 2.504752E+00 3.474643E-08 1.129707E-07 4.882860E-07 1.311802E-06 3.262849E-08 5.646146E-08 6.230845E-08 4.703286E-08 2.496430E-08
430 1.951964E+02 5.178571E-01 2.504752E+00 3.382798E-08 1.099846E-07 4.753792E-07 1.277127E-06 3.176602E-08 5.496903E-08 6.066146E-08 4.578965E-08 2.430442E-08
431 1.957143E+02 5.178571E-01 2.504752E+00 3.293391E-08 1.070777E-07 4.628150E-07 1.243373E-06 3.092645E-08 5.351620E-08 5.905818E-08 4.457943E-08 2.366206E-08
432 1.962321E+02 5.178571E-01 2.504752E+00 3.206357E-08 1.042480E-07 4.505842E-07 1.210514E-06 3.010916E-08 5.210193E-08 5.749745E-08 4.340133E-08 2.303674E-08
433 1.967500E+02 5.178571E-01 2.504752E+00 3.121632E-08 1.014933E-07 4.386779E-07 1.178527E-06 2.931355E-08 5.072518E-08 5.597812E-08 4.225449E-08 2.242801E-08
434 1.972679E+02 5.178571E-01 2.504752E+00 3.039155E-08 9.881172E-08 4.270875E-07 1.147389E-06 2.853904E-08 4.938495E-08 5.449911E-08 4.113807E-08 2.183543E-08
435 1.977857E+02 5.178571E-01 2.504752E+00 2.958865E-08 9.620127E-08 4.158045E-07 1.117077E-06 2.778509E-08 4.808028E-08 5.305933E-08 4.005126E-08 2.125858E-08
436 1.983036E+02 5.178571E-01 2.504752E+00 2.880705E-08 9.366005E-08 4.048208E-07 1.087569E-06 2.705113E-08 4.681021E-08 5.165773E-08 3.899329E-08 2.069702E-08
437 1.988214E+02 5.178571E-01 2.504752E+00 2.804617E-08 9.118623E-08 3.941284E-07 1.058843E-06 2.633663E-08 4.557382E-08 5.029330E-08 3.796336E-08 2.015035E-08
438 1.993393E+02 5.178571E-01 2.504752E+00 2.730547E-08 8.877800E-08 3.837194E-07 1.030879E-06 2.564108E-08 4.437021E-08 4.896506E-08 3.696075E-08 1.961818E-08
439 1.998571E+02 5.178571E-01 2.504752E+00 2.658441E-08 8.643362E-08 3.735864E-07 1.003656E-06 2.496397E-08 4.319851E-08 4.767202E-08 3.598471E-08 1.910011E-08
440 2.003750E+02 5.178571E-01 2.504752E+00 2.588246E-08 8.415138E-08 3.637221E-07 9.771552E-07 2.430480E-08 4.205787E-08 4.641326E-08 3.503455E-08 1.859578E-08
441 2.008929E+02 5.178571E-01 2.504752E+00 2.519912E-08 8.192963E-08 3.541191E-07 9.513565E-07 2.366311E-08 4.094746E-08 4.518786E-08 3.410957E-08 1.810482E-08
442 2.014107E+02 5.178571E-01 2.504752E+00 2.453388E-08 7.976675E-08 3.447707E-07 9.262415E-07 2.303842E-08 3.986648E-08 4.399494E-08 3.320911E-08 1.762687E-08
443 2.019286E+02 5.178571E-01 2.504752E+00 2.388627E-08 7.766119E-08 3.356699E-07 9.017920E-07 2.243029E-08 3.881415E-08 4.283362E-08 3.233250E-08 1.716158E-08
444 2.024464E+02 5.178571E-01 2.504752E+00 2.325582E-08 7.561141E-08 3.268103E-07 8.779902E-07 2.183826E-08 3.778969E-08 4.170308E-08 3.147912E-08 1.670862E-08
445 2.029643E+02 5.178571E-01 2.504752E+00 2.264207E-08 7.361593E-08 3.181854E-07 8.548189E-07 2.126192E-08 3.679237E-08 4.060248E-08 3.064834E-08 1.626765E-08
446 2.034821E+02 5.178571E-01 2.504752E+00 2.204457E-08 7.167330E-08 3.097889E-07 8.322613E-07 2.070085E-08 3.582146E-08 3.953103E-08 2.983957E-08 1.583837E-08
447 2.040000E+02 5.178571E-01 2.504752E+00 2.146290E-08 6.978211E-08 3.016147E-07 8.103011E-07 2.015463E-08 3.487627E-08 3.848795E-08 2.905222E-08 1.542046E-08
448 2.045179E+02 5.178571E-01 2.504752E+00 2.089663E-08 6.794101E-08 2.936570E-07 7.889224E-07 1.962288E-08 3.395611E-08 3.747250E-08 2.828571E-08 1.501361E-08
449 2.050357E+02 5.178571E-01 2.504752E+00 2.034536E-08 6.614864E-08 2.859100E-07 7.681097E-07 1.910520E-08 3.306030E-08 3.648393E-08 2.753950E-08 1.461753E-08
450 2.055536E+02 5.178571E-01 2.504752E+00 1.980867E-08 6.440373E-08 2.783681E-07 7.478480E-07 1.860123E-08 3.218821E-08 3.552153E-08 2.681305E-08 1.423194E-08
451 2.060714E+02 5.178571E-01 2.504752E+00 1.928619E-08 6.270500E-08 2.710258E-07 7.281226E-07 1.811060E-08 3.133921E-08 3.458460E-08 2.610582E-08 1.385655E-08
452 2.065893E+02 5.178571E-01 2.504752E+00 1.877754E-08 6.105123E-08 2.638778E-07 7.089192E-07 1.763295E-08 3.051267E-08 3.367247E-08 2.541731E-08 1.349110E-08
453 2.071071E+02 5.178571E-01 2.504752E+00 1.828235E-08 5.944122E-08 2.569189E-07 6.902240E-07 1.716794E-08 2.970801E-08 3.278448E-08 2.474701E-08 1.313532E-08
454 2.076250E+02 5.178571E-01 2.504752E+00 1.780026E-08 5.787381E-08 2.501442E-07 6.720234E-07 1.671524E-08 2.892463E-08 3.191998E-08 2.409445E-08 1.278895E-08
455 2.081429E+02 5.178571E-01 2.504752E+00 1.733093E-08 5.634786E-08 2.435487E-07 6.543043E-07 1.627451E-08 2.816198E-08 3.107835E-08 2.345916E-08 1.245175E-08
456 2.086607E+02 5.178571E-01 2.504752E+00 1.687401E-08 5.486228E-08 2.371277E-07 6.370539E-07 1.584544E-08 2.741950E-08 3.025899E-08 2.284067E-08 1.212347E-08
457 2.091786E+02 5.178571E-01 2.504752E+00 1.642917E-08 5.341598E-08 2.308765E-07 6.202597E-07 1.542772E-08 2.669666E-08 2.946129E-08 2.223854E-08 1.180386E-08
458 2.096964E+02 5.178571E-01 2.504752E+00 1.599610E-08 5.200794E-08 2.247906E-07 6.039097E-07 1.502105E-08 2.599294E-08 2.868469E-08 2.165233E-08 1.149271E-08
459 2.102143E+02 5.178571E-01 2.504752E+00 1.557447E-08 5.063713E-08 2.188656E-07 5.879920E-07 1.462512E-08 2.530782E-08 2.792862E-08 2.108162E-08 1.118979E-08
460 2.107321E+02 5.178571E-01 2.504752E+00 1.516400E-08 4.930256E-08 2.130973E-07 5.724951E-07 1.423967E-08 2.464082E-08 2.719255E-08 2.052600E-08 1.089488E-08
461 2.112500E+02 5.178571E-01 2.504752E+00 1.476438E-08 4.800326E-08 2.074814E-07 5.574079E-07 1.386440E-08 2.399145E-08 2.647593E-08 1.998507E-08 1.060776E-08
462 2.117679E+02 5.178571E-01 2.504752E+00 1.437532E-08 4.673831E-08 2.020140E-07 5.427194E-07 1.349906E-08 2.335924E-08 2.577825E-08 1.945844E-08 1.032823E-08
463 2.122857E+02 5.178571E-01 2.504752E+00 1.399654E-08 4.550680E-08 1.966911E-07 5.284192E-07 1.314337E-08 2.274374E-08 2.509901E-08 1.894572E-08 1.005609E-08
464 2.128036E+02 5.178571E-01 2.504752E+00 1.362777E-08 4.430782E-08 1.915088E-07 5.144969E-07 1.279708E-08 2.214451E-08 2.443773E-08 1.844656E-08 9.791139E-09
465 2.133214E+02 5.178571E-01 2.504752E+00 1.326874E-08 4.314053E-08 1.864635E-07 5.009424E-07 1.245994E-08 2.156111E-08 2.379391E-08 1.796058E-08 9.533190E-09
466 2.138393E+02 5.178571E-01 2.504752E+00 1.291920E-08 4.200407E-08 1.815515E-07 4.877460E-07 1.213170E-08 2.099312E-08 2.316710E-08 1.748744E-08 9.282056E-09
467 2.143571E+02 5.178571E-01 2.504752E+00 1.257890E-08 4.089764E-08 1.767692E-07 4.748982E-07 1.181214E-08 2.044014E-08 2.255686E-08 1.702680E-08 9.037556E-09
468 2.148750E+02 5.178571E-01 2.504752E+00 1.224758E-08 3.982043E-08 1.721133E-07 4.623898E-07 1.150102E-08 1.990176E-08 2.196273E-08 1.657833E-08 8.799514E-09
469 2.153929E+02 5.178571E-01 2.504752E+00 1.192501E-08 3.877167E-08 1.675803E-07 4.502118E-07 1.119811E-08 1.937760E-08 2.138429E-08 1.614170E-08 8.567759E-09
470 2.159107E+02 5.178571E-01 2.504752E+00 1.161096E-08 3.775060E-08 1.631670E-07 4.383553E-07 1.090321E-08 1.886729E-08 2.082113E-08 1.571660E-08 8.342124E-09
471 2.164286E+02 5.178571E-01 2.504752E+00 1.130521E-08 3.675650E-08 1.588703E-07 4.268119E-07 1.061609E-08 1.837044E-08 2.027283E-08 1.530273E-08 8.122447E-09
472 2.169464E+02 5.178571E-01 2.504752E+00 1.100752E-08 3.578864E-08 1.546869E-07 4.155732E-07 1.033655E-08 1.788672E-08 1.973902E-08 1.489978E-08 7.908569E-09
473 2.174643E+02 5.178571E-01 2.504752E+00 1.071770E-08 3.484634E-08 1.506141E-07 4.046313E-07 1.006439E-08 1.741577E-08 1.921929E-08 1.450748E-08 7.700338E-09
474 2.179821E+02 5.178571E-01 2.504752E+00 1.043552E-08 3.392890E-08 1.466487E-07 3.939782E-07 9.799413E-09 1.695724E-08 1.871329E-08 1.412552E-08 7.497603E-09
475 2.185000E+02 5.178571E-01 2.504752E+00 1.016079E-08 3.303568E-08 1.427880E-07 3.836062E-07 9.541431E-09 1.651082E-08 1.822063E-08 1.375365E-08 7.300219E-09
476 2.190179E+02 5.178571E-01 2.504752E+00 9.893316E-09 3.216603E-08 1.390292E-07 3.735080E-07 9.290258E-09 1.607618E-08 1.774099E-08 1.339159E-08 7.108045E-09
477 2.195357E+02 5.178571E-01 2.504752E+00 9.632896E-09 3.131934E-08 1.353695E-07 3.636762E-07 9.045712E-09 1.565301E-08 1.727399E-08 1.303909E-08 6.920941E-09
478 2.200536E+02 5.178571E-01 2.504752E+00 9.379348E-09 3.049498E-08 1.318065E-07 3.541038E-07 8.807619E-09 1.524101E-08 1.681932E-08 1.269588E-08 6.738774E-09
479 2.205714E+02 5.178571E-01 2.504752E+00 9.132489E-09 2.969237E-08 1.283374E-07 3.447840E-07 8.575807E-09 1.483987E-08 1.637665E-08 1.236174E-08 6.561413E-09
480 2.210893E+02 5.178571E-01 2.504752E+00 8.892142E-09 2.891093E-08 1.249598E-07 3.357101E-07 8.350110E-09 1.444932E-08 1.594565E-08 1.203640E-08 6.388731E-09
481 2.216071E+02 5.178571E-01 2.504752E+00 8.658135E-09 2.815010E-08 1.216714E-07 3.268755E-07 8.130367E-09 1.406907E-08 1.552602E-08 1.171965E-08 6.220604E-09
482 2.221250E+02 5.178571E-01 2.504752E+00 8.430299E-09 2.740934E-08 1.184696E-07 3.182739E-07 7.916419E-09 1.369885E-08 1.511746E-08 1.141125E-08 6.056911E-09
483 2.226429E+02 5.178571E-01 2.504752E+00 8.208473E-09 2.668812E-08 1.153523E-07 3.098991E-07 7.708114E-09 1.333839E-08 1.471967E-08 1.111099E-08 5.897535E-09
484 2.231607E+02 5.178571E-01 2.504752E+00 7.992495E-09 2.598592E-08 1.123173E-07 3.017452E-07 7.505302E-09 1.298743E-08 1.433237E-08 1.081864E-08 5.742362E-09
485 2.236786E+02 5.178571E-01 2.504752E+00 7.782213E-09 2.530223E-08 1.093622E-07 2.938063E-07 7.307837E-09 1.264573E-08 1.395529E-08 1.053400E-08 5.591280E-09
486 2.241964E+02 5.178571E-01 2.504752E+00 7.577474E-09 2.463656E-08 1.064850E-07 2.860767E-07 7.115579E-09 1.231304E-08 1.358815E-08 1.025687E-08 5.444182E-09
487 2.247143E+02 5.178571E-01 2.504752E+00 7.378133E-09 2.398845E-08 1.036837E-07 2.785508E-07 6.928389E-09 1.198912E-08 1.323068E-08 9.987038E-09 5.300961E-09
488 2.252321E+02 5.178571E-01 2.504752E+00 7.184047E-09 2.335742E-08 1.009563E-07 2.712234E-07 6.746133E-09 1.167374E-08 1.288264E-08 9.724323E-09 5.161516E-09
489 2.257500E+02 5.178571E-01 2.504752E+00 6.995077E-09 2.274302E-08 9.830069E-08 2.640891E-07 6.568681E-09 1.136667E-08 1.254377E-08 9.468532E-09 5.025746E-09
490 2.262679E+02 5.178571E-01 2.504752E+00 6.811087E-09 2.214481E-08 9.571510E-08 2.571428E-07 6.395906E-09 1.106770E-08 1.221384E-08 9.219483E-09 4.893555E-09
491 2.267857E+02 5.178571E-01 2.504752E+00 6.631945E-09 2.156237E-08 9.319766E-08 2.503796E-07 6.227685E-09 1.077660E-08 1.189259E-08 8.976997E-09 4.764847E-09
492 2.273036E+02 5.178571E-01 2.504752E+00 6.457524E-09 2.099528E-08 9.074655E-08 2.437946E-07 6.063896E-09 1.049318E-08 1.157982E-08 8.740901E-09 4.639531E-09
493 2.278214E+02 5.178571E-01 2.504752E+00 6.287700E-09 2.044313E-08 8.836003E-08 2.373831E-07 5.904423E-09 1.021722E-08 1.127528E-08 8.511026E-09 4.517517E-09
494 2.283393E+02 5.178571E-01 2.504752E+00 6.122349E-09 1.990553E-08 8.603639E-08 2.311405E-07 5.749151E-09 9.948530E-09 1.097877E-08 8.287207E-09 4.398718E-09
495 2.288571E+02 5.178571E-01 2.504752E+00 5.961355E-09 1.938209E-08 8.377396E-08 2.250624E-07 5.597970E-09 9.686922E-09 1.069007E-08 8.069285E-09 4.283048E-09
496 2.293750E+02 5.178571E-01 2.504752E+00 5.804601E-09 1.887244E-08 8.157113E-08 2.191444E-07 5.450772E-09 9.432205E-09 1.040898E-08 7.857104E-09 4.170426E-09
497 2.298929E+02 5.178571E-01 2.504752E+00 5.651977E-09 1.837621E-08 7.942633E-08 2.133823E-07 5.307451E-09 9.184197E-09 1.013529E-08 7.650512E-09 4.060770E-09
498 2.304107E+02 5.178571E-01 2.504752E+00 5.503373E-09 1.789306E-08 7.733801E-08 2.077719E-07 5.167905E-09 8.942722E-09 9.868804E-09 7.449361E-09 3.954002E-09
499 2.309286E+02 5.178571E-01 2.504752E+00 5.358682E-09 1.742263E-08 7.530470E-08 2.023094E-07 5.032034E-09 8.707606E-09 9.609340E-09 7.253507E-09 3.850046E-09
500 2.314464E+02 5.178571E-01 2.504752E+00 5.217802E-09 1.696458E-08 7.332493E-08 1.969906E-07 4.899741E-09 8.478682E-09 9.356709E-09 7.062812E-09 3.748828E-09
501 2.319643E+02 5.178571E-01 2.504752E+00 5.080631E-09 1.651860E-08 7.139729E-08 1.918120E-07 4.770932E-09 8.255786E-09 9.110731E-09 6.877138E-09 3.650275E-09
502 2.324821E+02 5.178571E-01 2.504752E+00 4.947073E-09 1.608437E-08 6.952042E-08 1.867696E-07 4.645515E-09 8.038760E-09 8.871230E-09 6.696353E-09 3.554318E-09
503 2.330000E+02 5.178571E-01 2.504752E+00 4.817030E-09 1.566156E-08 6.769296E-08 1.818601E-07 4.523399E-09 7.827447E-09 8.638034E-09 6.520327E-09 3.460886E-09
504 2.335179E+02 5.178571E-01 2.504752E+00 4.690412E-09 1.524989E-08 6.591361E-08 1.770798E-07 4.404499E-09 7.621698E-09 8.410978E-09 6.348937E-09 3.369915E-09
505 2.340357E+02 5.178571E-01 2.504752E+00 4.567127E-09 1.484905E-08 6.418110E-08 1.724253E-07 4.288729E-09 7.421365E-09 8.189899E-09 6.182058E-09 3.281338E-09
506 2.345536E+02 5.178571E-01 2.504752E+00 4.447087E-09 1.445877E-08 6.249420E-08 1.678934E-07 4.176006E-09 7.226306E-09 7.974640E-09 6.019572E-09 3.195093E-09
507 2.350714E+02 5.178571E-01 2.504752E+00 4.330207E-09 1.407876E-08 6.085170E-08 1.634807E-07 4.066250E-09 7.036381E-09 7.765047E-09 5.861363E-09 3.111118E-09
508 2.355893E+02 5.178571E-01 2.504752E+00 4.216403E-09 1.370875E-08 5.925243E-08 1.591842E-07 3.959384E-09 6.851454E-09 7.560971E-09 5.707318E-09 3.029354E-09
509 2.361071E+02 5.178571E-01 2.504752E+00 4.105594E-09 1.334848E-08 5.769525E-08 1.550008E-07 3.855329E-09 6.671395E-09 7.362265E-09 5.557327E-09 2.949741E-09
510 2.366250E+02 5.178571E-01 2.504752E+00 3.997701E-09 1.299768E-08 5.617906E-08 1.509275E-07 3.754013E-09 6.496075E-09 7.168789E-09 5.411284E-09 2.872223E-09
511 2.371429E+02 5.178571E-01 2.504752E+00 3.892648E-09 1.265613E-08 5.470276E-08 1.469613E-07 3.655364E-09 6.325368E-09 6.980404E-09 5.269083E-09 2.796746E-09
512 2.376607E+02 5.178571E-01 2.504752E+00 3.790359E-09 1.232355E-08 5.326531E-08 1.430996E-07 3.559310E-09 6.159153E-09 6.796977E-09 5.130625E-09 2.723254E-09
513 2.381786E+02 5.178571E-01 2.504752E+00 3.690761E-09 1.199973E-08 5.186568E-08 1.393394E-07 3.465783E-09 5.997311E-09 6.618375E-09 4.995810E-09 2.651696E-09
514 2.386964E+02 5.178571E-01 2.504752E+00 3.593784E-09 1.168443E-08 5.050287E-08 1.356782E-07 3.374718E-09 5.839728E-09 6.444473E-09 4.864541E-09 2.582021E-09
515 2.392143E+02 5.178571E-01 2.504752E+00 3.499358E-09 1.137743E-08 4.917592E-08 1.321133E-07 3.286048E-09 5.686291E-09 6.275146E-09 4.736727E-09 2.514179E-09
516 2.397321E+02 5.178571E-01 2.504752E+00 3.407417E-09 1.107850E-08 4.788388E-08 1.286421E-07 3.199710E-09 5.536890E-09 6.110273E-09 4.612274E-09 2.448122E-09
517 2.402500E+02 5.178571E-01 2.504752E+00 3.317894E-09 1.078743E-08 4.662583E-08 1.252623E-07 3.115644E-09 5.391419E-09 5.949738E-09 4.491096E-09 2.383802E-09
518 2.407679E+02 5.178571E-01 2.504752E+00 3.230726E-09 1.050402E-08 4.540087E-08 1.219714E-07 3.033790E-09 5.249774E-09 5.793426E-09 4.373105E-09 2.321175E-09
519 2.412857E+02 5.178571E-01 2.504752E+00 3.145850E-09 1.022807E-08 4.420813E-08 1.187671E-07 2.954088E-09 5.111856E-09 5.641225E-09 4.258218E-09 2.260194E-09
520 2.418036E+02 5.178571E-01 2.504752E+00 3.063207E-09 9.959373E-09 4.304676E-08 1.156470E-07 2.876482E-09 4.977565E-09 5.493027E-09 4.146352E-09 2.200818E-09
521 2.423214E+02 5.178571E-01 2.504752E+00 2.982738E-09 9.697744E-09 4.191593E-08 1.126090E-07 2.800918E-09 4.846806E-09 5.348726E-09 4.037429E-09 2.143003E-09
522 2.428393E+02 5.178571E-01 2.504752E+00 2.904384E-09 9.442994E-09 4.081485E-08 1.096509E-07 2.727341E-09 4.719485E-09 5.208221E-09 3.931370E-09 2.086709E-09
523 2.433571E+02 5.178571E-01 2.504752E+00 2.828092E-09 9.194945E-09 3.974272E-08 1.067705E-07 2.655699E-09 4.595513E-09 5.071411E-09 3.828100E-09 2.031895E-09
524 2.438750E+02 5.178571E-01 2.504752E+00 2.753805E-09 8.953418E-09 3.869878E-08 1.039660E-07 2.585941E-09 4.474801E-09 4.938198E-09 3.727546E-09 1.978522E-09
525 2.443929E+02 5.178571E-01 2.504752E+00 2.681472E-09 8.718242E-09 3.768229E-08 1.012351E-07 2.518017E-09 4.357263E-09 4.808488E-09 3.629636E-09 1.926553E-09
526 2.449107E+02 5.178571E-01 2.504752E+00 2.611041E-09 8.489249E-09 3.669254E-08 9.857610E-08 2.451879E-09 4.242816E-09 4.682189E-09 3.534300E-09 1.875950E-09
527 2.454286E+02 5.178571E-01 2.504752E+00 2.542461E-09 8.266278E-09 3.572880E-08 9.598698E-08 2.387480E-09 4.131377E-09 4.559210E-09 3.441471E-09 1.826678E-09
528 2.459464E+02 5.178571E-01 2.504752E+00 2.475685E-09 8.049169E-09 3.479040E-08 9.346593E-08 2.324774E-09 4.022869E-09 4.439465E-09 3.351083E-09 1.778701E-09
529 2.464643E+02 5.178571E-01 2.504752E+00 2.410664E-09 7.837767E-09 3.387667E-08 9.101117E-08 2.263716E-09 3.917213E-09 4.322868E-09 3.263071E-09 1.731986E-09
530 2.469821E+02 5.178571E-01 2.504752E+00 2.347353E-09 7.631923E-09 3.298697E-08 8.862093E-08 2.204264E-09 3.814335E-09 4.209336E-09 3.177372E-09 1.686499E-09
531 2.475000E+02 5.178571E-01 2.504752E+00 2.285705E-09 7.431490E-09 3.212065E-08 8.629353E-08 2.146375E-09 3.714161E-09 4.098789E-09 3.093927E-09 1.642207E-09
532 2.480179E+02 5.178571E-01 2.504752E+00 2.225679E-09 7.236326E-09 3.127711E-08 8.402731E-08 2.090007E-09 3.616621E-09 3.991147E-09 3.012675E-09 1.599080E-09
533 2.485357E+02 5.178571E-01 2.504752E+00 2.167230E-09 7.046292E-09 3.045573E-08 8.182066E-08 2.035121E-09 3.521644E-09 3.886335E-09 2.933558E-09 1.557086E-09
534 2.490536E+02 5.178571E-01 2.504752E+00 2.110317E-09 6.861253E-09 2.965595E-08 7.967201E-08 1.981678E-09 3.429164E-09 3.784278E-09 2.856522E-09 1.516196E-09
535 2.495714E+02 5.178571E-01 2.504752E+00 2.054901E-09 6.681077E-09 2.887719E-08 7.757983E-08 1.929639E-09 3.339114E-09 3.684903E-09 2.781510E-09 1.476381E-09
536 2.500893E+02 5.178571E-01 2.504752E+00 2.000940E-09 6.505637E-09 2.811889E-08 7.554264E-08 1.878968E-09 3.251431E-09 3.588140E-09 2.708469E-09 1.437612E-09
537 2.506071E+02 5.178571E-01 2.504752E+00 1.948398E-09 6.334807E-09 2.738053E-08 7.355899E-08 1.829629E-09 3.166053E-09 3.493920E-09 2.637348E-09 1.399863E-09
538 2.511250E+02 5.178571E-01 2.504752E+00 1.897237E-09 6.168467E-09 2.666157E-08 7.162747E-08 1.781586E-09 3.082918E-09 3.402176E-09 2.568096E-09 1.363105E-09
539 2.516429E+02 5.178571E-01 2.504752E+00 1.847420E-09 6.006499E-09 2.596150E-08 6.974671E-08 1.734806E-09 3.001969E-09 3.312844E-09 2.500664E-09 1.327313E-09
540 2.521607E+02 5.178571E-01 2.504752E+00 1.798913E-09 5.848786E-09 2.527983E-08 6.791537E-08 1.689255E-09 2.923146E-09 3.225858E-09 2.435005E-09 1.292462E-09
541 2.526786E+02 5.178571E-01 2.504752E+00 1.751680E-09 5.695218E-09 2.461607E-08 6.613216E-08 1.644902E-09 2.846395E-09 3.141159E-09 2.371070E-09 1.258526E-09
542 2.531964E+02 5.178571E-01 2.504752E+00 1.705688E-09 5.545685E-09 2.396976E-08 6.439580E-08 1.601713E-09 2.771660E-09 3.058685E-09 2.308815E-09 1.225483E-09
543 2.537143E+02 5.178571E-01 2.504752E+00 1.660904E-09 5.400081E-09 2.334042E-08 6.270506E-08 1.559660E-09 2.698889E-09 2.978378E-09 2.248197E-09 1.193307E-09
544 2.542321E+02 5.178571E-01 2.504752E+00 1.617298E-09 5.258303E-09 2.272762E-08 6.105875E-08 1.518711E-09 2.628030E-09 2.900181E-09 2.189171E-09 1.161977E-09
545 2.547500E+02 5.178571E-01 2.504752E+00 1.574837E-09 5.120250E-09 2.213092E-08 5.945570E-08 1.478838E-09 2.559033E-09 2.824039E-09 2.131695E-09 1.131470E-09
546 2.552679E+02 5.178571E-01 2.504752E+00 1.533491E-09 4.985823E-09 2.154990E-08 5.789476E-08 1.440013E-09 2.491848E-09 2.749897E-09 2.075730E-09 1.101765E-09
547 2.557857E+02 5.178571E-01 2.504752E+00 1.493232E-09 4.854929E-09 2.098415E-08 5.637483E-08 1.402208E-09 2.426429E-09 2.677703E-09 2.021235E-09 1.072840E-09
548 2.563036E+02 5.178571E-01 2.504752E+00 1.454030E-09 4.727473E-09 2.043325E-08 5.489482E-08 1.365396E-09 2.362728E-09 2.607405E-09 1.968172E-09 1.044674E-09
549 2.568214E+02 5.178571E-01 2.504752E+00 1.415858E-09 4.603366E-09 1.989683E-08 5.345370E-08 1.329551E-09 2.300701E-09 2.538955E-09 1.916503E-09 1.017249E-09
550 2.573393E+02 5.178571E-01 2.504752E+00 1.378689E-09 4.482518E-09 1.937450E-08 5.205044E-08 1.294648E-09 2.240303E-09 2.472302E-09 1.866191E-09 9.905444E-10
551 2.578571E+02 5.178571E-01 2.504752E+00 1.342497E-09 4.364846E-09 1.886589E-08 5.068404E-08 1.260661E-09 2.181492E-09 2.407400E-09 1.817200E-09 9.645411E-10
552 2.583750E+02 5.178571E-01 2.504752E+00 1.307255E-09 4.250264E-09 1.837064E-08 4.935353E-08 1.227567E-09 2.124225E-09 2.344204E-09 1.769497E-09 9.392209E-10
553 2.588929E+02 5.178571E-01 2.504752E+00 1.272939E-09 4.138692E-09 1.788840E-08 4.805797E-08 1.195343E-09 2.068463E-09 2.282667E-09 1.723047E-09 9.145658E-10
554 2.594107E+02 5.178571E-01 2.504752E+00 1.239524E-09 4.030050E-09 1.741883E-08 4.679644E-08 1.163965E-09 2.014165E-09 2.222746E-09 1.677816E-09 8.905582E-10
555 2.599286E+02 5.178571E-01 2.504752E+00 1.206986E-09 3.924262E-09 1.696159E-08 4.556804E-08 1.133411E-09 1.961294E-09 2.164400E-09 1.633774E-09 8.671813E-10
556 2.604464E+02 5.178571E-01 2.504752E+00 1.175304E-09 3.821253E-09 1.651636E-08 4.437191E-08 1.103660E-09 1.909811E-09 2.107586E-09 1.590888E-09 8.444183E-10
557 2.609643E+02 5.178571E-01 2.504752E+00 1.144453E-09 3.720949E-09 1.608282E-08 4.320719E-08 1.074690E-09 1.859681E-09 2.052264E-09 1.549129E-09 8.222532E-10
558 2.614821E+02 5.178571E-01 2.504752E+00 1.114413E-09 3.623279E-09 1.566067E-08 4.207307E-08 1.046481E-09 1.810867E-09 1.998395E-09 1.508467E-09 8.006702E-10
559 2.620000E+02 5.178571E-01 2.504752E+00 1.085162E-09 3.528175E-09 1.524960E-08 4.096872E-08 1.019013E-09 1.763335E-09 1.945940E-09 1.468872E-09 7.796540E-10
560 2.625179E+02 5.178571E-01 2.504752E+00 1.056679E-09 3.435568E-09 1.484933E-08 3.989339E-08 9.922657E-10 1.717051E-09 1.894864E-09 1.430317E-09 7.591898E-10
561 2.630357E+02 5.178571E-01 2.504752E+00 1.028943E-09 3.345393E-09 1.445958E-08 3.884629E-08 9.662213E-10 1.671983E-09 1.845128E-09 1.392775E-09 7.392630E-10
562 2.635536E+02 5.178571E-01 2.504752E+00 1.001937E-09 3.257586E-09 1.408006E-08 3.782668E-08 9.408607E-10 1.628098E-09 1.796699E-09 1.356219E-09 7.198595E-10
563 2.640714E+02 5.178571E-01 2.504752E+00 9.756392E-10 3.172085E-09 1.371050E-08 3.683386E-08 9.161662E-10 1.585366E-09 1.749542E-09 1.320623E-09 7.009655E-10
564 2.645893E+02 5.178571E-01 2.504752E+00 9.500322E-10 3.088830E-09 1.335065E-08 3.586710E-08 8.921202E-10 1.543756E-09 1.703622E-09 1.285961E-09 6.825677E-10
565 2.651071E+02 5.178571E-01 2.504752E+00 9.250976E-10 3.007760E-09 1.300025E-08 3.492573E-08 8.687055E-10 1.503238E-09 1.658909E-09 1.252210E-09 6.646530E-10
566 2.656250E+02 5.178571E-01 2.504752E+00 9.008177E-10 2.928819E-09 1.265905E-08 3.400908E-08 8.459057E-10 1.463785E-09 1.615370E-09 1.219345E-09 6.472087E-10
567 2.661429E+02 5.178571E-01 2.504752E+00 8.771754E-10 2.851951E-09 1.232681E-08 3.311650E-08 8.237046E-10 1.425367E-09 1.572974E-09 1.187342E-09 6.302225E-10
568 2.666607E+02 5.178571E-01 2.504752E+00 8.541539E-10 2.777102E-09 1.200329E-08 3.224736E-08 8.020864E-10 1.387958E-09 1.531691E-09 1.156180E-09 6.136822E-10
569 2.671786E+02 5.178571E-01 2.504752E+00 8.317368E-10 2.704217E-09 1.168826E-08 3.140103E-08 7.810358E-10 1.351531E-09 1.491492E-09 1.125837E-09 5.975763E-10
570 2.676964E+02 5.178571E-01 2.504752E+00 8.099084E-10 2.633247E-09 1.138151E-08 3.057693E-08 7.605380E-10 1.316061E-09 1.452349E-09 1.096290E-09 5.818932E-10
571 2.682143E+02 5.178571E-01 2.504752E+00 7.886530E-10 2.564139E-09 1.108281E-08 2.977446E-08 7.405783E-10 1.281522E-09 1.414233E-09 1.067519E-09 5.666219E-10
572 2.687321E+02 5.178571E-01 2.504752E+00 7.679557E-10 2.496846E-09 1.079196E-08 2.899307E-08 7.211427E-10 1.247890E-09 1.377118E-09 1.039503E-09 5.517516E-10
573 2.692500E+02 5.178571E-01 2.504752E+00 7.478018E-10 2.431320E-09 1.050874E-08 2.823219E-08 7.022173E-10 1.215141E-09 1.340978E-09 1.012223E-09 5.372716E-10
574 2.697679E+02 5.178571E-01 2.504752E+00 7.281771E-10 2.367514E-09 1.023296E-08 2.749128E-08 6.837888E-10 1.183252E-09 1.305786E-09 9.856585E-10 5.231719E-10
575 2.702857E+02 5.178571E-01 2.504752E+00 7.090675E-10 2.305384E-09 9.964412E-09 2.676983E-08 6.658441E-10 1.152200E-09 1.271518E-09 9.597918E-10 5.094423E-10
576 2.708036E+02 5.178571E-01 2.504752E+00 6.904596E-10 2.244884E-09 9.702918E-09 2.606731E-08 6.483705E-10 1.121963E-09 1.238150E-09 9.346042E-10 4.960731E-10
577 2.713214E+02 5.178571E-01 2.504752E+00 6.723403E-10 2.185973E-09 9.448290E-09 2.538324E-08 6.313557E-10 1.092520E-09 1.205658E-09 9.100779E-10 4.830549E-10
578 2.718393E+02 5.178571E-01 2.504752E+00 6.546966E-10 2.128608E-09 9.200346E-09 2.471713E-08 6.147875E-10 1.063850E-09 1.174019E-09 8.861955E-10 4.703785E-10
579 2.723571E+02 5.178571E-01 2.504752E+00 6.375161E-10 2.072749E-09 8.958911E-09 2.406851E-08 5.986543E-10 1.035932E-09 1.143210E-09 8.629399E-10 4.580348E-10
580 2.728750E+02 5.178571E-01 2.504752E+00 6.207866E-10 2.018357E-09 8.723814E-09 2.343691E-08 5.829446E-10 1.008747E-09 1.113210E-09 8.402949E-10 4.460152E-10
581 2.733929E+02 5.178571E-01 2.504752E+00 6.044962E-10 1.965392E-09 8.494888E-09 2.282189E-08 5.676473E-10 9.822765E-10 1.083998E-09 8.182444E-10 4.343111E-10
582 2.739107E+02 5.178571E-01 2.504752E+00 5.886335E-10 1.913818E-09 8.271972E-09 2.222301E-08 5.527515E-10 9.565003E-10 1.055553E-09 7.967726E-10 4.229143E-10
583 2.744286E+02 5.178571E-01 2.504752E+00 5.731872E-10 1.863598E-09 8.054907E-09 2.163986E-08 5.382468E-10 9.314008E-10 1.027854E-09 7.758645E-10 4.118166E-10
584 2.749464E+02 5.178571E-01 2.504752E+00 5.581463E-10 1.814695E-09 7.843540E-09 2.107201E-08 5.241227E-10 9.069601E-10 1.000882E-09 7.555052E-10 4.010102E-10
585 2.754643E+02 5.178571E-01 2.504752E+00 5.435003E-10 1.767077E-09 7.637722E-09 2.051907E-08 5.103695E-10 8.831610E-10 9.746186E-10 7.356804E-10 3.904875E-10
586 2.759821E+02 5.178571E-01 2.504752E+00 5.292387E-10 1.720708E-09 7.437306E-09 1.998065E-08 4.969772E-10 8.599866E-10 9.490443E-10 7.163759E-10 3.802409E-10
587 2.765000E+02 5.178571E-01 2.504752E+00 5.153514E-10 1.675557E-09 7.242150E-09 1.945635E-08 4.839365E-10 8.374205E-10 9.241412E-10 6.975781E-10 3.702634E-10
588 2.770179E+02 5.178571E-01 2.504752E+00 5.018286E-10 1.631590E-09 7.052117E-09 1.894582E-08 4.712381E-10 8.154466E-10 8.998919E-10 6.792737E-10 3.605477E-10
589 2.775357E+02 5.178571E-01 2.504752E+00 4.886608E-10 1.588778E-09 6.867072E-09 1.844869E-08 4.588729E-10 7.940496E-10 8.762790E-10 6.614498E-10 3.510871E-10
590 2.780536E+02 5.178571E-01 2.504752E+00 4.758386E-10 1.547089E-09 6.686883E-09 1.796460E-08 4.468323E-10 7.732141E-10 8.532859E-10 6.440937E-10 3.418747E-10
591 2.785714E+02 5.178571E-01 2.504752E+00 4.633529E-10 1.506495E-09 6.511424E-09 1.749323E-08 4.351078E-10 7.529255E-10 8.308963E-10 6.271931E-10 3.329042E-10
592 2.790893E+02 5.178571E-01 2.504752E+00 4.511950E-10 1.466966E-09 6.340571E-09 1.703422E-08 4.236909E-10 7.331695E-10 8.090943E-10 6.107362E-10 3.241691E-10
593 2.796071E+02 5.178571E-01 2.504752E+00 4.393561E-10 1.428474E-09 6.174201E-09 1.658726E-08 4.125737E-10 7.139319E-10 7.878646E-10 5.947111E-10 3.156632E-10
594 2.801250E+02 5.178571E-01 2.504752E+00 4.278280E-10 1.390993E-09 6.012198E-09 1.615203E-08 4.017483E-10 6.951992E-10 7.671920E-10 5.791067E-10 3.073806E-10
