0 -2.748214E+01 5.178571E-01 5.800001E+00 0.000000E+00 0.000000E+00 0.000000E+00 0.000000E+00 0.000000E+00 0.000000E+00 0.000000E+00 0.000000E+00 0.000000E+00
1 -2.696429E+01 5.178571E-01 7.747934E+00 0.000000E+00 0.000000E+00 0.000000E+00 0.000000E+00 0.000000E+00 0.000000E+00 0.000000E+00 0.000000E+00 0.000000E+00
2 -2.644643E+01 5.178571E-01 9.977890E+00 0.000000E+00 0.000000E+00 0.000000E+00 0.000000E+00 0.000000E+00 0.000000E+00 0.000000E+00 0.000000E+00 0.000000E+00
3 -2.592857E+01 5.178571E-01 1.270145E+01 0.000000E+00 0.000000E+00 0.000000E+00 0.000000E+00 0.000000E+00 0.000000E+00 0.000000E+00 0.000000E+00 0.000000E+00
4 -2.541071E+01 5.178571E-01 1.297803E+01 0.000000E+00 0.000000E+00 0.000000E+00 0.000000E+00 0.000000E+00 0.000000E+00 0.000000E+00 0.000000E+00 0.000000E+00
5 -2.489286E+01 5.178571E-01 1.050289E+01 0.000000E+00 0.000000E+00 0.000000E+00 0.000000E+00 0.000000E+00 0.000000E+00 0.000000E+00 0.000000E+00 0.000000E+00
6 -2.437500E+01 5.178571E-01 8.523362E+00 0.000000E+00 0.000000E+00 0.000000E+00 0.000000E+00 0.000000E+00 0.000000E+00 0.000000E+00 0.000000E+00 0.000000E+00
7 -2.385714E+01 5.178571E-01 7.994298E+00 0.000000E+00 0.000000E+00 0.000000E+00 0.000000E+00 0.000000E+00 0.000000E+00 0.000000E+00 0.000000E+00 0.000000E+00
8 -2.333929E+01 5.178571E-01 7.311944E+00 0.000000E+00 0.000000E+00 0.000000E+00 0.000000E+00 0.000000E+00 0.000000E+00 0.000000E+00 0.000000E+00 0.000000E+00
9 -2.282143E+01 5.178571E-01 6.594895E+00 0.000000E+00 0.000000E+00 0.000000E+00 0.000000E+00 0.000000E+00 0.000000E+00 0.000000E+00 0.000000E+00 0.000000E+00
10 -2.230357E+01 5.178571E-01 5.750926E+00 0.000000E+00 0.000000E+00 0.000000E+00 0.000000E+00 0.000000E+00 0.000000E+00 0.000000E+00 0.000000E+00 0.000000E+00
11 -2.178571E+01 5.178571E-01 4.803650E+00 0.000000E+00 0.000000E+00 0.000000E+00 0.000000E+00 0.000000E+00 0.000000E+00 0.000000E+00 0.000000E+00 0.000000E+00
12 -2.126786E+01 5.178571E-01 4.161025E+00 0.000000E+00 0.000000E+00 0.000000E+00 0.000000E+00 0.000000E+00 0.000000E+00 0.000000E+00 0.000000E+00 0.000000E+00
13 -2.075000E+01 5.178571E-01 3.756400E+00 0.000000E+00 0.000000E+00 0.000000E+00 0.000000E+00 0.000000E+00 0.000000E+00 0.000000E+00 0.000000E+00 0.000000E+00
14 -2.023214E+01 5.178571E-01 3.492180E+00 0.000000E+00 0.000000E+00 0.000000E+00 0.000000E+00 0.000000E+00 0.000000E+00 0.000000E+00 0.000000E+00 0.000000E+00
15 -1.971429E+01 5.178571E-01 3.322720E+00 0.000000E+00 0.000000E+00 0.000000E+00 0.000000E+00 0.000000E+00 0.000000E+00 0.000000E+00 0.000000E+00 0.000000E+00
16 -1.919643E+01 5.178571E-01 3.051156E+00 0.000000E+00 0.000000E+00 0.000000E+00 0.000000E+00 0.000000E+00 0.000000E+00 0.000000E+00 0.000000E+00 0.000000E+00
17 -1.867857E+01 5.178571E-01 2.738620E+00 0.000000E+00 0.000000E+00 0.000000E+00 0.000000E+00 0.000000E+00 0.000000E+00 0.000000E+00 0.000000E+00 0.000000E+00
18 -1.816071E+01 5.178571E-01 2.454352E+00 0.000000E+00 0.000000E+00 0.000000E+00 0.000000E+00 0.000000E+00 0.000000E+00 0.000000E+00 0.000000E+00 0.000000E+00
19 -1.764286E+01 5.178571E-01 2.206633E+00 0.000000E+00 0.000000E+00 0.000000E+00 0.000000E+00 0.000000E+00 0.000000E+00 0.000000E+00 0.000000E+00 0.000000E+00
20 -1.712500E+01 5.178571E-01 2.189555E+00 0.000000E+00 0.000000E+00 0.000000E+00 0.000000E+00 0.000000E+00 0.000000E+00 0.000000E+00 0.000000E+00 0.000000E+00
21 -1.660714E+01 5.178571E-01 2.244502E+00 0.000000E+00 0.000000E+00 0.000000E+00 0.000000E+00 0.000000E+00 0.000000E+00 0.000000E+00 0.000000E+00 0.000000E+00
22 -1.608929E+01 5.178571E-01 2.166557E+00 0.000000E+00 0.000000E+00 0.000000E+00 0.000000E+00 0.000000E+00 0.000000E+00 0.000000E+00 0.000000E+00 0.000000E+00
23 -1.557143E+01 5.178571E-01 2.057539E+00 0.000000E+00 0.000000E+00 0.000000E+00 0.000000E+00 0.000000E+00 0.000000E+00 0.000000E+00 0.000000E+00 0.000000E+00
24 -1.505357E+01 5.178571E-01 2.175718E+00 0.000000E+00 0.000000E+00 0.000000E+00 0.000000E+00 0.000000E+00 0.000000E+00 0.000000E+00 0.000000E+00 0.000000E+00
25 -1.453571E+01 5.178571E-01 2.303752E+00 0.000000E+00 0.000000E+00 0.000000E+00 0.000000E+00 0.000000E+00 0.000000E+00 0.000000E+00 0.000000E+00 0.000000E+00
26 -1.401786E+01 5.178571E-01 2.423842E+00 0.000000E+00 0.000000E+00 0.000000E+00 0.000000E+00 0.000000E+00 0.000000E+00 0.000000E+00 0.000000E+00 0.000000E+00
27 -1.350000E+01 5.178571E-01 2.504752E+00 0.000000E+00 0.000000E+00 0.000000E+00 0.000000E+00 0.000000E+00 0.000000E+00 0.000000E+00 0.000000E+00 0.000000E+00
28 -1.298214E+01 5.178571E-01 2.504752E+00 0.000000E+00 0.000000E+00 0.000000E+00 0.000000E+00 0.000000E+00 0.000000E+00 0.000000E+00 0.000000E+00 0.000000E+00
29 -1.246429E+01 5.178571E-01 2.504752E+00 0.000000E+00 0.000000E+00 0.000000E+00 0.000000E+00 0.000000E+00 0.000000E+00 0.000000E+00 0.000000E+00 0.000000E+00
30 -1.194643E+01 5.178571E-01 2.504752E+00 0.000000E+00 0.000000E+00 0.000000E+00 0.000000E+00 0.000000E+00 0.000000E+00 0.000000E+00 0.000000E+00 0.000000E+00
31 -1.142857E+01 5.178571E-01 2.504752E+00 0.000000E+00 0.000000E+00 0.000000E+00 0.000000E+00 0.000000E+00 0.000000E+00 0.000000E+00 0.000000E+00 0.000000E+00
32 -1.091071E+01 5.178571E-01 2.504752E+00 0.000000E+00 0.000000E+00 0.000000E+00 0.000000E+00 0.000000E+00 0.000000E+00 0.000000E+00 0.000000E+00 0.000000E+00
33 -1.039286E+01 5.178571E-01 2.504752E+00 0.000000E+00 0.000000E+00 0.000000E+00 0.000000E+00 0.000000E+00 0.000000E+00 0.000000E+00 0.000000E+00 0.000000E+00
34 -9.875000E+00 5.178571E-01 2.504752E+00 0.000000E+00 0.000000E+00 0.000000E+00 0.000000E+00 0.000000E+00 0.000000E+00 0.000000E+00 0.000000E+00 0.000000E+00
35 -9.357143E+00 5.178571E-01 2.504752E+00 0.000000E+00 0.000000E+00 0.000000E+00 0.000000E+00 0.000000E+00 0.000000E+00 0.000000E+00 0.000000E+00 0.000000E+00
36 -8.839286E+00 5.178571E-01 2.504752E+00 0.000000E+00 0.000000E+00 0.000000E+00 0.000000E+00 0.000000E+00 0.000000E+00 0.000000E+00 0.000000E+00 0.000000E+00
37 -8.321429E+00 5.178571E-01 2.504752E+00 0.000000E+00 0.000000E+00 0.000000E+00 0.000000E+00 0.000000E+00 0.000000E+00 0.000000E+00 0.000000E+00 0.000000E+00
38 -7.803571E+00 5.178571E-01 2.504752E+00 1.105413E-01 1.198005E-01 1.294515E-01 1.304165E-01 1.094608E-01 9.099339E-02 6.170164E-02 3.181655E-02 1.503192E-02
39 -7.285714E+00 5.178571E-01 2.504752E+00 1.105413E-01 1.198005E-01 1.294515E-01 1.304165E-01 1.094608E-01 9.099339E-02 6.170164E-02 3.181655E-02 1.503192E-02
40 -6.767857E+00 5.178571E-01 2.504752E+00 1.105413E-01 1.198005E-01 1.294515E-01 1.304165E-01 1.094608E-01 9.099339E-02 6.170164E-02 3.181655E-02 1.503192E-02
41 -6.250000E+00 5.178571E-01 2.504752E+00 1.105413E-01 1.198005E-01 1.294515E-01 1.304165E-01 1.094608E-01 9.099339E-02 6.170164E-02 3.181655E-02 1.503192E-02
42 -5.732143E+00 5.178571E-01 2.504752E+00 1.105413E-01 1.198005E-01 1.294515E-01 1.304165E-01 1.094608E-01 9.099339E-02 6.170164E-02 3.181655E-02 1.503192E-02
43 -5.214286E+00 5.178571E-01 2.504752E+00 1.105413E-01 1.198005E-01 1.294515E-01 1.304165E-01 1.094608E-01 9.099339E-02 6.170164E-02 3.181655E-02 1.503192E-02
44 -4.696429E+00 5.178571E-01 2.504752E+00 1.105413E-01 1.198005E-01 1.294515E-01 1.304165E-01 1.094608E-01 9.099339E-02 6.170164E-02 3.181655E-02 1.503192E-02
45 -4.178571E+00 5.178571E-01 2.504752E+00 1.105413E-01 1.198005E-01 1.294515E-01 1.304165E-01 1.094608E-01 9.099339E-02 6.170164E-02 3.181655E-02 1.503192E-02
46 -3.660714E+00 5.178571E-01 2.504752E+00 1.105413E-01 1.198005E-01 1.294515E-01 1.304165E-01 1.094608E-01 9.099339E-02 6.170164E-02 3.181655E-02 1.503192E-02
47 -3.142857E+00 5.178571E-01 2.504752E+00 1.105413E-01 1.198005E-01 1.294515E-01 1.304165E-01 1.094608E-01 9.099339E-02 6.170164E-02 3.181655E-02 1.503192E-02
48 -2.625000E+00 5.178571E-01 2.504752E+00 1.105413E-01 1.198005E-01 1.294515E-01 1.304165E-01 1.094608E-01 9.099339E-02 6.170164E-02 3.181655E-02 1.503192E-02
49 -2.107143E+00 5.178571E-01 2.504752E+00 1.105413E-01 1.198005E-01 1.294515E-01 1.304165E-01 1.094608E-01 9.099339E-02 6.170164E-02 3.181655E-02 1.503192E-02
50 -1.589286E+00 5.178571E-01 2.504752E+00 1.105413E-01 1.198005E-01 1.294515E-01 1.304165E-01 1.094608E-01 9.099339E-02 6.170164E-02 3.181655E-02 1.503192E-02
51 -1.071429E+00 5.178571E-01 2.504752E+00 1.105413E-01 1.198005E-01 1.294515E-01 1.304165E-01 1.094608E-01 9.099339E-02 6.170164E-02 3.181655E-02 1.503192E-02
52 -5.535714E-01 5.178571E-01 2.504752E+00 1.105413E-01 1.198005E-01 1.294515E-01 1.304165E-01 1.094608E-01 9.099339E-02 6.170164E-02 3.181655E-02 1.503192E-02
53 -3.571429E-02 5.178571E-01 2.504752E+00 1.105413E-01 1.198005E-01 1.294515E-01 1.304165E-01 1.094608E-01 9.099339E-02 6.170164E-02 3.181655E-02 1.503192E-02
54 4.821429E-01 5.178571E-01 2.504752E+00 1.105413E-01 1.198005E-01 1.294515E-01 1.304165E-01 1.094608E-01 9.099339E-02 6.170164E-02 3.181655E-02 1.503192E-02
55 1.000000E+00 5.178571E-01 2.504752E+00 1.105413E-01 1.198005E-01 1.294515E-01 1.304165E-01 1.094608E-01 9.099339E-02 6.170164E-02 3.181655E-02 1.503192E-02
56 1.517857E+00 5.178571E-01 2.504752E+00 1.105413E-01 1.198005E-01 1.294515E-01 1.304165E-01 1.094608E-01 9.099339E-02 6.170164E-02 3.181655E-02 1.503192E-02
57 2.035714E+00 5.178571E-01 2.504752E+00 1.105413E-01 1.198005E-01 1.294515E-01 1.304165E-01 1.094608E-01 9.099339E-02 6.170164E-02 3.181655E-02 1.503192E-02
58 2.553571E+00 5.178571E-01 2.504752E+00 1.105413E-01 1.198005E-01 1.294515E-01 1.304165E-01 1.094608E-01 9.099339E-02 6.170164E-02 3.181655E-02 1.503192E-02
59 3.071429E+00 5.178571E-01 2.504752E+00 1.105413E-01 1.198005E-01 1.294515E-01 1.304165E-01 1.094608E-01 9.099339E-02 6.170164E-02 3.181655E-02 1.503192E-02
60 3.589286E+00 5.178571E-01 2.504752E+00 1.105413E-01 1.198005E-01 1.294515E-01 1.304165E-01 1.094608E-01 9.099339E-02 6.170164E-02 3.181655E-02 1.503192E-02
61 4.107143E+00 5.178571E-01 2.504752E+00 1.105413E-01 1.198005E-01 1.294515E-01 1.304165E-01 1.094608E-01 9.099339E-02 6.170164E-02 3.181655E-02 1.503192E-02
62 4.625000E+00 5.178571E-01 2.504752E+00 1.105413E-01 1.198005E-01 1.294515E-01 1.304165E-01 1.094608E-01 9.099339E-02 6.170164E-02 3.181655E-02 1.503192E-02
63 5.142857E+00 5.178571E-01 2.504752E+00 1.105413E-01 1.198005E-01 1.294515E-01 1.304165E-01 1.094608E-01 9.099339E-02 6.170164E-02 3.181655E-02 1.503192E-02
64 5.660714E+00 5.178571E-01 2.504752E+00 1.105413E-01 1.198005E-01 1.294515E-01 1.304165E-01 1.094608E-01 9.099339E-02 6.170164E-02 3.181655E-02 1.503192E-02
65 6.178571E+00 5.178571E-01 2.504752E+00 1.105413E-01 1.198005E-01 1.294515E-01 1.304165E-01 1.094608E-01 9.099339E-02 6.170164E-02 3.181655E-02 1.503192E-02
66 6.696429E+00 5.178571E-01 2.504752E+00 1.105413E-01 1.198005E-01 1.294515E-01 1.304165E-01 1.094608E-01 9.099339E-02 6.170164E-02 3.181655E-02 1.503192E-02
67 7.214286E+00 5.178571E-01 2.504752E+00 1.105413E-01 1.198005E-01 1.294515E-01 1.304165E-01 1.094608E-01 9.099339E-02 6.170164E-02 3.181655E-02 1.503192E-02
68 7.732143E+00 5.178571E-01 2.504752E+00 1.105413E-01 1.198005E-01 1.294515E-01 1.304165E-01 1.094608E-01 9.099339E-02 6.170164E-02 3.181655E-02 1.503192E-02
69 8.250000E+00 5.178571E-01 2.504752E+00 1.105413E-01 1.198005E-01 1.294515E-01 1.304165E-01 1.094608E-01 9.099339E-02 6.170164E-02 3.181655E-02 1.503192E-02
70 8.767857E+00 5.178571E-01 2.504752E+00 1.105413E-01 1.198005E-01 1.294515E-01 1.304165E-01 1.094608E-01 9.099339E-02 6.170164E-02 3.181655E-02 1.503192E-02
71 9.285714E+00 5.178571E-01 2.504752E+00 1.105413E-01 1.198005E-01 1.294515E-01 1.304165E-01 1.094608E-01 9.099339E-02 6.170164E-02 3.181655E-02 1.503192E-02
72 9.803571E+00 5.178571E-01 2.504752E+00 1.105413E-01 1.198005E-01 1.294515E-01 1.304165E-01 1.094608E-01 9.099339E-02 6.170164E-02 3.181655E-02 1.503192E-02
73 1.032143E+01 5.178571E-01 2.504752E+00 1.105413E-01 1.198005E-01 1.294515E-01 1.304165E-01 1.094608E-01 9.099339E-02 6.170164E-02 3.181655E-02 1.503192E-02
74 1.083929E+01 5.178571E-01 2.504752E+00 1.105413E-01 1.198005E-01 1.294515E-01 1.304165E-01 1.094608E-01 9.099339E-02 6.170164E-02 3.181655E-02 1.503192E-02
75 1.135714E+01 5.178571E-01 2.504752E+00 1.105413E-01 1.198005E-01 1.294515E-01 1.304165E-01 1.094608E-01 9.099339E-02 6.170164E-02 3.181655E-02 1.503192E-02
76 1.187500E+01 5.178571E-01 2.504752E+00 1.105413E-01 1.198005E-01 1.294515E-01 1.304165E-01 1.094608E-01 9.099339E-02 6.170164E-02 3.181655E-02 1.503192E-02
77 1.239286E+01 5.178571E-01 2.504752E+00 1.105413E-01 1.198005E-01 1.294515E-01 1.304165E-01 1.094608E-01 9.099339E-02 6.170164E-02 3.181655E-02 1.503192E-02
78 1.291071E+01 5.178571E-01 2.504752E+00 1.105413E-01 1.198005E-01 1.294515E-01 1.304165E-01 1.094608E-01 9.099339E-02 6.170164E-02 3.181655E-02 1.503192E-02
79 1.342857E+01 5.178571E-01 2.504752E+00 1.105413E-01 1.198005E-01 1.294515E-01 1.304165E-01 1.094608E-01 9.099339E-02 6.170164E-02 3.181655E-02 1.503192E-02
80 1.394643E+01 5.178571E-01 2.504752E+00 1.105413E-01 1.198005E-01 1.294515E-01 1.304165E-01 1.094608E-01 9.099339E-02 6.170164E-02 3.181655E-02 1.503192E-02
81 1.446429E+01 5.178571E-01 2.504752E+00 1.105413E-01 1.198005E-01 1.294515E-01 1.304165E-01 1.094608E-01 9.099339E-02 6.170164E-02 3.181655E-02 1.503192E-02
82 1.498214E+01 5.178571E-01 2.504752E+00 1.105413E-01 1.198005E-01 1.294515E-01 1.304165E-01 1.094608E-01 9.099339E-02 6.170164E-02 3.181655E-02 1.503192E-02
83 1.550000E+01 5.178571E-01 2.504752E+00 1.105413E-01 1.198005E-01 1.294515E-01 1.304165E-01 1.094608E-01 9.099339E-02 6.170164E-02 3.181655E-02 1.503192E-02
84 1.601786E+01 5.178571E-01 2.504752E+00 1.105413E-01 1.198005E-01 1.294515E-01 1.304165E-01 1.094608E-01 9.099339E-02 6.170164E-02 3.181655E-02 1.503192E-02
85 1.653571E+01 5.178571E-01 2.504752E+00 1.105413E-01 1.198005E-01 1.294515E-01 1.304165E-01 1.094608E-01 9.099339E-02 6.170164E-02 3.181655E-02 1.503192E-02
86 1.705357E+01 5.178571E-01 2.504752E+00 1.105413E-01 1.198005E-01 1.294515E-01 1.304165E-01 1.094608E-01 9.099339E-02 6.170164E-02 3.181655E-02 1.503192E-02
87 1.757143E+01 5.178571E-01 2.504752E+00 1.105413E-01 1.198005E-01 1.294515E-01 1.304165E-01 1.094608E-01 9.099339E-02 6.170164E-02 3.181655E-02 1.503192E-02
88 1.808929E+01 5.178571E-01 2.504752E+00 1.105413E-01 1.198005E-01 1.294515E-01 1.304165E-01 1.094608E-01 9.099339E-02 6.170164E-02 3.181655E-02 1.503192E-02
89 1.860714E+01 5.178571E-01 2.504752E+00 1.105413E-01 1.198005E-01 1.294515E-01 1.304165E-01 1.094608E-01 9.099339E-02 6.170164E-02 3.181655E-02 1.503192E-02
90 1.912500E+01 5.178571E-01 2.504752E+00 2.215291E-02 2.400851E-02 2.594261E-02 2.613598E-02 2.193639E-02 1.823544E-02 1.236526E-02 6.376163E-03 3.012458E-03
91 1.964286E+01 5.178571E-01 2.504752E+00 2.215291E-02 2.400851E-02 2.594261E-02 2.613598E-02 2.193639E-02 1.823544E-02 1.236526E-02 6.376163E-03 3.012458E-03
92 2.016071E+01 5.178571E-01 2.504752E+00 2.215291E-02 2.400851E-02 2.594261E-02 2.613598E-02 2.193639E-02 1.823544E-02 1.236526E-02 6.376163E-03 3.012458E-03
93 2.067857E+01 5.178571E-01 2.504752E+00 2.215291E-02 2.400851E-02 2.594261E-02 2.613598E-02 2.193639E-02 1.823544E-02 1.236526E-02 6.376163E-03 3.012458E-03
94 2.119643E+01 5.178571E-01 2.504752E+00 2.215291E-02 2.400851E-02 2.594261E-02 2.613598E-02 2.193639E-02 1.823544E-02 1.236526E-02 6.376163E-03 3.012458E-03
95 2.171429E+01 5.178571E-01 2.504752E+00 2.215291E-02 2.400851E-02 2.594261E-02 2.613598E-02 2.193639E-02 1.823544E-02 1.236526E-02 6.376163E-03 3.012458E-03
96 2.223214E+01 5.178571E-01 2.504752E+00 2.215291E-02 2.400851E-02 2.594261E-02 2.613598E-02 2.193639E-02 1.823544E-02 1.236526E-02 6.376163E-03 3.012458E-03
97 2.275000E+01 5.178571E-01 2.504752E+00 2.215291E-02 2.400851E-02 2.594261E-02 2.613598E-02 2.193639E-02 1.823544E-02 1.236526E-02 6.376163E-03 3.012458E-03
98 2.326786E+01 5.178571E-01 2.504752E+00 2.215291E-02 2.400851E-02 2.594261E-02 2.613598E-02 2.193639E-02 1.823544E-02 1.236526E-02 6.376163E-03 3.012458E-03
99 2.378571E+01 5.178571E-01 2.504752E+00 2.215291E-02 2.400851E-02 2.594261E-02 2.613598E-02 2.193639E-02 1.823544E-02 1.236526E-02 6.376163E-03 3.012458E-03
100 2.430357E+01 5.178571E-01 2.504752E+00 2.215291E-02 2.400851E-02 2.594261E-02 2.613598E-02 2.193639E-02 1.823544E-02 1.236526E-02 6.376163E-03 3.012458E-03
101 2.482143E+01 5.178571E-01 2.504752E+00 2.215291E-02 2.400851E-02 2.594261E-02 2.613598E-02 2.193639E-02 1.823544E-02 1.236526E-02 6.376163E-03 3.012458E-03
102 2.533929E+01 5.178571E-01 2.504752E+00 2.215291E-02 2.400851E-02 2.594261E-02 2.613598E-02 2.193639E-02 1.823544E-02 1.236526E-02 6.376163E-03 3.012458E-03
103 2.585714E+01 5.178571E-01 2.504752E+00 2.215291E-02 2.400851E-02 2.594261E-02 2.613598E-02 2.193639E-02 1.823544E-02 1.236526E-02 6.376163E-03 3.012458E-03
104 2.637500E+01 5.178571E-01 2.504752E+00 2.215291E-02 2.400851E-02 2.594261E-02 2.613598E-02 2.193639E-02 1.823544E-02 1.236526E-02 6.376163E-03 3.012458E-03
105 2.689286E+01 5.178571E-01 2.504752E+00 2.215291E-02 2.400851E-02 2.594261E-02 2.613598E-02 2.193639E-02 1.823544E-02 1.236526E-02 6.376163E-03 3.012458E-03
106 2.741071E+01 5.178571E-01 2.504752E+00 2.215291E-02 2.400851E-02 2.594261E-02 2.613598E-02 2.193639E-02 1.823544E-02 1.236526E-02 6.376163E-03 3.012458E-03
107 2.792857E+01 5.178571E-01 2.504752E+00 2.215291E-02 2.400851E-02 2.594261E-02 2.613598E-02 2.193639E-02 1.823544E-02 1.236526E-02 6.376163E-03 3.012458E-03
108 2.844643E+01 5.178571E-01 2.504752E+00 2.215291E-02 2.400851E-02 2.594261E-02 2.613598E-02 2.193639E-02 1.823544E-02 1.236526E-02 6.376163E-03 3.012458E-03
109 2.896429E+01 5.178571E-01 2.504752E+00 2.215291E-02 2.400851E-02 2.594261E-02 2.613598E-02 2.193639E-02 1.823544E-02 1.236526E-02 6.376163E-03 3.012458E-03
110 2.948214E+01 5.178571E-01 2.504752E+00 2.215291E-02 2.400851E-02 2.594261E-02 2.613598E-02 2.193639E-02 1.823544E-02 1.236526E-02 6.376163E-03 3.012458E-03
111 3.000000E+01 5.178571E-01 2.504752E+00 2.215291E-02 2.400851E-02 2.594261E-02 2.613598E-02 2.193639E-02 1.823544E-02 1.236526E-02 6.376163E-03 3.012458E-03
112 3.051786E+01 5.178571E-01 2.504752E+00 2.215291E-02 2.400851E-02 2.594261E-02 2.613598E-02 2.193639E-02 1.823544E-02 1.236526E-02 6.376163E-03 3.012458E-03
113 3.103571E+01 5.178571E-01 2.504752E+00 2.215291E-02 2.400851E-02 2.594261E-02 2.613598E-02 2.193639E-02 1.823544E-02 1.236526E-02 6.376163E-03 3.012458E-03
114 3.155357E+01 5.178571E-01 2.504752E+00 2.215291E-02 2.400851E-02 2.594261E-02 2.613598E-02 2.193639E-02 1.823544E-02 1.236526E-02 6.376163E-03 3.012458E-03
115 3.207143E+01 5.178571E-01 2.504752E+00 2.215291E-02 2.400851E-02 2.594261E-02 2.613598E-02 2.193639E-02 1.823544E-02 1.236526E-02 6.376163E-03 3.012458E-03
116 3.258929E+01 5.178571E-01 2.504752E+00 2.215291E-02 2.400851E-02 2.594261E-02 2.613598E-02 2.193639E-02 1.823544E-02 1.236526E-02 6.376163E-03 3.012458E-03
117 3.310714E+01 5.178571E-01 2.504752E+00 2.215291E-02 2.400851E-02 2.594261E-02 2.613598E-02 2.193639E-02 1.823544E-02 1.236526E-02 6.376163E-03 3.012458E-03
118 3.362500E+01 5.178571E-01 2.504752E+00 2.215291E-02 2.400851E-02 2.594261E-02 2.613598E-02 2.193639E-02 1.823544E-02 1.236526E-02 6.376163E-03 3.012458E-03
119 3.414286E+01 5.178571E-01 2.504752E+00 2.215291E-02 2.400851E-02 2.594261E-02 2.613598E-02 2.193639E-02 1.823544E-02 1.236526E-02 6.376163E-03 3.012458E-03
120 3.466071E+01 5.178571E-01 2.504752E+00 2.215291E-02 2.400851E-02 2.594261E-02 2.613598E-02 2.193639E-02 1.823544E-02 1.236526E-02 6.376163E-03 3.012458E-03
121 3.517857E+01 5.178571E-01 2.504752E+00 2.215291E-02 2.400851E-02 2.594261E-02 2.613598E-02 2.193639E-02 1.823544E-02 1.236526E-02 6.376163E-03 3.012458E-03
122 3.569643E+01 5.178571E-01 2.504752E+00 2.215291E-02 2.400851E-02 2.594261E-02 2.613598E-02 2.193639E-02 1.823544E-02 1.236526E-02 6.376163E-03 3.012458E-03
123 3.621429E+01 5.178571E-01 2.504752E+00 2.215291E-02 2.400851E-02 2.594261E-02 2.613598E-02 2.193639E-02 1.823544E-02 1.236526E-02 6.376163E-03 3.012458E-03
124 3.673214E+01 5.178571E-01 2.504752E+00 2.215291E-02 2.400851E-02 2.594261E-02 2.613598E-02 2.193639E-02 1.823544E-02 1.236526E-02 6.376163E-03 3.012458E-03
125 3.725000E+01 5.178571E-01 2.504752E+00 2.215291E-02 2.400851E-02 2.594261E-02 2.613598E-02 2.193639E-02 1.823544E-02 1.236526E-02 6.376163E-03 3.012458E-03
126 3.776786E+01 5.178571E-01 2.504752E+00 2.215291E-02 2.400851E-02 2.594261E-02 2.613598E-02 2.193639E-02 1.823544E-02 1.236526E-02 6.376163E-03 3.012458E-03
127 3.828571E+01 5.178571E-01 2.504752E+00 2.215291E-02 2.400851E-02 2.594261E-02 2.613598E-02 2.193639E-02 1.823544E-02 1.236526E-02 6.376163E-03 3.012458E-03
128 3.880357E+01 5.178571E-01 2.504752E+00 2.215291E-02 2.400851E-02 2.594261E-02 2.613598E-02 2.193639E-02 1.823544E-02 1.236526E-02 6.376163E-03 3.012458E-03
129 3.932143E+01 5.178571E-01 2.504752E+00 2.215291E-02 2.400851E-02 2.594261E-02 2.613598E-02 2.193639E-02 1.823544E-02 1.236526E-02 6.376163E-03 3.012458E-03
130 3.983929E+01 5.178571E-01 2.504752E+00 2.215291E-02 2.400851E-02 2.594261E-02 2.613598E-02 2.193639E-02 1.823544E-02 1.236526E-02 6.376163E-03 3.012458E-03
131 4.035714E+01 5.178571E-01 2.504752E+00 2.215291E-02 2.400851E-02 2.594261E-02 2.613598E-02 2.193639E-02 1.823544E-02 1.236526E-02 6.376163E-03 3.012458E-03
132 4.087500E+01 5.178571E-01 2.504752E+00 2.215291E-02 2.400851E-02 2.594261E-02 2.613598E-02 2.193639E-02 1.823544E-02 1.236526E-02 6.376163E-03 3.012458E-03
133 4.139286E+01 5.178571E-01 2.504752E+00 2.215291E-02 2.400851E-02 2.594261E-02 2.613598E-02 2.193639E-02 1.823544E-02 1.236526E-02 6.376163E-03 3.012458E-03
134 4.191071E+01 5.178571E-01 2.504752E+00 2.215291E-02 2.400851E-02 2.594261E-02 2.613598E-02 2.193639E-02 1.823544E-02 1.236526E-02 6.376163E-03 3.012458E-03
135 4.242857E+01 5.178571E-01 2.504752E+00 2.215291E-02 2.400851E-02 2.594261E-02 2.613598E-02 2.193639E-02 1.823544E-02 1.236526E-02 6.376163E-03 3.012458E-03
136 4.294643E+01 5.178571E-01 2.504752E+00 2.215291E-02 2.400851E-02 2.594261E-02 2.613598E-02 2.193639E-02 1.823544E-02 1.236526E-02 6.376163E-03 3.012458E-03
137 4.346429E+01 5.178571E-01 2.504752E+00 2.215291E-02 2.400851E-02 2.594261E-02 2.613598E-02 2.193639E-02 1.823544E-02 1.236526E-02 6.376163E-03 3.012458E-03
138 4.398214E+01 5.178571E-01 2.504752E+00 2.215291E-02 2.400851E-02 2.594261E-02 2.613598E-02 2.193639E-02 1.823544E-02 1.236526E-02 6.376163E-03 3.012458E-03
139 4.450000E+01 5.178571E-01 2.504752E+00 2.215291E-02 2.400851E-02 2.594261E-02 2.613598E-02 2.193639E-02 1.823544E-02 1.236526E-02 6.376163E-03 3.012458E-03
140 4.501786E+01 5.178571E-01 2.504752E+00 2.215291E-02 2.400851E-02 2.594261E-02 2.613598E-02 2.193639E-02 1.823544E-02 1.236526E-02 6.376163E-03 3.012458E-03
141 4.553571E+01 5.178571E-01 2.504752E+00 2.215291E-02 2.400851E-02 2.594261E-02 2.613598E-02 2.193639E-02 1.823544E-02 1.236526E-02 6.376163E-03 3.012458E-03
142 4.605357E+01 5.178571E-01 2.504752E+00 2.215291E-02 2.400851E-02 2.594261E-02 2.613598E-02 2.193639E-02 1.823544E-02 1.236526E-02 6.376163E-03 3.012458E-03
143 4.657143E+01 5.178571E-01 2.504752E+00 2.215291E-02 2.400851E-02 2.594261E-02 2.613598E-02 2.193639E-02 1.823544E-02 1.236526E-02 6.376163E-03 3.012458E-03
144 4.708929E+01 5.178571E-01 2.504752E+00 2.215291E-02 2.400851E-02 2.594261E-02 2.613598E-02 2.193639E-02 1.823544E-02 1.236526E-02 6.376163E-03 3.012458E-03
145 4.760714E+01 5.178571E-01 2.504752E+00 2.215291E-02 2.400851E-02 2.594261E-02 2.613598E-02 2.193639E-02 1.823544E-02 1.236526E-02 6.376163E-03 3.012458E-03
146 4.812500E+01 5.178571E-01 2.504752E+00 2.215291E-02 2.400851E-02 2.594261E-02 2.613598E-02 2.193639E-02 1.823544E-02 1.236526E-02 6.376163E-03 3.012458E-03
147 4.864286E+01 5.178571E-01 2.504752E+00 2.215291E-02 2.400851E-02 2.594261E-02 2.613598E-02 2.193639E-02 1.823544E-02 1.236526E-02 6.376163E-03 3.012458E-03
148 4.916071E+01 5.178571E-01 2.504752E+00 2.215291E-02 2.400851E-02 2.594261E-02 2.613598E-02 2.193639E-02 1.823544E-02 1.236526E-02 6.376163E-03 3.012458E-03
149 4.967857E+01 5.178571E-01 2.504752E+00 2.215291E-02 2.400851E-02 2.594261E-02 2.613598E-02 2.193639E-02 1.823544E-02 1.236526E-02 6.376163E-03 3.012458E-03
150 5.019643E+01 5.178571E-01 2.504752E+00 2.215291E-02 2.400851E-02 2.594261E-02 2.613598E-02 2.193639E-02 1.823544E-02 1.236526E-02 6.376163E-03 3.012458E-03
151 5.071429E+01 5.178571E-01 2.504752E+00 2.215291E-02 2.400851E-02 2.594261E-02 2.613598E-02 2.193639E-02 1.823544E-02 1.236526E-02 6.376163E-03 3.012458E-03
152 5.123214E+01 5.178571E-01 2.504752E+00 2.215291E-02 2.400851E-02 2.594261E-02 2.613598E-02 2.193639E-02 1.823544E-02 1.236526E-02 6.376163E-03 3.012458E-03
153 5.175000E+01 5.178571E-01 2.504752E+00 2.215291E-02 2.400851E-02 2.594261E-02 2.613598E-02 2.193639E-02 1.823544E-02 1.236526E-02 6.376163E-03 3.012458E-03
154 5.226786E+01 5.178571E-01 2.504752E+00 2.215291E-02 2.400851E-02 2.594261E-02 2.613598E-02 2.193639E-02 1.823544E-02 1.236526E-02 6.376163E-03 3.012458E-03
155 5.278571E+01 5.178571E-01 2.504752E+00 2.215291E-02 2.400851E-02 2.594261E-02 2.613598E-02 2.193639E-02 1.823544E-02 1.236526E-02 6.376163E-03 3.012458E-03
156 5.330357E+01 5.178571E-01 2.504752E+00 2.215291E-02 2.400851E-02 2.594261E-02 2.613598E-02 2.193639E-02 1.823544E-02 1.236526E-02 6.376163E-03 3.012458E-03
157 5.382143E+01 5.178571E-01 2.504752E+00 2.215291E-02 2.400851E-02 2.594261E-02 2.613598E-02 2.193639E-02 1.823544E-02 1.236526E-02 6.376163E-03 3.012458E-03
158 5.433929E+01 5.178571E-01 2.504752E+00 2.215291E-02 2.400851E-02 2.594261E-02 2.613598E-02 2.193639E-02 1.823544E-02 1.236526E-02 6.376163E-03 3.012458E-03
159 5.485714E+01 5.178571E-01 2.504752E+00 2.215291E-02 2.400851E-02 2.594261E-02 2.613598E-02 2.193639E-02 1.823544E-02 1.236526E-02 6.376163E-03 3.012458E-03
160 5.537500E+01 5.178571E-01 2.504752E+00 2.215291E-02 2.400851E-02 2.594261E-02 2.613598E-02 2.193639E-02 1.823544E-02 1.236526E-02 6.376163E-03 3.012458E-03
161 5.589286E+01 5.178571E-01 2.504752E+00 2.215291E-02 2.400851E-02 2.594261E-02 2.613598E-02 2.193639E-02 1.823544E-02 1.236526E-02 6.376163E-03 3.012458E-03
162 5.641071E+01 5.178571E-01 2.504752E+00 2.215291E-02 2.400851E-02 2.594261E-02 2.613598E-02 2.193639E-02 1.823544E-02 1.236526E-02 6.376163E-03 3.012458E-03
163 5.692857E+01 5.178571E-01 2.504752E+00 2.215291E-02 2.400851E-02 2.594261E-02 2.613598E-02 2.193639E-02 1.823544E-02 1.236526E-02 6.376163E-03 3.012458E-03
164 5.744643E+01 5.178571E-01 2.504752E+00 2.215291E-02 2.400851E-02 2.594261E-02 2.613598E-02 2.193639E-02 1.823544E-02 1.236526E-02 6.376163E-03 3.012458E-03
165 5.796429E+01 5.178571E-01 2.504752E+00 2.215291E-02 2.400851E-02 2.594261E-02 2.613598E-02 2.193639E-02 1.823544E-02 1.236526E-02 6.376163E-03 3.012458E-03
166 5.848214E+01 5.178571E-01 2.504752E+00 2.215291E-02 2.400851E-02 2.594261E-02 2.613598E-02 2.193639E-02 1.823544E-02 1.236526E-02 6.376163E-03 3.012458E-03
167 5.900000E+01 5.178571E-01 2.504752E+00 2.215291E-02 2.400851E-02 2.594261E-02 2.613598E-02 2.193639E-02 1.823544E-02 1.236526E-02 6.376163E-03 3.012458E-03
168 5.951786E+01 5.178571E-01 2.504752E+00 2.215291E-02 2.400851E-02 2.594261E-02 2.613598E-02 2.193639E-02 1.823544E-02 1.236526E-02 6.376163E-03 3.012458E-03
169 6.003571E+01 5.178571E-01 2.504752E+00 2.215291E-02 2.400851E-02 2.594261E-02 2.613598E-02 2.193639E-02 1.823544E-02 1.236526E-02 6.376163E-03 3.012458E-03
170 6.055357E+01 5.178571E-01 2.504752E+00 2.215291E-02 2.400851E-02 2.594261E-02 2.613598E-02 2.193639E-02 1.823544E-02 1.236526E-02 6.376163E-03 3.012458E-03
171 6.107143E+01 5.178571E-01 2.504752E+00 2.215291E-02 2.400851E-02 2.594261E-02 2.613598E-02 2.193639E-02 1.823544E-02 1.236526E-02 6.376163E-03 3.012458E-03
172 6.158929E+01 5.178571E-01 2.504752E+00 2.215291E-02 2.400851E-02 2.594261E-02 2.613598E-02 2.193639E-02 1.823544E-02 1.236526E-02 6.376163E-03 3.012458E-03
173 6.210714E+01 5.178571E-01 2.504752E+00 2.215291E-02 2.400851E-02 2.594261E-02 2.613598E-02 2.193639E-02 1.823544E-02 1.236526E-02 6.376163E-03 3.012458E-03
174 6.262500E+01 5.178571E-01 2.504752E+00 2.215291E-02 2.400851E-02 2.594261E-02 2.613598E-02 2.193639E-02 1.823544E-02 1.236526E-02 6.376163E-03 3.012458E-03
175 6.314286E+01 5.178571E-01 2.504752E+00 2.215291E-02 2.400851E-02 2.594261E-02 2.613598E-02 2.193639E-02 1.823544E-02 1.236526E-02 6.376163E-03 3.012458E-03
176 6.366071E+01 5.178571E-01 2.504752E+00 2.215291E-02 2.400851E-02 2.594261E-02 2.613598E-02 2.193639E-02 1.823544E-02 1.236526E-02 6.376163E-03 3.012458E-03
177 6.417857E+01 5.178571E-01 2.504752E+00 2.215291E-02 2.400851E-02 2.594261E-02 2.613598E-02 2.193639E-02 1.823544E-02 1.236526E-02 6.376163E-03 3.012458E-03
178 6.469643E+01 5.178571E-01 2.504752E+00 2.215291E-02 2.400851E-02 2.594261E-02 2.613598E-02 2.193639E-02 1.823544E-02 1.236526E-02 6.376163E-03 3.012458E-03
179 6.521429E+01 5.178571E-01 2.504752E+00 2.215291E-02 2.400851E-02 2.594261E-02 2.613598E-02 2.193639E-02 1.823544E-02 1.236526E-02 6.376163E-03 3.012458E-03
180 6.573214E+01 5.178571E-01 2.504752E+00 2.215291E-02 2.400851E-02 2.594261E-02 2.613598E-02 2.193639E-02 1.823544E-02 1.236526E-02 6.376163E-03 3.012458E-03
181 6.625000E+01 5.178571E-01 2.504752E+00 2.215291E-02 2.400851E-02 2.594261E-02 2.613598E-02 2.193639E-02 1.823544E-02 1.236526E-02 6.376163E-03 3.012458E-03
182 6.676786E+01 5.178571E-01 2.504752E+00 2.215291E-02 2.400851E-02 2.594261E-02 2.613598E-02 2.193639E-02 1.823544E-02 1.236526E-02 6.376163E-03 3.012458E-03
183 6.728571E+01 5.178571E-01 2.504752E+00 2.215291E-02 2.400851E-02 2.594261E-02 2.613598E-02 2.193639E-02 1.823544E-02 1.236526E-02 6.376163E-03 3.012458E-03
184 6.780357E+01 5.178571E-01 2.504752E+00 2.215291E-02 2.400851E-02 2.594261E-02 2.613598E-02 2.193639E-02 1.823544E-02 1.236526E-02 6.376163E-03 3.012458E-03
185 6.832143E+01 5.178571E-01 2.504752E+00 2.215291E-02 2.400851E-02 2.594261E-02 2.613598E-02 2.193639E-02 1.823544E-02 1.236526E-02 6.376163E-03 3.012458E-03
186 6.883929E+01 5.178571E-01 2.504752E+00 2.215291E-02 2.400851E-02 2.594261E-02 2.613598E-02 2.193639E-02 1.823544E-02 1.236526E-02 6.376163E-03 3.012458E-03
187 6.935714E+01 5.178571E-01 2.504752E+00 2.215291E-02 2.400851E-02 2.594261E-02 2.613598E-02 2.193639E-02 1.823544E-02 1.236526E-02 6.376163E-03 3.012458E-03
188 6.987500E+01 5.178571E-01 2.504752E+00 2.215291E-02 2.400851E-02 2.594261E-02 2.613598E-02 2.193639E-02 1.823544E-02 1.236526E-02 6.376163E-03 3.012458E-03
189 7.039286E+01 5.178571E-01 2.504752E+00 2.215291E-02 2.400851E-02 2.594261E-02 2.613598E-02 2.193639E-02 1.823544E-02 1.236526E-02 6.376163E-03 3.012458E-03
190 7.091071E+01 5.178571E-01 2.504752E+00 2.215291E-02 2.400851E-02 2.594261E-02 2.613598E-02 2.193639E-02 1.823544E-02 1.236526E-02 6.376163E-03 3.012458E-03
191 7.142857E+01 5.178571E-01 2.504752E+00 2.215291E-02 2.400851E-02 2.594261E-02 2.613598E-02 2.193639E-02 1.823544E-02 1.236526E-02 6.376163E-03 3.012458E-03
192 7.194643E+01 5.178571E-01 2.504752E+00 2.215291E-02 2.400851E-02 2.594261E-02 2.613598E-02 2.193639E-02 1.823544E-02 1.236526E-02 6.376163E-03 3.012458E-03
193 7.246429E+01 5.178571E-01 2.504752E+00 2.215291E-02 2.400851E-02 2.594261E-02 2.613598E-02 2.193639E-02 1.823544E-02 1.236526E-02 6.376163E-03 3.012458E-03
194 7.298214E+01 5.178571E-01 2.504752E+00 2.215291E-02 2.400851E-02 2.594261E-02 2.613598E-02 2.193639E-02 1.823544E-02 1.236526E-02 6.376163E-03 3.012458E-03
195 7.350000E+01 5.178571E-01 2.504752E+00 2.215291E-02 2.400851E-02 2.594261E-02 2.613598E-02 2.193639E-02 1.823544E-02 1.236526E-02 6.376163E-03 3.012458E-03
196 7.401786E+01 5.178571E-01 2.504752E+00 2.215291E-02 2.400851E-02 2.594261E-02 2.613598E-02 2.193639E-02 1.823544E-02 1.236526E-02 6.376163E-03 3.012458E-03
197 7.453571E+01 5.178571E-01 2.504752E+00 2.215291E-02 2.400851E-02 2.594261E-02 2.613598E-02 2.193639E-02 1.823544E-02 1.236526E-02 6.376163E-03 3.012458E-03
198 7.505357E+01 5.178571E-01 2.504752E+00 2.215291E-02 2.400851E-02 2.594261E-02 2.613598E-02 2.193639E-02 1.823544E-02 1.236526E-02 6.376163E-03 3.012458E-03
199 7.557143E+01 5.178571E-01 2.504752E+00 2.215291E-02 2.400851E-02 2.594261E-02 2.613598E-02 2.193639E-02 1.823544E-02 1.236526E-02 6.376163E-03 3.012458E-03
200 7.608929E+01 5.178571E-01 2.504752E+00 2.215291E-02 2.400851E-02 2.594261E-02 2.613598E-02 2.193639E-02 1.823544E-02 1.236526E-02 6.376163E-03 3.012458E-03
201 7.660714E+01 5.178571E-01 2.504752E+00 2.215291E-02 2.400851E-02 2.594261E-02 2.613598E-02 2.193639E-02 1.823544E-02 1.236526E-02 6.376163E-03 3.012458E-03
202 7.712500E+01 5.178571E-01 2.504752E+00 2.215291E-02 2.400851E-02 2.594261E-02 2.613598E-02 2.193639E-02 1.823544E-02 1.236526E-02 6.376163E-03 3.012458E-03
203 7.764286E+01 5.178571E-01 2.504752E+00 2.215291E-02 2.400851E-02 2.594261E-02 2.613598E-02 2.193639E-02 1.823544E-02 1.236526E-02 6.376163E-03 3.012458E-03
204 7.816071E+01 5.178571E-01 2.504752E+00 2.215291E-02 2.400851E-02 2.594261E-02 2.613598E-02 2.193639E-02 1.823544E-02 1.236526E-02 6.376163E-03 3.012458E-03
205 7.867857E+01 5.178571E-01 2.504752E+00 2.215291E-02 2.400851E-02 2.594261E-02 2.613598E-02 2.193639E-02 1.823544E-02 1.236526E-02 6.376163E-03 3.012458E-03
206 7.919643E+01 5.178571E-01 2.504752E+00 2.215291E-02 2.400851E-02 2.594261E-02 2.613598E-02 2.193639E-02 1.823544E-02 1.236526E-02 6.376163E-03 3.012458E-03
207 7.971429E+01 5.178571E-01 2.504752E+00 2.215291E-02 2.400851E-02 2.594261E-02 2.613598E-02 2.193639E-02 1.823544E-02 1.236526E-02 6.376163E-03 3.012458E-03
208 8.023214E+01 5.178571E-01 2.504752E+00 2.215291E-02 2.400851E-02 2.594261E-02 2.613598E-02 2.193639E-02 1.823544E-02 1.236526E-02 6.376163E-03 3.012458E-03
209 8.075000E+01 5.178571E-01 2.504752E+00 2.215291E-02 2.400851E-02 2.594261E-02 2.613598E-02 2.193639E-02 1.823544E-02 1.236526E-02 6.376163E-03 3.012458E-03
210 8.126786E+01 5.178571E-01 2.504752E+00 2.215291E-02 2.400851E-02 2.594261E-02 2.613598E-02 2.193639E-02 1.823544E-02 1.236526E-02 6.376163E-03 3.012458E-03
211 8.178571E+01 5.178571E-01 2.504752E+00 2.215291E-02 2.400851E-02 2.594261E-02 2.613598E-02 2.193639E-02 1.823544E-02 1.236526E-02 6.376163E-03 3.012458E-03
212 8.230357E+01 5.178571E-01 2.504752E+00 2.215291E-02 2.400851E-02 2.594261E-02 2.613598E-02 2.193639E-02 1.823544E-02 1.236526E-02 6.376163E-03 3.012458E-03
213 8.282143E+01 5.178571E-01 2.504752E+00 2.215291E-02 2.400851E-02 2.594261E-02 2.613598E-02 2.193639E-02 1.823544E-02 1.236526E-02 6.376163E-03 3.012458E-03
214 8.333929E+01 5.178571E-01 2.504752E+00 2.215291E-02 2.400851E-02 2.594261E-02 2.613598E-02 2.193639E-02 1.823544E-02 1.236526E-02 6.376163E-03 3.012458E-03
215 8.385714E+01 5.178571E-01 2.504752E+00 2.215291E-02 2.400851E-02 2.594261E-02 2.613598E-02 2.193639E-02 1.823544E-02 1.236526E-02 6.376163E-03 3.012458E-03
216 8.437500E+01 5.178571E-01 2.504752E+00 2.215291E-02 2.400851E-02 2.594261E-02 2.613598E-02 2.193639E-02 1.823544E-02 1.236526E-02 6.376163E-03 3.012458E-03
217 8.489286E+01 5.178571E-01 2.504752E+00 2.215291E-02 2.400851E-02 2.594261E-02 2.613598E-02 2.193639E-02 1.823544E-02 1.236526E-02 6.376163E-03 3.012458E-03
218 8.541071E+01 5.178571E-01 2.504752E+00 2.215291E-02 2.400851E-02 2.594261E-02 2.613598E-02 2.193639E-02 1.823544E-02 1.236526E-02 6.376163E-03 3.012458E-03
219 8.592857E+01 5.178571E-01 2.504752E+00 2.215291E-02 2.400851E-02 2.594261E-02 2.613598E-02 2.193639E-02 1.823544E-02 1.236526E-02 6.376163E-03 3.012458E-03
220 8.644643E+01 5.178571E-01 2.504752E+00 2.215291E-02 2.400851E-02 2.594261E-02 2.613598E-02 2.193639E-02 1.823544E-02 1.236526E-02 6.376163E-03 3.012458E-03
221 8.696429E+01 5.178571E-01 2.504752E+00 2.215291E-02 2.400851E-02 2.594261E-02 2.613598E-02 2.193639E-02 1.823544E-02 1.236526E-02 6.376163E-03 3.012458E-03
222 8.748214E+01 5.178571E-01 2.504752E+00 2.215291E-02 2.400851E-02 2.594261E-02 2.613598E-02 2.193639E-02 1.823544E-02 1.236526E-02 6.376163E-03 3.012458E-03
223 8.800000E+01 5.178571E-01 2.504752E+00 2.215291E-02 2.400851E-02 2.594261E-02 2.613598E-02 2.193639E-02 1.823544E-02 1.236526E-02 6.376163E-03 3.012458E-03
224 8.851786E+01 5.178571E-01 2.504752E+00 2.215291E-02 2.400851E-02 2.594261E-02 2.613598E-02 2.193639E-02 1.823544E-02 1.236526E-02 6.376163E-03 3.012458E-03
225 8.903571E+01 5.178571E-01 2.504752E+00 2.215291E-02 2.400851E-02 2.594261E-02 2.613598E-02 2.193639E-02 1.823544E-02 1.236526E-02 6.376163E-03 3.012458E-03
226 8.955357E+01 5.178571E-01 2.504752E+00 2.215291E-02 2.400851E-02 2.594261E-02 2.613598E-02 2.193639E-02 1.823544E-02 1.236526E-02 6.376163E-03 3.012458E-03
227 9.007143E+01 5.178571E-01 2.504752E+00 2.215291E-02 2.400851E-02 2.594261E-02 2.613598E-02 2.193639E-02 1.823544E-02 1.236526E-02 6.376163E-03 3.012458E-03
228 9.058929E+01 5.178571E-01 2.504752E+00 2.215291E-02 2.400851E-02 2.594261E-02 2.613598E-02 2.193639E-02 1.823544E-02 1.236526E-02 6.376163E-03 3.012458E-03
229 9.110714E+01 5.178571E-01 2.504752E+00 2.215291E-02 2.400851E-02 2.594261E-02 2.613598E-02 2.193639E-02 1.823544E-02 1.236526E-02 6.376163E-03 3.012458E-03
230 9.162500E+01 5.178571E-01 2.504752E+00 2.215291E-02 2.400851E-02 2.594261E-02 2.613598E-02 2.193639E-02 1.823544E-02 1.236526E-02 6.376163E-03 3.012458E-03
231 9.214286E+01 5.178571E-01 2.504752E+00 2.215291E-02 2.400851E-02 2.594261E-02 2.613598E-02 2.193639E-02 1.823544E-02 1.236526E-02 6.376163E-03 3.012458E-03
232 9.266071E+01 5.178571E-01 2.504752E+00 2.215291E-02 2.400851E-02 2.594261E-02 2.613598E-02 2.193639E-02 1.823544E-02 1.236526E-02 6.376163E-03 3.012458E-03
233 9.317857E+01 5.178571E-01 2.504752E+00 2.215291E-02 2.400851E-02 2.594261E-02 2.613598E-02 2.193639E-02 1.823544E-02 1.236526E-02 6.376163E-03 3.012458E-03
234 9.369643E+01 5.178571E-01 2.504752E+00 2.215291E-02 2.400851E-02 2.594261E-02 2.613598E-02 2.193639E-02 1.823544E-02 1.236526E-02 6.376163E-03 3.012458E-03
235 9.421429E+01 5.178571E-01 2.504752E+00 2.215291E-02 2.400851E-02 2.594261E-02 2.613598E-02 2.193639E-02 1.823544E-02 1.236526E-02 6.376163E-03 3.012458E-03
236 9.473214E+01 5.178571E-01 2.504752E+00 2.215291E-02 2.400851E-02 2.594261E-02 2.613598E-02 2.193639E-02 1.823544E-02 1.236526E-02 6.376163E-03 3.012458E-03
237 9.525000E+01 5.178571E-01 2.504752E+00 2.215291E-02 2.400851E-02 2.594261E-02 2.613598E-02 2.193639E-02 1.823544E-02 1.236526E-02 6.376163E-03 3.012458E-03
238 9.576786E+01 5.178571E-01 2.504752E+00 2.215291E-02 2.400851E-02 2.594261E-02 2.613598E-02 2.193639E-02 1.823544E-02 1.236526E-02 6.376163E-03 3.012458E-03
239 9.628571E+01 5.178571E-01 2.504752E+00 2.215291E-02 2.400851E-02 2.594261E-02 2.613598E-02 2.193639E-02 1.823544E-02 1.236526E-02 6.376163E-03 3.012458E-03
240 9.680357E+01 5.178571E-01 2.504752E+00 2.215291E-02 2.400851E-02 2.594261E-02 2.613598E-02 2.193639E-02 1.823544E-02 1.236526E-02 6.376163E-03 3.012458E-03
241 9.732143E+01 5.178571E-01 2.504752E+00 2.215291E-02 2.400851E-02 2.594261E-02 2.613598E-02 2.193639E-02 1.823544E-02 1.236526E-02 6.376163E-03 3.012458E-03
242 9.783929E+01 5.178571E-01 2.504752E+00 2.215291E-02 2.400851E-02 2.594261E-02 2.613598E-02 2.193639E-02 1.823544E-02 1.236526E-02 6.376163E-03 3.012458E-03
243 9.835714E+01 5.178571E-01 2.504752E+00 2.215291E-02 2.400851E-02 2.594261E-02 2.613598E-02 2.193639E-02 1.823544E-02 1.236526E-02 6.376163E-03 3.012458E-03
244 9.887500E+01 5.178571E-01 2.504752E+00 2.215291E-02 2.400851E-02 2.594261E-02 2.613598E-02 2.193639E-02 1.823544E-02 1.236526E-02 6.376163E-03 3.012458E-03
245 9.939286E+01 5.178571E-01 2.504752E+00 2.215291E-02 2.400851E-02 2.594261E-02 2.613598E-02 2.193639E-02 1.823544E-02 1.236526E-02 6.376163E-03 3.012458E-03
246 9.991071E+01 5.178571E-01 2.504752E+00 2.215291E-02 2.400851E-02 2.594261E-02 2.613598E-02 2.193639E-02 1.823544E-02 1.236526E-02 6.376163E-03 3.012458E-03
247 1.004286E+02 5.178571E-01 2.504752E+00 2.215291E-02 2.400851E-02 2.594261E-02 2.613598E-02 2.193639E-02 1.823544E-02 1.236526E-02 6.376163E-03 3.012458E-03
248 1.009464E+02 5.178571E-01 2.504752E+00 2.215291E-02 2.400851E-02 2.594261E-02 2.613598E-02 2.193639E-02 1.823544E-02 1.236526E-02 6.376163E-03 3.012458E-03
249 1.014643E+02 5.178571E-01 2.504752E+00 2.215291E-02 2.400851E-02 2.594261E-02 2.613598E-02 2.193639E-02 1.823544E-02 1.236526E-02 6.376163E-03 3.012458E-03
250 1.019821E+02 5.178571E-01 2.504752E+00 2.215291E-02 2.400851E-02 2.594261E-02 2.613598E-02 2.193639E-02 1.823544E-02 1.236526E-02 6.376163E-03 3.012458E-03
251 1.025000E+02 5.178571E-01 2.504752E+00 2.215291E-02 2.400851E-02 2.594261E-02 2.613598E-02 2.193639E-02 1.823544E-02 1.236526E-02 6.376163E-03 3.012458E-03
252 1.030179E+02 5.178571E-01 2.504752E+00 2.215291E-02 2.400851E-02 2.594261E-02 2.613598E-02 2.193639E-02 1.823544E-02 1.236526E-02 6.376163E-03 3.012458E-03
253 1.035357E+02 5.178571E-01 2.504752E+00 2.215291E-02 2.400851E-02 2.594261E-02 2.613598E-02 2.193639E-02 1.823544E-02 1.236526E-02 6.376163E-03 3.012458E-03
254 1.040536E+02 5.178571E-01 2.504752E+00 2.215291E-02 2.400851E-02 2.594261E-02 2.613598E-02 2.193639E-02 1.823544E-02 1.236526E-02 6.376163E-03 3.012458E-03
255 1.045714E+02 5.178571E-01 2.504752E+00 2.215291E-02 2.400851E-02 2.594261E-02 2.613598E-02 2.193639E-02 1.823544E-02 1.236526E-02 6.376163E-03 3.012458E-03
256 1.050893E+02 5.178571E-01 2.504752E+00 2.215291E-02 2.400851E-02 2.594261E-02 2.613598E-02 2.193639E-02 1.823544E-02 1.236526E-02 6.376163E-03 3.012458E-03
257 1.056071E+02 5.178571E-01 2.504752E+00 2.215291E-02 2.400851E-02 2.594261E-02 2.613598E-02 2.193639E-02 1.823544E-02 1.236526E-02 6.376163E-03 3.012458E-03
258 1.061250E+02 5.178571E-01 2.504752E+00 2.215291E-02 2.400851E-02 2.594261E-02 2.613598E-02 2.193639E-02 1.823544E-02 1.236526E-02 6.376163E-03 3.012458E-03
259 1.066429E+02 5.178571E-01 2.504752E+00 2.215291E-02 2.400851E-02 2.594261E-02 2.613598E-02 2.193639E-02 1.823544E-02 1.236526E-02 6.376163E-03 3.012458E-03
260 1.071607E+02 5.178571E-01 2.504752E+00 2.215291E-02 2.400851E-02 2.594261E-02 2.613598E-02 2.193639E-02 1.823544E-02 1.236526E-02 6.376163E-03 3.012458E-03
261 1.076786E+02 5.178571E-01 2.504752E+00 2.215291E-02 2.400851E-02 2.594261E-02 2.613598E-02 2.193639E-02 1.823544E-02 1.236526E-02 6.376163E-03 3.012458E-03
262 1.081964E+02 5.178571E-01 2.504752E+00 2.215291E-02 2.400851E-02 2.594261E-02 2.613598E-02 2.193639E-02 1.823544E-02 1.236526E-02 6.376163E-03 3.012458E-03
263 1.087143E+02 5.178571E-01 2.504752E+00 2.215291E-02 2.400851E-02 2.594261E-02 2.613598E-02 2.193639E-02 1.823544E-02 1.236526E-02 6.376163E-03 3.012458E-03
264 1.092321E+02 5.178571E-01 2.504752E+00 2.215291E-02 2.400851E-02 2.594261E-02 2.613598E-02 2.193639E-02 1.823544E-02 1.236526E-02 6.376163E-03 3.012458E-03
265 1.097500E+02 5.178571E-01 2.504752E+00 2.215291E-02 2.400851E-02 2.594261E-02 2.613598E-02 2.193639E-02 1.823544E-02 1.236526E-02 6.376163E-03 3.012458E-03
266 1.102679E+02 5.178571E-01 2.504752E+00 2.215291E-02 2.400851E-02 2.594261E-02 2.613598E-02 2.193639E-02 1.823544E-02 1.236526E-02 6.376163E-03 3.012458E-03
267 1.107857E+02 5.178571E-01 2.504752E+00 2.215291E-02 2.400851E-02 2.594261E-02 2.613598E-02 2.193639E-02 1.823544E-02 1.236526E-02 6.376163E-03 3.012458E-03
268 1.113036E+02 5.178571E-01 2.504752E+00 2.215291E-02 2.400851E-02 2.594261E-02 2.613598E-02 2.193639E-02 1.823544E-02 1.236526E-02 6.376163E-03 3.012458E-03
269 1.118214E+02 5.178571E-01 2.504752E+00 2.215291E-02 2.400851E-02 2.594261E-02 2.613598E-02 2.193639E-02 1.823544E-02 1.236526E-02 6.376163E-03 3.012458E-03
270 1.123393E+02 5.178571E-01 2.504752E+00 2.215291E-02 2.400851E-02 2.594261E-02 2.613598E-02 2.193639E-02 1.823544E-02 1.236526E-02 6.376163E-03 3.012458E-03
271 1.128571E+02 5.178571E-01 2.504752E+00 2.215291E-02 2.400851E-02 2.594261E-02 2.613598E-02 2.193639E-02 1.823544E-02 1.236526E-02 6.376163E-03 3.012458E-03
272 1.133750E+02 5.178571E-01 2.504752E+00 2.215291E-02 2.400851E-02 2.594261E-02 2.613598E-02 2.193639E-02 1.823544E-02 1.236526E-02 6.376163E-03 3.012458E-03
273 1.138929E+02 5.178571E-01 2.504752E+00 2.215291E-02 2.400851E-02 2.594261E-02 2.613598E-02 2.193639E-02 1.823544E-02 1.236526E-02 6.376163E-03 3.012458E-03
274 1.144107E+02 5.178571E-01 2.504752E+00 2.215291E-02 2.400851E-02 2.594261E-02 2.613598E-02 2.193639E-02 1.823544E-02 1.236526E-02 6.376163E-03 3.012458E-03
275 1.149286E+02 5.178571E-01 2.504752E+00 2.215291E-02 2.400851E-02 2.594261E-02 2.613598E-02 2.193639E-02 1.823544E-02 1.236526E-02 6.376163E-03 3.012458E-03
276 1.154464E+02 5.178571E-01 2.504752E+00 2.215291E-02 2.400851E-02 2.594261E-02 2.613598E-02 2.193639E-02 1.823544E-02 1.236526E-02 6.376163E-03 3.012458E-03
277 1.159643E+02 5.178571E-01 2.504752E+00 2.215291E-02 2.400851E-02 2.594261E-02 2.613598E-02 2.193639E-02 1.823544E-02 1.236526E-02 6.376163E-03 3.012458E-03
278 1.164821E+02 5.178571E-01 2.504752E+00 2.215291E-02 2.400851E-02 2.594261E-02 2.613598E-02 2.193639E-02 1.823544E-02 1.236526E-02 6.376163E-03 3.012458E-03
279 1.170000E+02 5.178571E-01 2.504752E+00 2.215291E-02 2.400851E-02 2.594261E-02 2.613598E-02 2.193639E-02 1.823544E-02 1.236526E-02 6.376163E-03 3.012458E-03
280 1.175179E+02 5.178571E-01 2.504752E+00 2.215291E-02 2.400851E-02 2.594261E-02 2.613598E-02 2.193639E-02 1.823544E-02 1.236526E-02 6.376163E-03 3.012458E-03
281 1.180357E+02 5.178571E-01 2.504752E+00 2.215291E-02 2.400851E-02 2.594261E-02 2.613598E-02 2.193639E-02 1.823544E-02 1.236526E-02 6.376163E-03 3.012458E-03
282 1.185536E+02 5.178571E-01 2.504752E+00 2.215291E-02 2.400851E-02 2.594261E-02 2.613598E-02 2.193639E-02 1.823544E-02 1.236526E-02 6.376163E-03 3.012458E-03
283 1.190714E+02 5.178571E-01 2.504752E+00 2.215291E-02 2.400851E-02 2.594261E-02 2.613598E-02 2.193639E-02 1.823544E-02 1.236526E-02 6.376163E-03 3.012458E-03
284 1.195893E+02 5.178571E-01 2.504752E+00 2.215291E-02 2.400851E-02 2.594261E-02 2.613598E-02 2.193639E-02 1.823544E-02 1.236526E-02 6.376163E-03 3.012458E-03
285 1.201071E+02 5.178571E-01 2.504752E+00 2.215291E-02 2.400851E-02 2.594261E-02 2.613598E-02 2.193639E-02 1.823544E-02 1.236526E-02 6.376163E-03 3.012458E-03
286 1.206250E+02 5.178571E-01 2.504752E+00 2.215291E-02 2.400851E-02 2.594261E-02 2.613598E-02 2.193639E-02 1.823544E-02 1.236526E-02 6.376163E-03 3.012458E-03
287 1.211429E+02 5.178571E-01 2.504752E+00 2.215291E-02 2.400851E-02 2.594261E-02 2.613598E-02 2.193639E-02 1.823544E-02 1.236526E-02 6.376163E-03 3.012458E-03
288 1.216607E+02 5.178571E-01 2.504752E+00 2.215291E-02 2.400851E-02 2.594261E-02 2.613598E-02 2.193639E-02 1.823544E-02 1.236526E-02 6.376163E-03 3.012458E-03
289 1.221786E+02 5.178571E-01 2.504752E+00 2.215291E-02 2.400851E-02 2.594261E-02 2.613598E-02 2.193639E-02 1.823544E-02 1.236526E-02 6.376163E-03 3.012458E-03
290 1.226964E+02 5.178571E-01 2.504752E+00 2.215291E-02 2.400851E-02 2.594261E-02 2.613598E-02 2.193639E-02 1.823544E-02 1.236526E-02 6.376163E-03 3.012458E-03
291 1.232143E+02 5.178571E-01 2.504752E+00 2.215291E-02 2.400851E-02 2.594261E-02 2.613598E-02 2.193639E-02 1.823544E-02 1.236526E-02 6.376163E-03 3.012458E-03
292 1.237321E+02 5.178571E-01 2.504752E+00 2.215291E-02 2.400851E-02 2.594261E-02 2.613598E-02 2.193639E-02 1.823544E-02 1.236526E-02 6.376163E-03 3.012458E-03
293 1.242500E+02 5.178571E-01 2.504752E+00 2.215291E-02 2.400851E-02 2.594261E-02 2.613598E-02 2.193639E-02 1.823544E-02 1.236526E-02 6.376163E-03 3.012458E-03
294 1.247679E+02 5.178571E-01 2.504752E+00 2.215291E-02 2.400851E-02 2.594261E-02 2.613598E-02 2.193639E-02 1.823544E-02 1.236526E-02 6.376163E-03 3.012458E-03
295 1.252857E+02 5.178571E-01 2.504752E+00 2.215291E-02 2.400851E-02 2.594261E-02 2.613598E-02 2.193639E-02 1.823544E-02 1.236526E-02 6.376163E-03 3.012458E-03
296 1.258036E+02 5.178571E-01 2.504752E+00 2.215291E-02 2.400851E-02 2.594261E-02 2.613598E-02 2.193639E-02 1.823544E-02 1.236526E-02 6.376163E-03 3.012458E-03
297 1.263214E+02 5.178571E-01 2.504752E+00 2.215291E-02 2.400851E-02 2.594261E-02 2.613598E-02 2.193639E-02 1.823544E-02 1.236526E-02 6.376163E-03 3.012458E-03
298 1.268393E+02 5.178571E-01 2.504752E+00 2.215291E-02 2.400851E-02 2.594261E-02 2.613598E-02 2.193639E-02 1.823544E-02 1.236526E-02 6.376163E-03 3.012458E-03
299 1.273571E+02 5.178571E-01 2.504752E+00 2.215291E-02 2.400851E-02 2.594261E-02 2.613598E-02 2.193639E-02 1.823544E-02 1.236526E-02 6.376163E-03 3.012458E-03
300 1.278750E+02 5.178571E-01 2.504752E+00 2.215291E-02 2.400851E-02 2.594261E-02 2.613598E-02 2.193639E-02 1.823544E-02 1.236526E-02 6.376163E-03 3.012458E-03
301 1.283929E+02 5.178571E-01 2.504752E+00 2.215291E-02 2.400851E-02 2.594261E-02 2.613598E-02 2.193639E-02 1.823544E-02 1.236526E-02 6.376163E-03 3.012458E-03
302 1.289107E+02 5.178571E-01 2.504752E+00 2.215291E-02 2.400851E-02 2.594261E-02 2.613598E-02 2.193639E-02 1.823544E-02 1.236526E-02 6.376163E-03 3.012458E-03
303 1.294286E+02 5.178571E-01 2.504752E+00 2.215291E-02 2.400851E-02 2.594261E-02 2.613598E-02 2.193639E-02 1.823544E-02 1.236526E-02 6.376163E-03 3.012458E-03
304 1.299464E+02 5.178571E-01 2.504752E+00 2.215291E-02 2.400851E-02 2.594261E-02 2.613598E-02 2.193639E-02 1.823544E-02 1.236526E-02 6.376163E-03 3.012458E-03
305 1.304643E+02 5.178571E-01 2.504752E+00 2.215291E-02 2.400851E-02 2.594261E-02 2.613598E-02 2.193639E-02 1.823544E-02 1.236526E-02 6.376163E-03 3.012458E-03
306 1.309821E+02 5.178571E-01 2.504752E+00 2.215291E-02 2.400851E-02 2.594261E-02 2.613598E-02 2.193639E-02 1.823544E-02 1.236526E-02 6.376163E-03 3.012458E-03
307 1.315000E+02 5.178571E-01 2.504752E+00 2.215291E-02 2.400851E-02 2.594261E-02 2.613598E-02 2.193639E-02 1.823544E-02 1.236526E-02 6.376163E-03 3.012458E-03
308 1.320179E+02 5.178571E-01 2.504752E+00 2.215291E-02 2.400851E-02 2.594261E-02 2.613598E-02 2.193639E-02 1.823544E-02 1.236526E-02 6.376163E-03 3.012458E-03
309 1.325357E+02 5.178571E-01 2.504752E+00 2.215291E-02 2.400851E-02 2.594261E-02 2.613598E-02 2.193639E-02 1.823544E-02 1.236526E-02 6.376163E-03 3.012458E-03
310 1.330536E+02 5.178571E-01 2.504752E+00 2.215291E-02 2.400851E-02 2.594261E-02 2.613598E-02 2.193639E-02 1.823544E-02 1.236526E-02 6.376163E-03 3.012458E-03
311 1.335714E+02 5.178571E-01 2.504752E+00 2.215291E-02 2.400851E-02 2.594261E-02 2.613598E-02 2.193639E-02 1.823544E-02 1.236526E-02 6.376163E-03 3.012458E-03
312 1.340893E+02 5.178571E-01 2.504752E+00 2.215291E-02 2.400851E-02 2.594261E-02 2.613598E-02 2.193639E-02 1.823544E-02 1.236526E-02 6.376163E-03 3.012458E-03
313 1.346071E+02 5.178571E-01 2.504752E+00 2.215291E-02 2.400851E-02 2.594261E-02 2.613598E-02 2.193639E-02 1.823544E-02 1.236526E-02 6.376163E-03 3.012458E-03
314 1.351250E+02 5.178571E-01 2.504752E+00 2.215291E-02 2.400851E-02 2.594261E-02 2.613598E-02 2.193639E-02 1.823544E-02 1.236526E-02 6.376163E-03 3.012458E-03
315 1.356429E+02 5.178571E-01 2.504752E+00 2.215291E-02 2.400851E-02 2.594261E-02 2.613598E-02 2.193639E-02 1.823544E-02 1.236526E-02 6.376163E-03 3.012458E-03
316 1.361607E+02 5.178571E-01 2.504752E+00 2.215291E-02 2.400851E-02 2.594261E-02 2.613598E-02 2.193639E-02 1.823544E-02 1.236526E-02 6.376163E-03 3.012458E-03
317 1.366786E+02 5.178571E-01 2.504752E+00 2.215291E-02 2.400851E-02 2.594261E-02 2.613598E-02 2.193639E-02 1.823544E-02 1.236526E-02 6.376163E-03 3.012458E-03
318 1.371964E+02 5.178571E-01 2.504752E+00 2.215291E-02 2.400851E-02 2.594261E-02 2.613598E-02 2.193639E-02 1.823544E-02 1.236526E-02 6.376163E-03 3.012458E-03
319 1.377143E+02 5.178571E-01 2.504752E+00 2.215291E-02 2.400851E-02 2.594261E-02 2.613598E-02 2.193639E-02 1.823544E-02 1.236526E-02 6.376163E-03 3.012458E-03
320 1.382321E+02 5.178571E-01 2.504752E+00 2.215291E-02 2.400851E-02 2.594261E-02 2.613598E-02 2.193639E-02 1.823544E-02 1.236526E-02 6.376163E-03 3.012458E-03
321 1.387500E+02 5.178571E-01 2.504752E+00 2.215291E-02 2.400851E-02 2.594261E-02 2.613598E-02 2.193639E-02 1.823544E-02 1.236526E-02 6.376163E-03 3.012458E-03
322 1.392679E+02 5.178571E-01 2.504752E+00 2.215291E-02 2.400851E-02 2.594261E-02 2.613598E-02 2.193639E-02 1.823544E-02 1.236526E-02 6.376163E-03 3.012458E-03
323 1.397857E+02 5.178571E-01 2.504752E+00 2.215291E-02 2.400851E-02 2.594261E-02 2.613598E-02 2.193639E-02 1.823544E-02 1.236526E-02 6.376163E-03 3.012458E-03
324 1.403036E+02 5.178571E-01 2.504752E+00 2.215291E-02 2.400851E-02 2.594261E-02 2.613598E-02 2.193639E-02 1.823544E-02 1.236526E-02 6.376163E-03 3.012458E-03
325 1.408214E+02 5.178571E-01 2.504752E+00 2.215291E-02 2.400851E-02 2.594261E-02 2.613598E-02 2.193639E-02 1.823544E-02 1.236526E-02 6.376163E-03 3.012458E-03
326 1.413393E+02 5.178571E-01 2.504752E+00 2.215291E-02 2.400851E-02 2.594261E-02 2.613598E-02 2.193639E-02 1.823544E-02 1.236526E-02 6.376163E-03 3.012458E-03
327 1.418571E+02 5.178571E-01 2.504752E+00 2.215291E-02 2.400851E-02 2.594261E-02 2.613598E-02 2.193639E-02 1.823544E-02 1.236526E-02 6.376163E-03 3.012458E-03
328 1.423750E+02 5.178571E-01 2.504752E+00 2.215291E-02 2.400851E-02 2.594261E-02 2.613598E-02 2.193639E-02 1.823544E-02 1.236526E-02 6.376163E-03 3.012458E-03
329 1.428929E+02 5.178571E-01 2.504752E+00 2.215291E-02 2.400851E-02 2.594261E-02 2.613598E-02 2.193639E-02 1.823544E-02 1.236526E-02 6.376163E-03 3.012458E-03
330 1.434107E+02 5.178571E-01 2.504752E+00 2.215291E-02 2.400851E-02 2.594261E-02 2.613598E-02 2.193639E-02 1.823544E-02 1.236526E-02 6.376163E-03 3.012458E-03
331 1.439286E+02 5.178571E-01 2.504752E+00 2.215291E-02 2.400851E-02 2.594261E-02 2.613598E-02 2.193639E-02 1.823544E-02 1.236526E-02 6.376163E-03 3.012458E-03
332 1.444464E+02 5.178571E-01 2.504752E+00 2.215291E-02 2.400851E-02 2.594261E-02 2.613598E-02 2.193639E-02 1.823544E-02 1.236526E-02 6.376163E-03 3.012458E-03
333 1.449643E+02 5.178571E-01 2.504752E+00 2.215291E-02 2.400851E-02 2.594261E-02 2.613598E-02 2.193639E-02 1.823544E-02 1.236526E-02 6.376163E-03 3.012458E-03
334 1.454821E+02 5.178571E-01 2.504752E+00 2.215291E-02 2.400851E-02 2.594261E-02 2.613598E-02 2.193639E-02 1.823544E-02 1.236526E-02 6.376163E-03 3.012458E-03
335 1.460000E+02 5.178571E-01 2.504752E+00 2.215291E-02 2.400851E-02 2.594261E-02 2.613598E-02 2.193639E-02 1.823544E-02 1.236526E-02 6.376163E-03 3.012458E-03
336 1.465179E+02 5.178571E-01 2.504752E+00 2.215291E-02 2.400851E-02 2.594261E-02 2.613598E-02 2.193639E-02 1.823544E-02 1.236526E-02 6.376163E-03 3.012458E-03
337 1.470357E+02 5.178571E-01 2.504752E+00 2.215291E-02 2.400851E-02 2.594261E-02 2.613598E-02 2.193639E-02 1.823544E-02 1.236526E-02 6.376163E-03 3.012458E-03
338 1.475536E+02 5.178571E-01 2.504752E+00 2.215291E-02 2.400851E-02 2.594261E-02 2.613598E-02 2.193639E-02 1.823544E-02 1.236526E-02 6.376163E-03 3.012458E-03
339 1.480714E+02 5.178571E-01 2.504752E+00 2.215291E-02 2.400851E-02 2.594261E-02 2.613598E-02 2.193639E-02 1.823544E-02 1.236526E-02 6.376163E-03 3.012458E-03
340 1.485893E+02 5.178571E-01 2.504752E+00 2.215291E-02 2.400851E-02 2.594261E-02 2.613598E-02 2.193639E-02 1.823544E-02 1.236526E-02 6.376163E-03 3.012458E-03
341 1.491071E+02 5.178571E-01 2.504752E+00 2.215291E-02 2.400851E-02 2.594261E-02 2.613598E-02 2.193639E-02 1.823544E-02 1.236526E-02 6.376163E-03 3.012458E-03
342 1.496250E+02 5.178571E-01 2.504752E+00 2.215291E-02 2.400851E-02 2.594261E-02 2.613598E-02 2.193639E-02 1.823544E-02 1.236526E-02 6.376163E-03 3.012458E-03
343 1.501429E+02 5.178571E-01 2.504752E+00 2.215291E-02 2.400851E-02 2.594261E-02 2.613598E-02 2.193639E-02 1.823544E-02 1.236526E-02 6.376163E-03 3.012458E-03
344 1.506607E+02 5.178571E-01 2.504752E+00 2.215291E-02 2.400851E-02 2.594261E-02 2.613598E-02 2.193639E-02 1.823544E-02 1.236526E-02 6.376163E-03 3.012458E-03
345 1.511786E+02 5.178571E-01 2.504752E+00 2.215291E-02 2.400851E-02 2.594261E-02 2.613598E-02 2.193639E-02 1.823544E-02 1.236526E-02 6.376163E-03 3.012458E-03
346 1.516964E+02 5.178571E-01 2.504752E+00 2.215291E-02 2.400851E-02 2.594261E-02 2.613598E-02 2.193639E-02 1.823544E-02 1.236526E-02 6.376163E-03 3.012458E-03
347 1.522143E+02 5.178571E-01 2.504752E+00 2.215291E-02 2.400851E-02 2.594261E-02 2.613598E-02 2.193639E-02 1.823544E-02 1.236526E-02 6.376163E-03 3.012458E-03
348 1.527321E+02 5.178571E-01 2.504752E+00 2.215291E-02 2.400851E-02 2.594261E-02 2.613598E-02 2.193639E-02 1.823544E-02 1.236526E-02 6.376163E-03 3.012458E-03
349 1.532500E+02 5.178571E-01 2.504752E+00 2.215291E-02 2.400851E-02 2.594261E-02 2.613598E-02 2.193639E-02 1.823544E-02 1.236526E-02 6.376163E-03 3.012458E-03
350 1.537679E+02 5.178571E-01 2.504752E+00 2.215291E-02 2.400851E-02 2.594261E-02 2.613598E-02 2.193639E-02 1.823544E-02 1.236526E-02 6.376163E-03 3.012458E-03
351 1.542857E+02 5.178571E-01 2.504752E+00 2.215291E-02 2.400851E-02 2.594261E-02 2.613598E-02 2.193639E-02 1.823544E-02 1.236526E-02 6.376163E-03 3.012458E-03
352 1.548036E+02 5.178571E-01 2.504752E+00 2.215291E-02 2.400851E-02 2.594261E-02 2.613598E-02 2.193639E-02 1.823544E-02 1.236526E-02 6.376163E-03 3.012458E-03
353 1.553214E+02 5.178571E-01 2.504752E+00 2.215291E-02 2.400851E-02 2.594261E-02 2.613598E-02 2.193639E-02 1.823544E-02 1.236526E-02 6.376163E-03 3.012458E-03
354 1.558393E+02 5.178571E-01 2.504752E+00 2.215291E-02 2.400851E-02 2.594261E-02 2.613598E-02 2.193639E-02 1.823544E-02 1.236526E-02 6.376163E-03 3.012458E-03
355 1.563571E+02 5.178571E-01 2.504752E+00 2.215291E-02 2.400851E-02 2.594261E-02 2.613598E-02 2.193639E-02 1.823544E-02 1.236526E-02 6.376163E-03 3.012458E-03
356 1.568750E+02 5.178571E-01 2.504752E+00 2.215291E-02 2.400851E-02 2.594261E-02 2.613598E-02 2.193639E-02 1.823544E-02 1.236526E-02 6.376163E-03 3.012458E-03
357 1.573929E+02 5.178571E-01 2.504752E+00 2.215291E-02 2.400851E-02 2.594261E-02 2.613598E-02 2.193639E-02 1.823544E-02 1.236526E-02 6.376163E-03 3.012458E-03
358 1.579107E+02 5.178571E-01 2.504752E+00 2.215291E-02 2.400851E-02 2.594261E-02 2.613598E-02 2.193639E-02 1.823544E-02 1.236526E-02 6.376163E-03 3.012458E-03
359 1.584286E+02 5.178571E-01 2.504752E+00 2.215291E-02 2.400851E-02 2.594261E-02 2.613598E-02 2.193639E-02 1.823544E-02 1.236526E-02 6.376163E-03 3.012458E-03
360 1.589464E+02 5.178571E-01 2.504752E+00 2.215291E-02 2.400851E-02 2.594261E-02 2.613598E-02 2.193639E-02 1.823544E-02 1.236526E-02 6.376163E-03 3.012458E-03
361 1.594643E+02 5.178571E-01 2.504752E+00 2.215291E-02 2.400851E-02 2.594261E-02 2.613598E-02 2.193639E-02 1.823544E-02 1.236526E-02 6.376163E-03 3.012458E-03
362 1.599821E+02 5.178571E-01 2.504752E+00 2.215291E-02 2.400851E-02 2.594261E-02 2.613598E-02 2.193639E-02 1.823544E-02 1.236526E-02 6.376163E-03 3.012458E-03
363 1.605000E+02 5.178571E-01 2.504752E+00 2.215291E-02 2.400851E-02 2.594261E-02 2.613598E-02 2.193639E-02 1.823544E-02 1.236526E-02 6.376163E-03 3.012458E-03
364 1.610179E+02 5.178571E-01 2.504752E+00 2.215291E-02 2.400851E-02 2.594261E-02 2.613598E-02 2.193639E-02 1.823544E-02 1.236526E-02 6.376163E-03 3.012458E-03
365 1.615357E+02 5.178571E-01 2.504752E+00 2.215291E-02 2.400851E-02 2.594261E-02 2.613598E-02 2.193639E-02 1.823544E-02 1.236526E-02 6.376163E-03 3.012458E-03
366 1.620536E+02 5.178571E-01 2.504752E+00 2.215291E-02 2.400851E-02 2.594261E-02 2.613598E-02 2.193639E-02 1.823544E-02 1.236526E-02 6.376163E-03 3.012458E-03
367 1.625714E+02 5.178571E-01 2.504752E+00 2.215291E-02 2.400851E-02 2.594261E-02 2.613598E-02 2.193639E-02 1.823544E-02 1.236526E-02 6.376163E-03 3.012458E-03
368 1.630893E+02 5.178571E-01 2.504752E+00 2.215291E-02 2.400851E-02 2.594261E-02 2.613598E-02 2.193639E-02 1.823544E-02 1.236526E-02 6.376163E-03 3.012458E-03
369 1.636071E+02 5.178571E-01 2.504752E+00 2.215291E-02 2.400851E-02 2.594261E-02 2.613598E-02 2.193639E-02 1.823544E-02 1.236526E-02 6.376163E-03 3.012458E-03
370 1.641250E+02 5.178571E-01 2.504752E+00 2.215291E-02 2.400851E-02 2.594261E-02 2.613598E-02 2.193639E-02 1.823544E-02 1.236526E-02 6.376163E-03 3.012458E-03
371 1.646429E+02 5.178571E-01 2.504752E+00 2.215291E-02 2.400851E-02 2.594261E-02 2.613598E-02 2.193639E-02 1.823544E-02 1.236526E-02 6.376163E-03 3.012458E-03
372 1.651607E+02 5.178571E-01 2.504752E+00 2.215291E-02 2.400851E-02 2.594261E-02 2.613598E-02 2.193639E-02 1.823544E-02 1.236526E-02 6.376163E-03 3.012458E-03
373 1.656786E+02 5.178571E-01 2.504752E+00 2.215291E-02 2.400851E-02 2.594261E-02 2.613598E-02 2.193639E-02 1.823544E-02 1.236526E-02 6.376163E-03 3.012458E-03
374 1.661964E+02 5.178571E-01 2.504752E+00 2.215291E-02 2.400851E-02 2.594261E-02 2.613598E-02 2.193639E-02 1.823544E-02 1.236526E-02 6.376163E-03 3.012458E-03
375 1.667143E+02 5.178571E-01 2.504752E+00 2.215291E-02 2.400851E-02 2.594261E-02 2.613598E-02 2.193639E-02 1.823544E-02 1.236526E-02 6.376163E-03 3.012458E-03
376 1.672321E+02 5.178571E-01 2.504752E+00 2.215291E-02 2.400851E-02 2.594261E-02 2.613598E-02 2.193639E-02 1.823544E-02 1.236526E-02 6.376163E-03 3.012458E-03
377 1.677500E+02 5.178571E-01 2.504752E+00 2.215291E-02 2.400851E-02 2.594261E-02 2.613598E-02 2.193639E-02 1.823544E-02 1.236526E-02 6.376163E-03 3.012458E-03
378 1.682679E+02 5.178571E-01 2.504752E+00 2.215291E-02 2.400851E-02 2.594261E-02 2.613598E-02 2.193639E-02 1.823544E-02 1.236526E-02 6.376163E-03 3.012458E-03
379 1.687857E+02 5.178571E-01 2.504752E+00 2.215291E-02 2.400851E-02 2.594261E-02 2.613598E-02 2.193639E-02 1.823544E-02 1.236526E-02 6.376163E-03 3.012458E-03
380 1.693036E+02 5.178571E-01 2.504752E+00 2.215291E-02 2.400851E-02 2.594261E-02 2.613598E-02 2.193639E-02 1.823544E-02 1.236526E-02 6.376163E-03 3.012458E-03
381 1.698214E+02 5.178571E-01 2.504752E+00 2.215291E-02 2.400851E-02 2.594261E-02 2.613598E-02 2.193639E-02 1.823544E-02 1.236526E-02 6.376163E-03 3.012458E-03
382 1.703393E+02 5.178571E-01 2.504752E+00 2.215291E-02 2.400851E-02 2.594261E-02 2.613598E-02 2.193639E-02 1.823544E-02 1.236526E-02 6.376163E-03 3.012458E-03
383 1.708571E+02 5.178571E-01 2.504752E+00 2.215291E-02 2.400851E-02 2.594261E-02 2.613598E-02 2.193639E-02 1.823544E-02 1.236526E-02 6.376163E-03 3.012458E-03
384 1.713750E+02 5.178571E-01 2.504752E+00 2.215291E-02 2.400851E-02 2.594261E-02 2.613598E-02 2.193639E-02 1.823544E-02 1.236526E-02 6.376163E-03 3.012458E-03
385 1.718929E+02 5.178571E-01 2.504752E+00 2.215291E-02 2.400851E-02 2.594261E-02 2.613598E-02 2.193639E-02 1.823544E-02 1.236526E-02 6.376163E-03 3.012458E-03
386 1.724107E+02 5.178571E-01 2.504752E+00 2.215291E-02 2.400851E-02 2.594261E-02 2.613598E-02 2.193639E-02 1.823544E-02 1.236526E-02 6.376163E-03 3.012458E-03
387 1.729286E+02 5.178571E-01 2.504752E+00 2.215291E-02 2.400851E-02 2.594261E-02 2.613598E-02 2.193639E-02 1.823544E-02 1.236526E-02 6.376163E-03 3.012458E-03
388 1.734464E+02 5.178571E-01 2.504752E+00 2.215291E-02 2.400851E-02 2.594261E-02 2.613598E-02 2.193639E-02 1.823544E-02 1.236526E-02 6.376163E-03 3.012458E-03
389 1.739643E+02 5.178571E-01 2.504752E+00 2.215291E-02 2.400851E-02 2.594261E-02 2.613598E-02 2.193639E-02 1.823544E-02 1.236526E-02 6.376163E-03 3.012458E-03
390 1.744821E+02 5.178571E-01 2.504752E+00 2.215291E-02 2.400851E-02 2.594261E-02 2.613598E-02 2.193639E-02 1.823544E-02 1.236526E-02 6.376163E-03 3.012458E-03
391 1.750000E+02 5.178571E-01 2.504752E+00 2.215291E-02 2.400851E-02 2.594261E-02 2.613598E-02 2.193639E-02 1.823544E-02 1.236526E-02 6.376163E-03 3.012458E-03
392 1.755179E+02 5.178571E-01 2.504752E+00 2.215291E-02 2.400851E-02 2.594261E-02 2.613598E-02 2.193639E-02 1.823544E-02 1.236526E-02 6.376163E-03 3.012458E-03
393 1.760357E+02 5.178571E-01 2.504752E+00 2.215291E-02 2.400851E-02 2.594261E-02 2.613598E-02 2.193639E-02 1.823544E-02 1.236526E-02 6.376163E-03 3.012458E-03
394 1.765536E+02 5.178571E-01 2.504752E+00 2.215291E-02 2.400851E-02 2.594261E-02 2.613598E-02 2.193639E-02 1.823544E-02 1.236526E-02 6.376163E-03 3.012458E-03
395 1.770714E+02 5.178571E-01 2.504752E+00 2.215291E-02 2.400851E-02 2.594261E-02 2.613598E-02 2.193639E-02 1.823544E-02 1.236526E-02 6.376163E-03 3.012458E-03
396 1.775893E+02 5.178571E-01 2.504752E+00 2.215291E-02 2.400851E-02 2.594261E-02 2.613598E-02 2.193639E-02 1.823544E-02 1.236526E-02 6.376163E-03 3.012458E-03
397 1.781071E+02 5.178571E-01 2.504752E+00 2.215291E-02 2.400851E-02 2.594261E-02 2.613598E-02 2.193639E-02 1.823544E-02 1.236526E-02 6.376163E-03 3.012458E-03
398 1.786250E+02 5.178571E-01 2.504752E+00 2.215291E-02 2.400851E-02 2.594261E-02 2.613598E-02 2.193639E-02 1.823544E-02 1.236526E-02 6.376163E-03 3.012458E-03
399 1.791429E+02 5.178571E-01 2.504752E+00 2.215291E-02 2.400851E-02 2.594261E-02 2.613598E-02 2.193639E-02 1.823544E-02 1.236526E-02 6.376163E-03 3.012458E-03
400 1.796607E+02 5.178571E-01 2.504752E+00 2.215291E-02 2.400851E-02 2.594261E-02 2.613598E-02 2.193639E-02 1.823544E-02 1.236526E-02 6.376163E-03 3.012458E-03
401 1.801786E+02 5.178571E-01 2.504752E+00 2.215291E-02 2.400851E-02 2.594261E-02 2.613598E-02 2.193639E-02 1.823544E-02 1.236526E-02 6.376163E-03 3.012458E-03
402 1.806964E+02 5.178571E-01 2.504752E+00 2.215291E-02 2.400851E-02 2.594261E-02 2.613598E-02 2.193639E-02 1.823544E-02 1.236526E-02 6.376163E-03 3.012458E-03
403 1.812143E+02 5.178571E-01 2.504752E+00 2.215291E-02 2.400851E-02 2.594261E-02 2.613598E-02 2.193639E-02 1.823544E-02 1.236526E-02 6.376163E-03 3.012458E-03
404 1.817321E+02 5.178571E-01 2.504752E+00 2.215291E-02 2.400851E-02 2.594261E-02 2.613598E-02 2.193639E-02 1.823544E-02 1.236526E-02 6.376163E-03 3.012458E-03
405 1.822500E+02 5.178571E-01 2.504752E+00 2.215291E-02 2.400851E-02 2.594261E-02 2.613598E-02 2.193639E-02 1.823544E-02 1.236526E-02 6.376163E-03 3.012458E-03
406 1.827679E+02 5.178571E-01 2.504752E+00 2.215291E-02 2.400851E-02 2.594261E-02 2.613598E-02 2.193639E-02 1.823544E-02 1.236526E-02 6.376163E-03 3.012458E-03
407 1.832857E+02 5.178571E-01 2.504752E+00 2.215291E-02 2.400851E-02 2.594261E-02 2.613598E-02 2.193639E-02 1.823544E-02 1.236526E-02 6.376163E-03 3.012458E-03
408 1.838036E+02 5.178571E-01 2.504752E+00 2.215291E-02 2.400851E-02 2.594261E-02 2.613598E-02 2.193639E-02 1.823544E-02 1.236526E-02 6.376163E-03 3.012458E-03
409 1.843214E+02 5.178571E-01 2.504752E+00 2.215291E-02 2.400851E-02 2.594261E-02 2.613598E-02 2.193639E-02 1.823544E-02 1.236526E-02 6.376163E-03 3.012458E-03
410 1.848393E+02 5.178571E-01 2.504752E+00 2.215291E-02 2.400851E-02 2.594261E-02 2.613598E-02 2.193639E-02 1.823544E-02 1.236526E-02 6.376163E-03 3.012458E-03
411 1.853571E+02 5.178571E-01 2.504752E+00 2.215291E-02 2.400851E-02 2.594261E-02 2.613598E-02 2.193639E-02 1.823544E-02 1.236526E-02 6.376163E-03 3.012458E-03
412 1.858750E+02 5.178571E-01 2.504752E+00 2.215291E-02 2.400851E-02 2.594261E-02 2.613598E-02 2.193639E-02 1.823544E-02 1.236526E-02 6.376163E-03 3.012458E-03
413 1.863929E+02 5.178571E-01 2.504752E+00 2.215291E-02 2.400851E-02 2.594261E-02 2.613598E-02 2.193639E-02 1.823544E-02 1.236526E-02 6.376163E-03 3.012458E-03
414 1.869107E+02 5.178571E-01 2.504752E+00 2.215291E-02 2.400851E-02 2.594261E-02 2.613598E-02 2.193639E-02 1.823544E-02 1.236526E-02 6.376163E-03 3.012458E-03
415 1.874286E+02 5.178571E-01 2.504752E+00 2.215291E-02 2.400851E-02 2.594261E-02 2.613598E-02 2.193639E-02 1.823544E-02 1.236526E-02 6.376163E-03 3.012458E-03
416 1.879464E+02 5.178571E-01 2.504752E+00 2.215291E-02 2.400851E-02 2.594261E-02 2.613598E-02 2.193639E-02 1.823544E-02 1.236526E-02 6.376163E-03 3.012458E-03
417 1.884643E+02 5.178571E-01 2.504752E+00 2.215291E-02 2.400851E-02 2.594261E-02 2.613598E-02 2.193639E-02 1.823544E-02 1.236526E-02 6.376163E-03 3.012458E-03
418 1.889821E+02 5.178571E-01 2.504752E+00 2.215291E-02 2.400851E-02 2.594261E-02 2.613598E-02 2.193639E-02 1.823544E-02 1.236526E-02 6.376163E-03 3.012458E-03
419 1.895000E+02 5.178571E-01 2.504752E+00 2.215291E-02 2.400851E-02 2.594261E-02 2.613598E-02 2.193639E-02 1.823544E-02 1.236526E-02 6.376163E-03 3.012458E-03
420 1.900179E+02 5.178571E-01 2.504752E+00 2.215291E-02 2.400851E-02 2.594261E-02 2.613598E-02 2.193639E-02 1.823544E-02 1.236526E-02 6.376163E-03 3.012458E-03
421 1.905357E+02 5.178571E-01 2.504752E+00 2.215291E-02 2.400851E-02 2.594261E-02 2.613598E-02 2.193639E-02 1.823544E-02 1.236526E-02 6.376163E-03 3.012458E-03
422 1.910536E+02 5.178571E-01 2.504752E+00 2.215291E-02 2.400851E-02 2.594261E-02 2.613598E-02 2.193639E-02 1.823544E-02 1.236526E-02 6.376163E-03 3.012458E-03
423 1.915714E+02 5.178571E-01 2.504752E+00 2.215291E-02 2.400851E-02 2.594261E-02 2.613598E-02 2.193639E-02 1.823544E-02 1.236526E-02 6.376163E-03 3.012458E-03
424 1.920893E+02 5.178571E-01 2.504752E+00 2.215291E-02 2.400851E-02 2.594261E-02 2.613598E-02 2.193639E-02 1.823544E-02 1.236526E-02 6.376163E-03 3.012458E-03
425 1.926071E+02 5.178571E-01 2.504752E+00 2.215291E-02 2.400851E-02 2.594261E-02 2.613598E-02 2.193639E-02 1.823544E-02 1.236526E-02 6.376163E-03 3.012458E-03
426 1.931250E+02 5.178571E-01 2.504752E+00 2.215291E-02 2.400851E-02 2.594261E-02 2.613598E-02 2.193639E-02 1.823544E-02 1.236526E-02 6.376163E-03 3.012458E-03
427 1.936429E+02 5.178571E-01 2.504752E+00 2.215291E-02 2.400851E-02 2.594261E-02 2.613598E-02 2.193639E-02 1.823544E-02 1.236526E-02 6.376163E-03 3.012458E-03
428 1.941607E+02 5.178571E-01 2.504752E+00 2.215291E-02 2.400851E-02 2.594261E-02 2.613598E-02 2.193639E-02 1.823544E-02 1.236526E-02 6.376163E-03 3.012458E-03
429 1.946786E+02 5.178571E-01 2.504752E+00 2.215291E-02 2.400851E-02 2.594261E-02 2.613598E-02 2.193639E-02 1.823544E-02 1.236526E-02 6.376163E-03 3.012458E-03
430 1.951964E+02 5.178571E-01 2.504752E+00 2.215291E-02 2.400851E-02 2.594261E-02 2.613598E-02 2.193639E-02 1.823544E-02 1.236526E-02 6.376163E-03 3.012458E-03
431 1.957143E+02 5.178571E-01 2.504752E+00 2.215291E-02 2.400851E-02 2.594261E-02 2.613598E-02 2.193639E-02 1.823544E-02 1.236526E-02 6.376163E-03 3.012458E-03
432 1.962321E+02 5.178571E-01 2.504752E+00 2.215291E-02 2.400851E-02 2.594261E-02 2.613598E-02 2.193639E-02 1.823544E-02 1.236526E-02 6.376163E-03 3.012458E-03
433 1.967500E+02 5.178571E-01 2.504752E+00 2.215291E-02 2.400851E-02 2.594261E-02 2.613598E-02 2.193639E-02 1.823544E-02 1.236526E-02 6.376163E-03 3.012458E-03
434 1.972679E+02 5.178571E-01 2.504752E+00 2.215291E-02 2.400851E-02 2.594261E-02 2.613598E-02 2.193639E-02 1.823544E-02 1.236526E-02 6.376163E-03 3.012458E-03
435 1.977857E+02 5.178571E-01 2.504752E+00 2.215291E-02 2.400851E-02 2.594261E-02 2.613598E-02 2.193639E-02 1.823544E-02 1.236526E-02 6.376163E-03 3.012458E-03
436 1.983036E+02 5.178571E-01 2.504752E+00 2.215291E-02 2.400851E-02 2.594261E-02 2.613598E-02 2.193639E-02 1.823544E-02 1.236526E-02 6.376163E-03 3.012458E-03
437 1.988214E+02 5.178571E-01 2.504752E+00 2.215291E-02 2.400851E-02 2.594261E-02 2.613598E-02 2.193639E-02 1.823544E-02 1.236526E-02 6.376163E-03 3.012458E-03
438 1.993393E+02 5.178571E-01 2.504752E+00 2.215291E-02 2.400851E-02 2.594261E-02 2.613598E-02 2.193639E-02 1.823544E-02 1.236526E-02 6.376163E-03 3.012458E-03
439 1.998571E+02 5.178571E-01 2.504752E+00 2.215291E-02 2.400851E-02 2.594261E-02 2.613598E-02 2.193639E-02 1.823544E-02 1.236526E-02 6.376163E-03 3.012458E-03
440 2.003750E+02 5.178571E-01 2.504752E+00 2.215291E-02 2.400851E-02 2.594261E-02 2.613598E-02 2.193639E-02 1.823544E-02 1.236526E-02 6.376163E-03 3.012458E-03
441 2.008929E+02 5.178571E-01 2.504752E+00 2.215291E-02 2.400851E-02 2.594261E-02 2.613598E-02 2.193639E-02 1.823544E-02 1.236526E-02 6.376163E-03 3.012458E-03
442 2.014107E+02 5.178571E-01 2.504752E+00 2.215291E-02 2.400851E-02 2.594261E-02 2.613598E-02 2.193639E-02 1.823544E-02 1.236526E-02 6.376163E-03 3.012458E-03
443 2.019286E+02 5.178571E-01 2.504752E+00 2.215291E-02 2.400851E-02 2.594261E-02 2.613598E-02 2.193639E-02 1.823544E-02 1.236526E-02 6.376163E-03 3.012458E-03
444 2.024464E+02 5.178571E-01 2.504752E+00 2.215291E-02 2.400851E-02 2.594261E-02 2.613598E-02 2.193639E-02 1.823544E-02 1.236526E-02 6.376163E-03 3.012458E-03
445 2.029643E+02 5.178571E-01 2.504752E+00 2.215291E-02 2.400851E-02 2.594261E-02 2.613598E-02 2.193639E-02 1.823544E-02 1.236526E-02 6.376163E-03 3.012458E-03
446 2.034821E+02 5.178571E-01 2.504752E+00 2.215291E-02 2.400851E-02 2.594261E-02 2.613598E-02 2.193639E-02 1.823544E-02 1.236526E-02 6.376163E-03 3.012458E-03
447 2.040000E+02 5.178571E-01 2.504752E+00 2.215291E-02 2.400851E-02 2.594261E-02 2.613598E-02 2.193639E-02 1.823544E-02 1.236526E-02 6.376163E-03 3.012458E-03
448 2.045179E+02 5.178571E-01 2.504752E+00 2.215291E-02 2.400851E-02 2.594261E-02 2.613598E-02 2.193639E-02 1.823544E-02 1.236526E-02 6.376163E-03 3.012458E-03
449 2.050357E+02 5.178571E-01 2.504752E+00 2.215291E-02 2.400851E-02 2.594261E-02 2.613598E-02 2.193639E-02 1.823544E-02 1.236526E-02 6.376163E-03 3.012458E-03
450 2.055536E+02 5.178571E-01 2.504752E+00 2.215291E-02 2.400851E-02 2.594261E-02 2.613598E-02 2.193639E-02 1.823544E-02 1.236526E-02 6.376163E-03 3.012458E-03
451 2.060714E+02 5.178571E-01 2.504752E+00 2.215291E-02 2.400851E-02 2.594261E-02 2.613598E-02 2.193639E-02 1.823544E-02 1.236526E-02 6.376163E-03 3.012458E-03
452 2.065893E+02 5.178571E-01 2.504752E+00 2.215291E-02 2.400851E-02 2.594261E-02 2.613598E-02 2.193639E-02 1.823544E-02 1.236526E-02 6.376163E-03 3.012458E-03
453 2.071071E+02 5.178571E-01 2.504752E+00 2.215291E-02 2.400851E-02 2.594261E-02 2.613598E-02 2.193639E-02 1.823544E-02 1.236526E-02 6.376163E-03 3.012458E-03
454 2.076250E+02 5.178571E-01 2.504752E+00 2.215291E-02 2.400851E-02 2.594261E-02 2.613598E-02 2.193639E-02 1.823544E-02 1.236526E-02 6.376163E-03 3.012458E-03
455 2.081429E+02 5.178571E-01 2.504752E+00 2.215291E-02 2.400851E-02 2.594261E-02 2.613598E-02 2.193639E-02 1.823544E-02 1.236526E-02 6.376163E-03 3.012458E-03
456 2.086607E+02 5.178571E-01 2.504752E+00 2.215291E-02 2.400851E-02 2.594261E-02 2.613598E-02 2.193639E-02 1.823544E-02 1.236526E-02 6.376163E-03 3.012458E-03
457 2.091786E+02 5.178571E-01 2.504752E+00 2.215291E-02 2.400851E-02 2.594261E-02 2.613598E-02 2.193639E-02 1.823544E-02 1.236526E-02 6.376163E-03 3.012458E-03
458 2.096964E+02 5.178571E-01 2.504752E+00 2.215291E-02 2.400851E-02 2.594261E-02 2.613598E-02 2.193639E-02 1.823544E-02 1.236526E-02 6.376163E-03 3.012458E-03
459 2.102143E+02 5.178571E-01 2.504752E+00 2.215291E-02 2.400851E-02 2.594261E-02 2.613598E-02 2.193639E-02 1.823544E-02 1.236526E-02 6.376163E-03 3.012458E-03
460 2.107321E+02 5.178571E-01 2.504752E+00 2.215291E-02 2.400851E-02 2.594261E-02 2.613598E-02 2.193639E-02 1.823544E-02 1.236526E-02 6.376163E-03 3.012458E-03
461 2.112500E+02 5.178571E-01 2.504752E+00 2.215291E-02 2.400851E-02 2.594261E-02 2.613598E-02 2.193639E-02 1.823544E-02 1.236526E-02 6.376163E-03 3.012458E-03
462 2.117679E+02 5.178571E-01 2.504752E+00 2.215291E-02 2.400851E-02 2.594261E-02 2.613598E-02 2.193639E-02 1.823544E-02 1.236526E-02 6.376163E-03 3.012458E-03
463 2.122857E+02 5.178571E-01 2.504752E+00 2.215291E-02 2.400851E-02 2.594261E-02 2.613598E-02 2.193639E-02 1.823544E-02 1.236526E-02 6.376163E-03 3.012458E-03
464 2.128036E+02 5.178571E-01 2.504752E+00 2.215291E-02 2.400851E-02 2.594261E-02 2.613598E-02 2.193639E-02 1.823544E-02 1.236526E-02 6.376163E-03 3.012458E-03
465 2.133214E+02 5.178571E-01 2.504752E+00 2.215291E-02 2.400851E-02 2.594261E-02 2.613598E-02 2.193639E-02 1.823544E-02 1.236526E-02 6.376163E-03 3.012458E-03
466 2.138393E+02 5.178571E-01 2.504752E+00 2.215291E-02 2.400851E-02 2.594261E-02 2.613598E-02 2.193639E-02 1.823544E-02 1.236526E-02 6.376163E-03 3.012458E-03
467 2.143571E+02 5.178571E-01 2.504752E+00 2.215291E-02 2.400851E-02 2.594261E-02 2.613598E-02 2.193639E-02 1.823544E-02 1.236526E-02 6.376163E-03 3.012458E-03
468 2.148750E+02 5.178571E-01 2.504752E+00 2.215291E-02 2.400851E-02 2.594261E-02 2.613598E-02 2.193639E-02 1.823544E-02 1.236526E-02 6.376163E-03 3.012458E-03
469 2.153929E+02 5.178571E-01 2.504752E+00 2.215291E-02 2.400851E-02 2.594261E-02 2.613598E-02 2.193639E-02 1.823544E-02 1.236526E-02 6.376163E-03 3.012458E-03
470 2.159107E+02 5.178571E-01 2.504752E+00 2.215291E-02 2.400851E-02 2.594261E-02 2.613598E-02 2.193639E-02 1.823544E-02 1.236526E-02 6.376163E-03 3.012458E-03
471 2.164286E+02 5.178571E-01 2.504752E+00 2.215291E-02 2.400851E-02 2.594261E-02 2.613598E-02 2.193639E-02 1.823544E-02 1.236526E-02 6.376163E-03 3.012458E-03
472 2.169464E+02 5.178571E-01 2.504752E+00 2.215291E-02 2.400851E-02 2.594261E-02 2.613598E-02 2.193639E-02 1.823544E-02 1.236526E-02 6.376163E-03 3.012458E-03
473 2.174643E+02 5.178571E-01 2.504752E+00 2.215291E-02 2.400851E-02 2.594261E-02 2.613598E-02 2.193639E-02 1.823544E-02 1.236526E-02 6.376163E-03 3.012458E-03
474 2.179821E+02 5.178571E-01 2.504752E+00 2.215291E-02 2.400851E-02 2.594261E-02 2.613598E-02 2.193639E-02 1.823544E-02 1.236526E-02 6.376163E-03 3.012458E-03
475 2.185000E+02 5.178571E-01 2.504752E+00 2.215291E-02 2.400851E-02 2.594261E-02 2.613598E-02 2.193639E-02 1.823544E-02 1.236526E-02 6.376163E-03 3.012458E-03
476 2.190179E+02 5.178571E-01 2.504752E+00 2.215291E-02 2.400851E-02 2.594261E-02 2.613598E-02 2.193639E-02 1.823544E-02 1.236526E-02 6.376163E-03 3.012458E-03
477 2.195357E+02 5.178571E-01 2.504752E+00 2.215291E-02 2.400851E-02 2.594261E-02 2.613598E-02 2.193639E-02 1.823544E-02 1.236526E-02 6.376163E-03 3.012458E-03
478 2.200536E+02 5.178571E-01 2.504752E+00 2.215291E-02 2.400851E-02 2.594261E-02 2.613598E-02 2.193639E-02 1.823544E-02 1.236526E-02 6.376163E-03 3.012458E-03
479 2.205714E+02 5.178571E-01 2.504752E+00 2.215291E-02 2.400851E-02 2.594261E-02 2.613598E-02 2.193639E-02 1.823544E-02 1.236526E-02 6.376163E-03 3.012458E-03
480 2.210893E+02 5.178571E-01 2.504752E+00 2.215291E-02 2.400851E-02 2.594261E-02 2.613598E-02 2.193639E-02 1.823544E-02 1.236526E-02 6.376163E-03 3.012458E-03
481 2.216071E+02 5.178571E-01 2.504752E+00 2.215291E-02 2.400851E-02 2.594261E-02 2.613598E-02 2.193639E-02 1.823544E-02 1.236526E-02 6.376163E-03 3.012458E-03
482 2.221250E+02 5.178571E-01 2.504752E+00 2.215291E-02 2.400851E-02 2.594261E-02 2.613598E-02 2.193639E-02 1.823544E-02 1.236526E-02 6.376163E-03 3.012458E-03
483 2.226429E+02 5.178571E-01 2.504752E+00 2.215291E-02 2.400851E-02 2.594261E-02 2.613598E-02 2.193639E-02 1.823544E-02 1.236526E-02 6.376163E-03 3.012458E-03
484 2.231607E+02 5.178571E-01 2.504752E+00 2.215291E-02 2.400851E-02 2.594261E-02 2.613598E-02 2.193639E-02 1.823544E-02 1.236526E-02 6.376163E-03 3.012458E-03
485 2.236786E+02 5.178571E-01 2.504752E+00 2.215291E-02 2.400851E-02 2.594261E-02 2.613598E-02 2.193639E-02 1.823544E-02 1.236526E-02 6.376163E-03 3.012458E-03
486 2.241964E+02 5.178571E-01 2.504752E+00 2.215291E-02 2.400851E-02 2.594261E-02 2.613598E-02 2.193639E-02 1.823544E-02 1.236526E-02 6.376163E-03 3.012458E-03
487 2.247143E+02 5.178571E-01 2.504752E+00 2.215291E-02 2.400851E-02 2.594261E-02 2.613598E-02 2.193639E-02 1.823544E-02 1.236526E-02 6.376163E-03 3.012458E-03
488 2.252321E+02 5.178571E-01 2.504752E+00 2.215291E-02 2.400851E-02 2.594261E-02 2.613598E-02 2.193639E-02 1.823544E-02 1.236526E-02 6.376163E-03 3.012458E-03
489 2.257500E+02 5.178571E-01 2.504752E+00 2.215291E-02 2.400851E-02 2.594261E-02 2.613598E-02 2.193639E-02 1.823544E-02 1.236526E-02 6.376163E-03 3.012458E-03
490 2.262679E+02 5.178571E-01 2.504752E+00 2.215291E-02 2.400851E-02 2.594261E-02 2.613598E-02 2.193639E-02 1.823544E-02 1.236526E-02 6.376163E-03 3.012458E-03
491 2.267857E+02 5.178571E-01 2.504752E+00 2.215291E-02 2.400851E-02 2.594261E-02 2.613598E-02 2.193639E-02 1.823544E-02 1.236526E-02 6.376163E-03 3.012458E-03
492 2.273036E+02 5.178571E-01 2.504752E+00 2.215291E-02 2.400851E-02 2.594261E-02 2.613598E-02 2.193639E-02 1.823544E-02 1.236526E-02 6.376163E-03 3.012458E-03
493 2.278214E+02 5.178571E-01 2.504752E+00 2.215291E-02 2.400851E-02 2.594261E-02 2.613598E-02 2.193639E-02 1.823544E-02 1.236526E-02 6.376163E-03 3.012458E-03
494 2.283393E+02 5.178571E-01 2.504752E+00 2.215291E-02 2.400851E-02 2.594261E-02 2.613598E-02 2.193639E-02 1.823544E-02 1.236526E-02 6.376163E-03 3.012458E-03
495 2.288571E+02 5.178571E-01 2.504752E+00 2.215291E-02 2.400851E-02 2.594261E-02 2.613598E-02 2.193639E-02 1.823544E-02 1.236526E-02 6.376163E-03 3.012458E-03
496 2.293750E+02 5.178571E-01 2.504752E+00 2.215291E-02 2.400851E-02 2.594261E-02 2.613598E-02 2.193639E-02 1.823544E-02 1.236526E-02 6.376163E-03 3.012458E-03
497 2.298929E+02 5.178571E-01 2.504752E+00 2.215291E-02 2.400851E-02 2.594261E-02 2.613598E-02 2.193639E-02 1.823544E-02 1.236526E-02 6.376163E-03 3.012458E-03
498 2.304107E+02 5.178571E-01 2.504752E+00 2.215291E-02 2.400851E-02 2.594261E-02 2.613598E-02 2.193639E-02 1.823544E-02 1.236526E-02 6.376163E-03 3.012458E-03
499 2.309286E+02 5.178571E-01 2.504752E+00 2.215291E-02 2.400851E-02 2.594261E-02 2.613598E-02 2.193639E-02 1.823544E-02 1.236526E-02 6.376163E-03 3.012458E-03
500 2.314464E+02 5.178571E-01 2.504752E+00 2.215291E-02 2.400851E-02 2.594261E-02 2.613598E-02 2.193639E-02 1.823544E-02 1.236526E-02 6.376163E-03 3.012458E-03
501 2.319643E+02 5.178571E-01 2.504752E+00 2.215291E-02 2.400851E-02 2.594261E-02 2.613598E-02 2.193639E-02 1.823544E-02 1.236526E-02 6.376163E-03 3.012458E-03
502 2.324821E+02 5.178571E-01 2.504752E+00 2.215291E-02 2.400851E-02 2.594261E-02 2.613598E-02 2.193639E-02 1.823544E-02 1.236526E-02 6.376163E-03 3.012458E-03
503 2.330000E+02 5.178571E-01 2.504752E+00 2.215291E-02 2.400851E-02 2.594261E-02 2.613598E-02 2.193639E-02 1.823544E-02 1.236526E-02 6.376163E-03 3.012458E-03
504 2.335179E+02 5.178571E-01 2.504752E+00 2.215291E-02 2.400851E-02 2.594261E-02 2.613598E-02 2.193639E-02 1.823544E-02 1.236526E-02 6.376163E-03 3.012458E-03
505 2.340357E+02 5.178571E-01 2.504752E+00 2.215291E-02 2.400851E-02 2.594261E-02 2.613598E-02 2.193639E-02 1.823544E-02 1.236526E-02 6.376163E-03 3.012458E-03
506 2.345536E+02 5.178571E-01 2.504752E+00 2.215291E-02 2.400851E-02 2.594261E-02 2.613598E-02 2.193639E-02 1.823544E-02 1.236526E-02 6.376163E-03 3.012458E-03
507 2.350714E+02 5.178571E-01 2.504752E+00 2.215291E-02 2.400851E-02 2.594261E-02 2.613598E-02 2.193639E-02 1.823544E-02 1.236526E-02 6.376163E-03 3.012458E-03
508 2.355893E+02 5.178571E-01 2.504752E+00 2.215291E-02 2.400851E-02 2.594261E-02 2.613598E-02 2.193639E-02 1.823544E-02 1.236526E-02 6.376163E-03 3.012458E-03
509 2.361071E+02 5.178571E-01 2.504752E+00 2.215291E-02 2.400851E-02 2.594261E-02 2.613598E-02 2.193639E-02 1.823544E-02 1.236526E-02 6.376163E-03 3.012458E-03
510 2.366250E+02 5.178571E-01 2.504752E+00 2.215291E-02 2.400851E-02 2.594261E-02 2.613598E-02 2.193639E-02 1.823544E-02 1.236526E-02 6.376163E-03 3.012458E-03
511 2.371429E+02 5.178571E-01 2.504752E+00 2.215291E-02 2.400851E-02 2.594261E-02 2.613598E-02 2.193639E-02 1.823544E-02 1.236526E-02 6.376163E-03 3.012458E-03
512 2.376607E+02 5.178571E-01 2.504752E+00 2.215291E-02 2.400851E-02 2.594261E-02 2.613598E-02 2.193639E-02 1.823544E-02 1.236526E-02 6.376163E-03 3.012458E-03
513 2.381786E+02 5.178571E-01 2.504752E+00 2.215291E-02 2.400851E-02 2.594261E-02 2.613598E-02 2.193639E-02 1.823544E-02 1.236526E-02 6.376163E-03 3.012458E-03
514 2.386964E+02 5.178571E-01 2.504752E+00 2.215291E-02 2.400851E-02 2.594261E-02 2.613598E-02 2.193639E-02 1.823544E-02 1.236526E-02 6.376163E-03 3.012458E-03
515 2.392143E+02 5.178571E-01 2.504752E+00 2.215291E-02 2.400851E-02 2.594261E-02 2.613598E-02 2.193639E-02 1.823544E-02 1.236526E-02 6.376163E-03 3.012458E-03
516 2.397321E+02 5.178571E-01 2.504752E+00 2.215291E-02 2.400851E-02 2.594261E-02 2.613598E-02 2.193639E-02 1.823544E-02 1.236526E-02 6.376163E-03 3.012458E-03
517 2.402500E+02 5.178571E-01 2.504752E+00 2.215291E-02 2.400851E-02 2.594261E-02 2.613598E-02 2.193639E-02 1.823544E-02 1.236526E-02 6.376163E-03 3.012458E-03
518 2.407679E+02 5.178571E-01 2.504752E+00 2.215291E-02 2.400851E-02 2.594261E-02 2.613598E-02 2.193639E-02 1.823544E-02 1.236526E-02 6.376163E-03 3.012458E-03
519 2.412857E+02 5.178571E-01 2.504752E+00 2.215291E-02 2.400851E-02 2.594261E-02 2.613598E-02 2.193639E-02 1.823544E-02 1.236526E-02 6.376163E-03 3.012458E-03
520 2.418036E+02 5.178571E-01 2.504752E+00 2.215291E-02 2.400851E-02 2.594261E-02 2.613598E-02 2.193639E-02 1.823544E-02 1.236526E-02 6.376163E-03 3.012458E-03
521 2.423214E+02 5.178571E-01 2.504752E+00 2.215291E-02 2.400851E-02 2.594261E-02 2.613598E-02 2.193639E-02 1.823544E-02 1.236526E-02 6.376163E-03 3.012458E-03
522 2.428393E+02 5.178571E-01 2.504752E+00 2.215291E-02 2.400851E-02 2.594261E-02 2.613598E-02 2.193639E-02 1.823544E-02 1.236526E-02 6.376163E-03 3.012458E-03
523 2.433571E+02 5.178571E-01 2.504752E+00 2.215291E-02 2.400851E-02 2.594261E-02 2.613598E-02 2.193639E-02 1.823544E-02 1.236526E-02 6.376163E-03 3.012458E-03
524 2.438750E+02 5.178571E-01 2.504752E+00 2.215291E-02 2.400851E-02 2.594261E-02 2.613598E-02 2.193639E-02 1.823544E-02 1.236526E-02 6.376163E-03 3.012458E-03
525 2.443929E+02 5.178571E-01 2.504752E+00 2.215291E-02 2.400851E-02 2.594261E-02 2.613598E-02 2.193639E-02 1.823544E-02 1.236526E-02 6.376163E-03 3.012458E-03
526 2.449107E+02 5.178571E-01 2.504752E+00 2.215291E-02 2.400851E-02 2.594261E-02 2.613598E-02 2.193639E-02 1.823544E-02 1.236526E-02 6.376163E-03 3.012458E-03
527 2.454286E+02 5.178571E-01 2.504752E+00 2.215291E-02 2.400851E-02 2.594261E-02 2.613598E-02 2.193639E-02 1.823544E-02 1.236526E-02 6.376163E-03 3.012458E-03
528 2.459464E+02 5.178571E-01 2.504752E+00 2.215291E-02 2.400851E-02 2.594261E-02 2.613598E-02 2.193639E-02 1.823544E-02 1.236526E-02 6.376163E-03 3.012458E-03
529 2.464643E+02 5.178571E-01 2.504752E+00 2.215291E-02 2.400851E-02 2.594261E-02 2.613598E-02 2.193639E-02 1.823544E-02 1.236526E-02 6.376163E-03 3.012458E-03
530 2.469821E+02 5.178571E-01 2.504752E+00 2.215291E-02 2.400851E-02 2.594261E-02 2.613598E-02 2.193639E-02 1.823544E-02 1.236526E-02 6.376163E-03 3.012458E-03
531 2.475000E+02 5.178571E-01 2.504752E+00 2.215291E-02 2.400851E-02 2.594261E-02 2.613598E-02 2.193639E-02 1.823544E-02 1.236526E-02 6.376163E-03 3.012458E-03
532 2.480179E+02 5.178571E-01 2.504752E+00 2.215291E-02 2.400851E-02 2.594261E-02 2.613598E-02 2.193639E-02 1.823544E-02 1.236526E-02 6.376163E-03 3.012458E-03
533 2.485357E+02 5.178571E-01 2.504752E+00 2.215291E-02 2.400851E-02 2.594261E-02 2.613598E-02 2.193639E-02 1.823544E-02 1.236526E-02 6.376163E-03 3.012458E-03
534 2.490536E+02 5.178571E-01 2.504752E+00 2.215291E-02 2.400851E-02 2.594261E-02 2.613598E-02 2.193639E-02 1.823544E-02 1.236526E-02 6.376163E-03 3.012458E-03
535 2.495714E+02 5.178571E-01 2.504752E+00 2.215291E-02 2.400851E-02 2.594261E-02 2.613598E-02 2.193639E-02 1.823544E-02 1.236526E-02 6.376163E-03 3.012458E-03
536 2.500893E+02 5.178571E-01 2.504752E+00 2.215291E-02 2.400851E-02 2.594261E-02 2.613598E-02 2.193639E-02 1.823544E-02 1.236526E-02 6.376163E-03 3.012458E-03
537 2.506071E+02 5.178571E-01 2.504752E+00 2.215291E-02 2.400851E-02 2.594261E-02 2.613598E-02 2.193639E-02 1.823544E-02 1.236526E-02 6.376163E-03 3.012458E-03
538 2.511250E+02 5.178571E-01 2.504752E+00 2.215291E-02 2.400851E-02 2.594261E-02 2.613598E-02 2.193639E-02 1.823544E-02 1.236526E-02 6.376163E-03 3.012458E-03
539 2.516429E+02 5.178571E-01 2.504752E+00 2.215291E-02 2.400851E-02 2.594261E-02 2.613598E-02 2.193639E-02 1.823544E-02 1.236526E-02 6.376163E-03 3.012458E-03
540 2.521607E+02 5.178571E-01 2.504752E+00 2.215291E-02 2.400851E-02 2.594261E-02 2.613598E-02 2.193639E-02 1.823544E-02 1.236526E-02 6.376163E-03 3.012458E-03
541 2.526786E+02 5.178571E-01 2.504752E+00 2.215291E-02 2.400851E-02 2.594261E-02 2.613598E-02 2.193639E-02 1.823544E-02 1.236526E-02 6.376163E-03 3.012458E-03
542 2.531964E+02 5.178571E-01 2.504752E+00 2.215291E-02 2.400851E-02 2.594261E-02 2.613598E-02 2.193639E-02 1.823544E-02 1.236526E-02 6.376163E-03 3.012458E-03
543 2.537143E+02 5.178571E-01 2.504752E+00 2.215291E-02 2.400851E-02 2.594261E-02 2.613598E-02 2.193639E-02 1.823544E-02 1.236526E-02 6.376163E-03 3.012458E-03
544 2.542321E+02 5.178571E-01 2.504752E+00 2.215291E-02 2.400851E-02 2.594261E-02 2.613598E-02 2.193639E-02 1.823544E-02 1.236526E-02 6.376163E-03 3.012458E-03
545 2.547500E+02 5.178571E-01 2.504752E+00 2.215291E-02 2.400851E-02 2.594261E-02 2.613598E-02 2.193639E-02 1.823544E-02 1.236526E-02 6.376163E-03 3.012458E-03
546 2.552679E+02 5.178571E-01 2.504752E+00 2.215291E-02 2.400851E-02 2.594261E-02 2.613598E-02 2.193639E-02 1.823544E-02 1.236526E-02 6.376163E-03 3.012458E-03
547 2.557857E+02 5.178571E-01 2.504752E+00 2.215291E-02 2.400851E-02 2.594261E-02 2.613598E-02 2.193639E-02 1.823544E-02 1.236526E-02 6.376163E-03 3.012458E-03
548 2.563036E+02 5.178571E-01 2.504752E+00 2.215291E-02 2.400851E-02 2.594261E-02 2.613598E-02 2.193639E-02 1.823544E-02 1.236526E-02 6.376163E-03 3.012458E-03
549 2.568214E+02 5.178571E-01 2.504752E+00 2.215291E-02 2.400851E-02 2.594261E-02 2.613598E-02 2.193639E-02 1.823544E-02 1.236526E-02 6.376163E-03 3.012458E-03
550 2.573393E+02 5.178571E-01 2.504752E+00 2.215291E-02 2.400851E-02 2.594261E-02 2.613598E-02 2.193639E-02 1.823544E-02 1.236526E-02 6.376163E-03 3.012458E-03
551 2.578571E+02 5.178571E-01 2.504752E+00 2.215291E-02 2.400851E-02 2.594261E-02 2.613598E-02 2.193639E-02 1.823544E-02 1.236526E-02 6.376163E-03 3.012458E-03
552 2.583750E+02 5.178571E-01 2.504752E+00 2.215291E-02 2.400851E-02 2.594261E-02 2.613598E-02 2.193639E-02 1.823544E-02 1.236526E-02 6.376163E-03 3.012458E-03
553 2.588929E+02 5.178571E-01 2.504752E+00 2.215291E-02 2.400851E-02 2.594261E-02 2.613598E-02 2.193639E-02 1.823544E-02 1.236526E-02 6.376163E-03 3.012458E-03
554 2.594107E+02 5.178571E-01 2.504752E+00 2.215291E-02 2.400851E-02 2.594261E-02 2.613598E-02 2.193639E-02 1.823544E-02 1.236526E-02 6.376163E-03 3.012458E-03
555 2.599286E+02 5.178571E-01 2.504752E+00 2.215291E-02 2.400851E-02 2.594261E-02 2.613598E-02 2.193639E-02 1.823544E-02 1.236526E-02 6.376163E-03 3.012458E-03
556 2.604464E+02 5.178571E-01 2.504752E+00 2.215291E-02 2.400851E-02 2.594261E-02 2.613598E-02 2.193639E-02 1.823544E-02 1.236526E-02 6.376163E-03 3.012458E-03
557 2.609643E+02 5.178571E-01 2.504752E+00 2.215291E-02 2.400851E-02 2.594261E-02 2.613598E-02 2.193639E-02 1.823544E-02 1.236526E-02 6.376163E-03 3.012458E-03
558 2.614821E+02 5.178571E-01 2.504752E+00 2.215291E-02 2.400851E-02 2.594261E-02 2.613598E-02 2.193639E-02 1.823544E-02 1.236526E-02 6.376163E-03 3.012458E-03
559 2.620000E+02 5.178571E-01 2.504752E+00 2.215291E-02 2.400851E-02 2.594261E-02 2.613598E-02 2.193639E-02 1.823544E-02 1.236526E-02 6.376163E-03 3.012458E-03
560 2.625179E+02 5.178571E-01 2.504752E+00 2.215291E-02 2.400851E-02 2.594261E-02 2.613598E-02 2.193639E-02 1.823544E-02 1.236526E-02 6.376163E-03 3.012458E-03
561 2.630357E+02 5.178571E-01 2.504752E+00 2.215291E-02 2.400851E-02 2.594261E-02 2.613598E-02 2.193639E-02 1.823544E-02 1.236526E-02 6.376163E-03 3.012458E-03
562 2.635536E+02 5.178571E-01 2.504752E+00 2.215291E-02 2.400851E-02 2.594261E-02 2.613598E-02 2.193639E-02 1.823544E-02 1.236526E-02 6.376163E-03 3.012458E-03
563 2.640714E+02 5.178571E-01 2.504752E+00 2.215291E-02 2.400851E-02 2.594261E-02 2.613598E-02 2.193639E-02 1.823544E-02 1.236526E-02 6.376163E-03 3.012458E-03
564 2.645893E+02 5.178571E-01 2.504752E+00 2.215291E-02 2.400851E-02 2.594261E-02 2.613598E-02 2.193639E-02 1.823544E-02 1.236526E-02 6.376163E-03 3.012458E-03
565 2.651071E+02 5.178571E-01 2.504752E+00 2.215291E-02 2.400851E-02 2.594261E-02 2.613598E-02 2.193639E-02 1.823544E-02 1.236526E-02 6.376163E-03 3.012458E-03
566 2.656250E+02 5.178571E-01 2.504752E+00 2.215291E-02 2.400851E-02 2.594261E-02 2.613598E-02 2.193639E-02 1.823544E-02 1.236526E-02 6.376163E-03 3.012458E-03
567 2.661429E+02 5.178571E-01 2.504752E+00 2.215291E-02 2.400851E-02 2.594261E-02 2.613598E-02 2.193639E-02 1.823544E-02 1.236526E-02 6.376163E-03 3.012458E-03
568 2.666607E+02 5.178571E-01 2.504752E+00 2.215291E-02 2.400851E-02 2.594261E-02 2.613598E-02 2.193639E-02 1.823544E-02 1.236526E-02 6.376163E-03 3.012458E-03
569 2.671786E+02 5.178571E-01 2.504752E+00 2.215291E-02 2.400851E-02 2.594261E-02 2.613598E-02 2.193639E-02 1.823544E-02 1.236526E-02 6.376163E-03 3.012458E-03
570 2.676964E+02 5.178571E-01 2.504752E+00 2.215291E-02 2.400851E-02 2.594261E-02 2.613598E-02 2.193639E-02 1.823544E-02 1.236526E-02 6.376163E-03 3.012458E-03
571 2.682143E+02 5.178571E-01 2.504752E+00 2.215291E-02 2.400851E-02 2.594261E-02 2.613598E-02 2.193639E-02 1.823544E-02 1.236526E-02 6.376163E-03 3.012458E-03
572 2.687321E+02 5.178571E-01 2.504752E+00 2.215291E-02 2.400851E-02 2.594261E-02 2.613598E-02 2.193639E-02 1.823544E-02 1.236526E-02 6.376163E-03 3.012458E-03
573 2.692500E+02 5.178571E-01 2.504752E+00 2.215291E-02 2.400851E-02 2.594261E-02 2.613598E-02 2.193639E-02 1.823544E-02 1.236526E-02 6.376163E-03 3.012458E-03
574 2.697679E+02 5.178571E-01 2.504752E+00 2.215291E-02 2.400851E-02 2.594261E-02 2.613598E-02 2.193639E-02 1.823544E-02 1.236526E-02 6.376163E-03 3.012458E-03
575 2.702857E+02 5.178571E-01 2.504752E+00 2.215291E-02 2.400851E-02 2.594261E-02 2.613598E-02 2.193639E-02 1.823544E-02 1.236526E-02 6.376163E-03 3.012458E-03
576 2.708036E+02 5.178571E-01 2.504752E+00 2.215291E-02 2.400851E-02 2.594261E-02 2.613598E-02 2.193639E-02 1.823544E-02 1.236526E-02 6.376163E-03 3.012458E-03
577 2.713214E+02 5.178571E-01 2.504752E+00 2.215291E-02 2.400851E-02 2.594261E-02 2.613598E-02 2.193639E-02 1.823544E-02 1.236526E-02 6.376163E-03 3.012458E-03
578 2.718393E+02 5.178571E-01 2.504752E+00 2.215291E-02 2.400851E-02 2.594261E-02 2.613598E-02 2.193639E-02 1.823544E-02 1.236526E-02 6.376163E-03 3.012458E-03
579 2.723571E+02 5.178571E-01 2.504752E+00 2.215291E-02 2.400851E-02 2.594261E-02 2.613598E-02 2.193639E-02 1.823544E-02 1.236526E-02 6.376163E-03 3.012458E-03
580 2.728750E+02 5.178571E-01 2.504752E+00 2.215291E-02 2.400851E-02 2.594261E-02 2.613598E-02 2.193639E-02 1.823544E-02 1.236526E-02 6.376163E-03 3.012458E-03
581 2.733929E+02 5.178571E-01 2.504752E+00 2.215291E-02 2.400851E-02 2.594261E-02 2.613598E-02 2.193639E-02 1.823544E-02 1.236526E-02 6.376163E-03 3.012458E-03
582 2.739107E+02 5.178571E-01 2.504752E+00 2.215291E-02 2.400851E-02 2.594261E-02 2.613598E-02 2.193639E-02 1.823544E-02 1.236526E-02 6.376163E-03 3.012458E-03
583 2.744286E+02 5.178571E-01 2.504752E+00 2.215291E-02 2.400851E-02 2.594261E-02 2.613598E-02 2.193639E-02 1.823544E-02 1.236526E-02 6.376163E-03 3.012458E-03
584 2.749464E+02 5.178571E-01 2.504752E+00 2.215291E-02 2.400851E-02 2.594261E-02 2.613598E-02 2.193639E-02 1.823544E-02 1.236526E-02 6.376163E-03 3.012458E-03
585 2.754643E+02 5.178571E-01 2.504752E+00 2.215291E-02 2.400851E-02 2.594261E-02 2.613598E-02 2.193639E-02 1.823544E-02 1.236526E-02 6.376163E-03 3.012458E-03
586 2.759821E+02 5.178571E-01 2.504752E+00 2.215291E-02 2.400851E-02 2.594261E-02 2.613598E-02 2.193639E-02 1.823544E-02 1.236526E-02 6.376163E-03 3.012458E-03
587 2.765000E+02 5.178571E-01 2.504752E+00 2.215291E-02 2.400851E-02 2.594261E-02 2.613598E-02 2.193639E-02 1.823544E-02 1.236526E-02 6.376163E-03 3.012458E-03
588 2.770179E+02 5.178571E-01 2.504752E+00 2.215291E-02 2.400851E-02 2.594261E-02 2.613598E-02 2.193639E-02 1.823544E-02 1.236526E-02 6.376163E-03 3.012458E-03
589 2.775357E+02 5.178571E-01 2.504752E+00 2.215291E-02 2.400851E-02 2.594261E-02 2.613598E-02 2.193639E-02 1.823544E-02 1.236526E-02 6.376163E-03 3.012458E-03
590 2.780536E+02 5.178571E-01 2.504752E+00 2.215291E-02 2.400851E-02 2.594261E-02 2.613598E-02 2.193639E-02 1.823544E-02 1.236526E-02 6.376163E-03 3.012458E-03
591 2.785714E+02 5.178571E-01 2.504752E+00 2.215291E-02 2.400851E-02 2.594261E-02 2.613598E-02 2.193639E-02 1.823544E-02 1.236526E-02 6.376163E-03 3.012458E-03
592 2.790893E+02 5.178571E-01 2.504752E+00 2.215291E-02 2.400851E-02 2.594261E-02 2.613598E-02 2.193639E-02 1.823544E-02 1.236526E-02 6.376163E-03 3.012458E-03
593 2.796071E+02 5.178571E-01 2.504752E+00 2.215291E-02 2.400851E-02 2.594261E-02 2.613598E-02 2.193639E-02 1.823544E-02 1.236526E-02 6.376163E-03 3.012458E-03
594 2.801250E+02 5.178571E-01 2.504752E+00 2.215291E-02 2.400851E-02 2.594261E-02 2.613598E-02 2.193639E-02 1.823544E-02 1.236526E-02 6.376163E-03 3.012458E-03
