0 -2.748214E+01 5.178571E-01 5.800001E+00 5.338758E-15 1.735785E-14 7.502471E-14 2.015572E-13 1.965275E-10 1.093744E-12 2.710823E-12 3.226182E-12 2.810408E-12
1 -2.696429E+01 5.178571E-01 7.747934E+00 3.300112E-14 1.072962E-13 4.637594E-13 1.245910E-12 3.362360E-10 6.760893E-12 1.675674E-11 1.994239E-11 1.737231E-11
2 -2.644643E+01 5.178571E-01 9.977890E+00 1.008093E-13 3.277604E-13 1.416657E-12 3.805912E-12 4.350329E-10 2.065267E-11 5.118724E-11 6.091853E-11 5.306765E-11
3 -2.592857E+01 5.178571E-01 1.270145E+01 2.266019E-13 7.367485E-13 3.184400E-12 8.555031E-12 5.051550E-10 4.642362E-11 1.150600E-10 1.369343E-10 1.192869E-10
4 -2.541071E+01 5.178571E-01 1.297803E+01 4.335067E-13 1.409456E-12 6.092000E-12 1.636642E-11 5.563955E-10 8.881191E-11 2.201186E-10 2.619657E-10 2.282048E-10
5 -2.489286E+01 5.178571E-01 1.050289E+01 7.476345E-13 2.430776E-12 1.050639E-11 2.822587E-11 5.966453E-10 1.531668E-10 3.796210E-10 4.517914E-10 3.935667E-10
6 -2.437500E+01 5.178571E-01 8.523362E+00 1.190415E-12 3.870384E-12 1.672871E-11 4.494242E-11 6.319387E-10 2.438787E-10 6.044487E-10 7.193613E-10 6.266535E-10
7 -2.385714E+01 5.178571E-01 7.994298E+00 1.780031E-12 5.787397E-12 2.501449E-11 6.720252E-11 6.669281E-10 3.646725E-10 9.038338E-10 1.075663E-09 9.370368E-10
8 -2.333929E+01 5.178571E-01 7.311944E+00 2.539623E-12 8.257049E-12 3.568891E-11 9.587981E-11 7.056785E-10 5.202890E-10 1.289526E-09 1.534680E-09 1.336898E-09
9 -2.282143E+01 5.178571E-01 6.594895E+00 3.496539E-12 1.136826E-11 4.913630E-11 1.320068E-10 7.518414E-10 7.163311E-10 1.775413E-09 2.112939E-09 1.840634E-09
10 -2.230357E+01 5.178571E-01 5.750926E+00 4.678505E-12 1.521117E-11 6.574627E-11 1.766302E-10 8.085866E-10 9.584788E-10 2.375571E-09 2.827195E-09 2.462840E-09
11 -2.178571E+01 5.178571E-01 4.803650E+00 6.107608E-12 1.985760E-11 8.582923E-11 2.305840E-10 8.783597E-10 1.251257E-09 3.101217E-09 3.690794E-09 3.215142E-09
12 -2.126786E+01 5.178571E-01 4.161025E+00 7.795448E-12 2.534526E-11 1.095482E-10 2.943060E-10 9.626798E-10 1.597043E-09 3.958239E-09 4.710747E-09 4.103648E-09
13 -2.075000E+01 5.178571E-01 3.756400E+00 9.747229E-12 3.169107E-11 1.369762E-10 3.679927E-10 1.062461E-09 1.996901E-09 4.949281E-09 5.890197E-09 5.131097E-09
14 -2.023214E+01 5.178571E-01 3.492180E+00 1.196760E-11 3.891013E-11 1.681787E-10 4.518195E-10 1.178421E-09 2.451785E-09 6.076703E-09 7.231954E-09 6.299935E-09
15 -1.971429E+01 5.178571E-01 3.322720E+00 1.446435E-11 4.702780E-11 2.032652E-10 5.460809E-10 1.311352E-09 2.963292E-09 7.344462E-09 8.740729E-09 7.614266E-09
16 -1.919643E+01 5.178571E-01 3.051156E+00 1.724843E-11 5.607965E-11 2.423894E-10 6.511898E-10 1.462145E-09 3.533663E-09 8.758114E-09 1.042313E-08 9.079850E-09
17 -1.867857E+01 5.178571E-01 2.738620E+00 2.032633E-11 6.608677E-11 2.856426E-10 7.673913E-10 1.631356E-09 4.164227E-09 1.032095E-08 1.228309E-08 1.070010E-08
18 -1.816071E+01 5.178571E-01 2.454352E+00 2.369484E-11 7.703877E-11 3.329797E-10 8.945645E-10 1.818894E-09 4.854328E-09 1.203136E-08 1.431866E-08 1.247334E-08
19 -1.764286E+01 5.178571E-01 2.206633E+00 2.734121E-11 8.889421E-11 3.842217E-10 1.032228E-09 2.024050E-09 5.601357E-09 1.388285E-08 1.652215E-08 1.439285E-08
20 -1.712500E+01 5.178571E-01 2.189555E+00 3.124974E-11 1.016020E-10 4.391476E-10 1.179789E-09 2.245905E-09 6.402091E-09 1.586746E-08 1.888405E-08 1.645036E-08
21 -1.660714E+01 5.178571E-01 2.244502E+00 3.541916E-11 1.151580E-10 4.977398E-10 1.337200E-09 2.484402E-09 7.256275E-09 1.798454E-08 2.140361E-08 1.864521E-08
22 -1.608929E+01 5.178571E-01 2.166557E+00 3.986485E-11 1.296122E-10 5.602143E-10 1.505040E-09 2.740490E-09 8.167057E-09 2.024189E-08 2.409011E-08 2.098549E-08
23 -1.557143E+01 5.178571E-01 2.057539E+00 4.460279E-11 1.450166E-10 6.267958E-10 1.683914E-09 3.015140E-09 9.137712E-09 2.264764E-08 2.695322E-08 2.347962E-08
24 -1.505357E+01 5.178571E-01 2.175718E+00 4.964987E-11 1.614261E-10 6.977216E-10 1.874460E-09 3.309375E-09 1.017170E-08 2.521036E-08 3.000314E-08 2.613648E-08
25 -1.453571E+01 5.178571E-01 2.303752E+00 5.504771E-11 1.789760E-10 7.735766E-10 2.078247E-09 3.625723E-09 1.127755E-08 2.795118E-08 3.326503E-08 2.897799E-08
26 -1.401786E+01 5.178571E-01 2.423842E+00 6.086579E-11 1.978923E-10 8.553371E-10 2.297901E-09 3.968411E-09 1.246949E-08 3.090539E-08 3.678086E-08 3.204072E-08
27 -1.350000E+01 5.178571E-01 2.504752E+00 6.719500E-11 2.184704E-10 9.442805E-10 2.536851E-09 4.342972E-09 1.376615E-08 3.411913E-08 4.060557E-08 3.537252E-08
28 -1.298214E+01 5.178571E-01 2.504752E+00 7.413643E-11 2.410390E-10 1.041827E-09 2.798915E-09 4.755565E-09 1.518823E-08 3.764373E-08 4.480024E-08 3.902660E-08
29 -1.246429E+01 5.178571E-01 2.504752E+00 8.178864E-11 2.659185E-10 1.149363E-09 3.087813E-09 5.212188E-09 1.675593E-08 4.152923E-08 4.942442E-08 4.305484E-08
30 -1.194643E+01 5.178571E-01 2.504752E+00 9.024837E-11 2.934236E-10 1.268246E-09 3.407198E-09 5.718733E-09 1.848906E-08 4.582477E-08 5.453659E-08 4.750818E-08
31 -1.142857E+01 5.178571E-01 2.504752E+00 9.961457E-11 3.238758E-10 1.399868E-09 3.760805E-09 6.281224E-09 2.040790E-08 5.058058E-08 6.019654E-08 5.243870E-08
32 -1.091071E+01 5.178571E-01 2.504752E+00 1.099914E-10 3.576139E-10 1.545691E-09 4.152567E-09 6.906004E-09 2.253378E-08 5.584955E-08 6.646719E-08 5.790122E-08
33 -1.039286E+01 5.178571E-01 2.504752E+00 1.214906E-10 3.950011E-10 1.707288E-09 4.586704E-09 7.599884E-09 2.488961E-08 6.168842E-08 7.341610E-08 6.395459E-08
34 -9.875000E+00 5.178571E-01 2.504752E+00 1.342337E-10 4.364326E-10 1.886364E-09 5.067801E-09 8.370267E-09 2.750027E-08 6.815889E-08 8.111668E-08 7.066276E-08
35 -9.357143E+00 5.178571E-01 2.504752E+00 1.483537E-10 4.823408E-10 2.084790E-09 5.600880E-09 9.225263E-09 3.039301E-08 7.532849E-08 8.964931E-08 7.809574E-08
36 -8.839286E+00 5.178571E-01 2.504752E+00 1.639969E-10 5.332015E-10 2.304622E-09 6.191468E-09 1.017380E-08 3.359782E-08 8.327155E-08 9.910243E-08 8.633059E-08
37 -8.321429E+00 5.178571E-01 2.504752E+00 1.813248E-10 5.895396E-10 2.548129E-09 6.845659E-09 1.122573E-08 3.714777E-08 9.207003E-08 1.095736E-07 9.545229E-08
38 -7.803571E+00 5.178571E-01 2.504752E+00 2.005158E-10 6.519351E-10 2.817817E-09 7.570188E-09 1.239193E-08 4.107940E-08 1.018145E-07 1.211706E-07 1.055547E-07
39 -7.285714E+00 5.178571E-01 2.504752E+00 2.207593E-10 7.177523E-10 3.102295E-09 8.334450E-09 1.362283E-08 4.522665E-08 1.120934E-07 1.334036E-07 1.162112E-07
40 -6.767857E+00 5.178571E-01 2.504752E+00 2.413936E-10 7.848406E-10 3.392266E-09 9.113471E-09 1.487797E-08 4.945398E-08 1.225707E-07 1.458728E-07 1.270735E-07
41 -6.250000E+00 5.178571E-01 2.504752E+00 2.616779E-10 8.507906E-10 3.677317E-09 9.879274E-09 1.611202E-08 5.360959E-08 1.328703E-07 1.581305E-07 1.377514E-07
42 -5.732143E+00 5.178571E-01 2.504752E+00 2.811417E-10 9.140729E-10 3.950838E-09 1.061410E-08 1.729622E-08 5.759710E-08 1.427533E-07 1.698924E-07 1.479975E-07
43 -5.214286E+00 5.178571E-01 2.504752E+00 2.995049E-10 9.737773E-10 4.208895E-09 1.130738E-08 1.841343E-08 6.135916E-08 1.520775E-07 1.809892E-07 1.576642E-07
44 -4.696429E+00 5.178571E-01 2.504752E+00 3.166202E-10 1.029424E-09 4.449413E-09 1.195354E-08 1.945462E-08 6.486555E-08 1.607680E-07 1.913319E-07 1.666739E-07
45 -4.178571E+00 5.178571E-01 2.504752E+00 3.324307E-10 1.080829E-09 4.671596E-09 1.255045E-08 2.041630E-08 6.810463E-08 1.687960E-07 2.008861E-07 1.749968E-07
46 -3.660714E+00 5.178571E-01 2.504752E+00 3.469405E-10 1.128004E-09 4.875499E-09 1.309824E-08 2.129870E-08 7.107723E-08 1.761635E-07 2.096543E-07 1.826350E-07
47 -3.142857E+00 5.178571E-01 2.504752E+00 3.601931E-10 1.171092E-09 5.061736E-09 1.359858E-08 2.210448E-08 7.379227E-08 1.828927E-07 2.176627E-07 1.896114E-07
48 -2.625000E+00 5.178571E-01 2.504752E+00 3.722566E-10 1.210314E-09 5.231262E-09 1.405401E-08 2.283778E-08 7.626369E-08 1.890181E-07 2.249526E-07 1.959618E-07
49 -2.107143E+00 5.178571E-01 2.504752E+00 3.832127E-10 1.245935E-09 5.385226E-09 1.446765E-08 2.350360E-08 7.850826E-08 1.945812E-07 2.315733E-07 2.017293E-07
50 -1.589286E+00 5.178571E-01 2.504752E+00 3.931499E-10 1.278244E-09 5.524873E-09 1.484281E-08 2.410733E-08 8.054408E-08 1.996269E-07 2.375783E-07 2.069604E-07
51 -1.071429E+00 5.178571E-01 2.504752E+00 4.021583E-10 1.307533E-09 5.651466E-09 1.518291E-08 2.465446E-08 8.238962E-08 2.042011E-07 2.430220E-07 2.117025E-07
52 -5.535714E-01 5.178571E-01 2.504752E+00 4.103262E-10 1.334089E-09 5.766248E-09 1.549128E-08 2.515039E-08 8.406297E-08 2.083484E-07 2.479579E-07 2.160023E-07
53 -3.571429E-02 5.178571E-01 2.504752E+00 4.177383E-10 1.358188E-09 5.870409E-09 1.577111E-08 2.560029E-08 8.558146E-08 2.121120E-07 2.524369E-07 2.199041E-07
54 4.821429E-01 5.178571E-01 2.504752E+00 4.244741E-10 1.380088E-09 5.965066E-09 1.602541E-08 2.600900E-08 8.696142E-08 2.155322E-07 2.565073E-07 2.234499E-07
55 1.000000E+00 5.178571E-01 2.504752E+00 4.306075E-10 1.400030E-09 6.051258E-09 1.625697E-08 2.638105E-08 8.821797E-08 2.186465E-07 2.602137E-07 2.266787E-07
56 1.517857E+00 5.178571E-01 2.504752E+00 4.362065E-10 1.418234E-09 6.129940E-09 1.646835E-08 2.672057E-08 8.936503E-08 2.214895E-07 2.635972E-07 2.296261E-07
57 2.035714E+00 5.178571E-01 2.504752E+00 4.413331E-10 1.434902E-09 6.201983E-09 1.666190E-08 2.703134E-08 9.041531E-08 2.240926E-07 2.666952E-07 2.323248E-07
58 2.553571E+00 5.178571E-01 2.504752E+00 4.460435E-10 1.450217E-09 6.268178E-09 1.683973E-08 2.731681E-08 9.138032E-08 2.264844E-07 2.695417E-07 2.348044E-07
59 3.071429E+00 5.178571E-01 2.504752E+00 4.503885E-10 1.464343E-09 6.329237E-09 1.700377E-08 2.758006E-08 9.227047E-08 2.286906E-07 2.721673E-07 2.370917E-07
60 3.589286E+00 5.178571E-01 2.504752E+00 4.544136E-10 1.477430E-09 6.385801E-09 1.715573E-08 2.782388E-08 9.309508E-08 2.307343E-07 2.745996E-07 2.392105E-07
61 4.107143E+00 5.178571E-01 2.504752E+00 4.581596E-10 1.489610E-09 6.438443E-09 1.729716E-08 2.805075E-08 9.386253E-08 2.326365E-07 2.768633E-07 2.411825E-07
62 4.625000E+00 5.178571E-01 2.504752E+00 4.616631E-10 1.501001E-09 6.487678E-09 1.742943E-08 2.826290E-08 9.458029E-08 2.344154E-07 2.789805E-07 2.430268E-07
63 5.142857E+00 5.178571E-01 2.504752E+00 4.649566E-10 1.511709E-09 6.533961E-09 1.755377E-08 2.846231E-08 9.525502E-08 2.360877E-07 2.809707E-07 2.447606E-07
64 5.660714E+00 5.178571E-01 2.504752E+00 4.680690E-10 1.521828E-09 6.577698E-09 1.767127E-08 2.865075E-08 9.589265E-08 2.376681E-07 2.828515E-07 2.463990E-07
65 6.178571E+00 5.178571E-01 2.504752E+00 4.710259E-10 1.531442E-09 6.619251E-09 1.778291E-08 2.882978E-08 9.649843E-08 2.391695E-07 2.846384E-07 2.479555E-07
66 6.696429E+00 5.178571E-01 2.504752E+00 4.738500E-10 1.540624E-09 6.658939E-09 1.788953E-08 2.900078E-08 9.707701E-08 2.406035E-07 2.863450E-07 2.494422E-07
67 7.214286E+00 5.178571E-01 2.504752E+00 4.765616E-10 1.549440E-09 6.697043E-09 1.799190E-08 2.916498E-08 9.763251E-08 2.419803E-07 2.879835E-07 2.508696E-07
68 7.732143E+00 5.178571E-01 2.504752E+00 4.791782E-10 1.557947E-09 6.733814E-09 1.809068E-08 2.932345E-08 9.816857E-08 2.433089E-07 2.895647E-07 2.522470E-07
69 8.250000E+00 5.178571E-01 2.504752E+00 4.817155E-10 1.566197E-09 6.769471E-09 1.818648E-08 2.947716E-08 9.868840E-08 2.445973E-07 2.910980E-07 2.535827E-07
70 8.767857E+00 5.178571E-01 2.504752E+00 4.841874E-10 1.574234E-09 6.804208E-09 1.827980E-08 2.962693E-08 9.919481E-08 2.458524E-07 2.925918E-07 2.548840E-07
71 9.285714E+00 5.178571E-01 2.504752E+00 4.866060E-10 1.582097E-09 6.838195E-09 1.837111E-08 2.977351E-08 9.969029E-08 2.470804E-07 2.940533E-07 2.561571E-07
72 9.803571E+00 5.178571E-01 2.504752E+00 4.889818E-10 1.589821E-09 6.871582E-09 1.846080E-08 2.991754E-08 1.001770E-07 2.482868E-07 2.954890E-07 2.574078E-07
73 1.032143E+01 5.178571E-01 2.504752E+00 4.913241E-10 1.597437E-09 6.904499E-09 1.854924E-08 3.005959E-08 1.006569E-07 2.494762E-07 2.969045E-07 2.586409E-07
74 1.083929E+01 5.178571E-01 2.504752E+00 4.936412E-10 1.604971E-09 6.937061E-09 1.863672E-08 3.020016E-08 1.011316E-07 2.506527E-07 2.983047E-07 2.598606E-07
75 1.135714E+01 5.178571E-01 2.504752E+00 4.959402E-10 1.612445E-09 6.969368E-09 1.872351E-08 3.033966E-08 1.016026E-07 2.518200E-07 2.996939E-07 2.610708E-07
76 1.187500E+01 5.178571E-01 2.504752E+00 4.982271E-10 1.619881E-09 7.001506E-09 1.880985E-08 3.047849E-08 1.020711E-07 2.529813E-07 3.010759E-07 2.622747E-07
77 1.239286E+01 5.178571E-01 2.504752E+00 5.005075E-10 1.627295E-09 7.033552E-09 1.889594E-08 3.061697E-08 1.025383E-07 2.541392E-07 3.024540E-07 2.634752E-07
78 1.291071E+01 5.178571E-01 2.504752E+00 5.027860E-10 1.634703E-09 7.065571E-09 1.898197E-08 3.075538E-08 1.030051E-07 2.552961E-07 3.038308E-07 2.646746E-07
79 1.342857E+01 5.178571E-01 2.504752E+00 5.050667E-10 1.642118E-09 7.097620E-09 1.906807E-08 3.089396E-08 1.034723E-07 2.564541E-07 3.052090E-07 2.658751E-07
80 1.394643E+01 5.178571E-01 2.504752E+00 5.073529E-10 1.649551E-09 7.129749E-09 1.915438E-08 3.103293E-08 1.039407E-07 2.576150E-07 3.065906E-07 2.670787E-07
81 1.446429E+01 5.178571E-01 2.504752E+00 5.096477E-10 1.657012E-09 7.161998E-09 1.924102E-08 3.117246E-08 1.044108E-07 2.587802E-07 3.079773E-07 2.682867E-07
82 1.498214E+01 5.178571E-01 2.504752E+00 5.119537E-10 1.664510E-09 7.194404E-09 1.932808E-08 3.131272E-08 1.048833E-07 2.599511E-07 3.093708E-07 2.695006E-07
83 1.550000E+01 5.178571E-01 2.504752E+00 5.142731E-10 1.672051E-09 7.226997E-09 1.941564E-08 3.145383E-08 1.053584E-07 2.611288E-07 3.107724E-07 2.707216E-07
84 1.601786E+01 5.178571E-01 2.504752E+00 5.166077E-10 1.679641E-09 7.259804E-09 1.950378E-08 3.159591E-08 1.058367E-07 2.623142E-07 3.121832E-07 2.719505E-07
85 1.653571E+01 5.178571E-01 2.504752E+00 5.189590E-10 1.687286E-09 7.292847E-09 1.959255E-08 3.173904E-08 1.063184E-07 2.635081E-07 3.136041E-07 2.731883E-07
86 1.705357E+01 5.178571E-01 2.504752E+00 5.213284E-10 1.694990E-09 7.326144E-09 1.968201E-08 3.188330E-08 1.068038E-07 2.647112E-07 3.150359E-07 2.744356E-07
87 1.757143E+01 5.178571E-01 2.504752E+00 5.237169E-10 1.702755E-09 7.359710E-09 1.977218E-08 3.202877E-08 1.072932E-07 2.659240E-07 3.164793E-07 2.756929E-07
88 1.808929E+01 5.178571E-01 2.504752E+00 5.261255E-10 1.710586E-09 7.393557E-09 1.986311E-08 3.217549E-08 1.077866E-07 2.671470E-07 3.179347E-07 2.769609E-07
89 1.860714E+01 5.178571E-01 2.504752E+00 5.285548E-10 1.718485E-09 7.427696E-09 1.995483E-08 3.232351E-08 1.082843E-07 2.683805E-07 3.194028E-07 2.782397E-07
90 1.912500E+01 5.178571E-01 2.504752E+00 5.310055E-10 1.726453E-09 7.462135E-09 2.004735E-08 3.247285E-08 1.087864E-07 2.696249E-07 3.208837E-07 2.795298E-07
91 1.964286E+01 5.178571E-01 2.504752E+00 5.349640E-10 1.739323E-09 7.517763E-09 2.019680E-08 3.271441E-08 1.095973E-07 2.716349E-07 3.232758E-07 2.816136E-07
92 2.016071E+01 5.178571E-01 2.504752E+00 5.415451E-10 1.760720E-09 7.610246E-09 2.044526E-08 3.311632E-08 1.109456E-07 2.749765E-07 3.272527E-07 2.850780E-07
93 2.067857E+01 5.178571E-01 2.504752E+00 5.519458E-10 1.794536E-09 7.756406E-09 2.083792E-08 3.375178E-08 1.130764E-07 2.802576E-07 3.335378E-07 2.905531E-07
94 2.119643E+01 5.178571E-01 2.504752E+00 5.669506E-10 1.843320E-09 7.967265E-09 2.140441E-08 3.466873E-08 1.161504E-07 2.878765E-07 3.426051E-07 2.984518E-07
95 2.171429E+01 5.178571E-01 2.504752E+00 5.870845E-10 1.908782E-09 8.250204E-09 2.216453E-08 3.589928E-08 1.202752E-07 2.980997E-07 3.547719E-07 3.090506E-07
96 2.223214E+01 5.178571E-01 2.504752E+00 6.127173E-10 1.992121E-09 8.610417E-09 2.313226E-08 3.746603E-08 1.255265E-07 3.111151E-07 3.702617E-07 3.225442E-07
97 2.275000E+01 5.178571E-01 2.504752E+00 6.441336E-10 2.094265E-09 9.051906E-09 2.431834E-08 3.938638E-08 1.319628E-07 3.270671E-07 3.892464E-07 3.390822E-07
98 2.326786E+01 5.178571E-01 2.504752E+00 6.815807E-10 2.216016E-09 9.578144E-09 2.573210E-08 4.167545E-08 1.396345E-07 3.460814E-07 4.118755E-07 3.587950E-07
99 2.378571E+01 5.178571E-01 2.504752E+00 7.253006E-10 2.358162E-09 1.019253E-08 2.738268E-08 4.434803E-08 1.485913E-07 3.682807E-07 4.382952E-07 3.818098E-07
100 2.430357E+01 5.178571E-01 2.504752E+00 7.755522E-10 2.521545E-09 1.089871E-08 2.927986E-08 4.741996E-08 1.588863E-07 3.937966E-07 4.686619E-07 4.082630E-07
101 2.482143E+01 5.178571E-01 2.504752E+00 8.326262E-10 2.707109E-09 1.170076E-08 3.143461E-08 5.090899E-08 1.705790E-07 4.227767E-07 5.031514E-07 4.383077E-07
102 2.533929E+01 5.178571E-01 2.504752E+00 8.968560E-10 2.915939E-09 1.260337E-08 3.385951E-08 5.483553E-08 1.837377E-07 4.553902E-07 5.419651E-07 4.721193E-07
103 2.585714E+01 5.178571E-01 2.504752E+00 9.686255E-10 3.149282E-09 1.361194E-08 3.656907E-08 5.922303E-08 1.984410E-07 4.918321E-07 5.853351E-07 5.098999E-07
104 2.637500E+01 5.178571E-01 2.504752E+00 1.048375E-09 3.408571E-09 1.473265E-08 3.957990E-08 6.409841E-08 2.147792E-07 5.323260E-07 6.335273E-07 5.518814E-07
105 2.689286E+01 5.178571E-01 2.504752E+00 1.136607E-09 3.695438E-09 1.597255E-08 4.291096E-08 6.949237E-08 2.328551E-07 5.771267E-07 6.868452E-07 5.983279E-07
106 2.741071E+01 5.178571E-01 2.504752E+00 1.233888E-09 4.011729E-09 1.733964E-08 4.658369E-08 7.543962E-08 2.527850E-07 6.265228E-07 7.456320E-07 6.495386E-07
107 2.792857E+01 5.178571E-01 2.504752E+00 1.340859E-09 4.359520E-09 1.884287E-08 5.062220E-08 8.197922E-08 2.746999E-07 6.808383E-07 8.102735E-07 7.058494E-07
108 2.844643E+01 5.178571E-01 2.504752E+00 1.458231E-09 4.741132E-09 2.049229E-08 5.505343E-08 8.915478E-08 2.987458E-07 7.404357E-07 8.812011E-07 7.676362E-07
109 2.896429E+01 5.178571E-01 2.504752E+00 1.586799E-09 5.159144E-09 2.229903E-08 5.990733E-08 9.701481E-08 3.250854E-07 8.057178E-07 9.588940E-07 8.353164E-07
110 2.948214E+01 5.178571E-01 2.504752E+00 1.727441E-09 5.616411E-09 2.427545E-08 6.521706E-08 1.056130E-07 3.538985E-07 8.771305E-07 1.043883E-06 9.093526E-07
111 3.000000E+01 5.178571E-01 2.504752E+00 1.881126E-09 6.116085E-09 2.643516E-08 7.101921E-08 1.150086E-07 3.853836E-07 9.551659E-07 1.136754E-06 9.902546E-07
112 3.051786E+01 5.178571E-01 2.504752E+00 2.048919E-09 6.661629E-09 2.879313E-08 7.735400E-08 1.252667E-07 4.197592E-07 1.040365E-06 1.238150E-06 1.078584E-06
113 3.103571E+01 5.178571E-01 2.504752E+00 2.231990E-09 7.256845E-09 3.136579E-08 8.426557E-08 1.364589E-07 4.572647E-07 1.133322E-06 1.348779E-06 1.174955E-06
114 3.155357E+01 5.178571E-01 2.504752E+00 2.431619E-09 7.905896E-09 3.417115E-08 9.180228E-08 1.486634E-07 4.981624E-07 1.234686E-06 1.469414E-06 1.280043E-06
115 3.207143E+01 5.178571E-01 2.504752E+00 2.649205E-09 8.613333E-09 3.722885E-08 1.000169E-07 1.619657E-07 5.427390E-07 1.345168E-06 1.600900E-06 1.394584E-06
116 3.258929E+01 5.178571E-01 2.504752E+00 2.886277E-09 9.384121E-09 4.056038E-08 1.089672E-07 1.764594E-07 5.913075E-07 1.465544E-06 1.744161E-06 1.519382E-06
117 3.310714E+01 5.178571E-01 2.504752E+00 3.144498E-09 1.022367E-08 4.418913E-08 1.187160E-07 1.922460E-07 6.442090E-07 1.596660E-06 1.900203E-06 1.655314E-06
118 3.362500E+01 5.178571E-01 2.504752E+00 3.425684E-09 1.113789E-08 4.814058E-08 1.293318E-07 2.094366E-07 7.018151E-07 1.739435E-06 2.070122E-06 1.803335E-06
119 3.414286E+01 5.178571E-01 2.504752E+00 3.731806E-09 1.213318E-08 5.244247E-08 1.408890E-07 2.281518E-07 7.645299E-07 1.894873E-06 2.255110E-06 1.964482E-06
120 3.466071E+01 5.178571E-01 2.504752E+00 4.065009E-09 1.321652E-08 5.712492E-08 1.534686E-07 2.485226E-07 8.327929E-07 2.064061E-06 2.456463E-06 2.139886E-06
121 3.517857E+01 5.178571E-01 2.504752E+00 4.427623E-09 1.439549E-08 6.222068E-08 1.671586E-07 2.706915E-07 9.070811E-07 2.248183E-06 2.675588E-06 2.330772E-06
122 3.569643E+01 5.178571E-01 2.504752E+00 4.822176E-09 1.567829E-08 6.776526E-08 1.820543E-07 2.948130E-07 9.879126E-07 2.448522E-06 2.914014E-06 2.538470E-06
123 3.621429E+01 5.178571E-01 2.504752E+00 5.251409E-09 1.707385E-08 7.379721E-08 1.982594E-07 3.210547E-07 1.075849E-06 2.666471E-06 3.173398E-06 2.764426E-06
124 3.673214E+01 5.178571E-01 2.504752E+00 5.718295E-09 1.859183E-08 8.035827E-08 2.158860E-07 3.495984E-07 1.171499E-06 2.903538E-06 3.455534E-06 3.010202E-06
125 3.725000E+01 5.178571E-01 2.504752E+00 6.226050E-09 2.024269E-08 8.749368E-08 2.350556E-07 3.806407E-07 1.275522E-06 3.161357E-06 3.762368E-06 3.277492E-06
126 3.776786E+01 5.178571E-01 2.504752E+00 6.778158E-09 2.203776E-08 9.525237E-08 2.558996E-07 4.143946E-07 1.388632E-06 3.441697E-06 4.096004E-06 3.568131E-06
127 3.828571E+01 5.178571E-01 2.504752E+00 7.378385E-09 2.398927E-08 1.036873E-07 2.785603E-07 4.510904E-07 1.511600E-06 3.746470E-06 4.458717E-06 3.884100E-06
128 3.880357E+01 5.178571E-01 2.504752E+00 8.030799E-09 2.611045E-08 1.128555E-07 3.031913E-07 4.909767E-07 1.645259E-06 4.077742E-06 4.852968E-06 4.227541E-06
129 3.932143E+01 5.178571E-01 2.504752E+00 8.739793E-09 2.841560E-08 1.228189E-07 3.299584E-07 5.343220E-07 1.790509E-06 4.437743E-06 5.281409E-06 4.600767E-06
130 3.983929E+01 5.178571E-01 2.504752E+00 9.510104E-09 3.092010E-08 1.336440E-07 3.590404E-07 5.814162E-07 1.948322E-06 4.828878E-06 5.746904E-06 5.006271E-06
131 4.035714E+01 5.178571E-01 2.504752E+00 1.034684E-08 3.364057E-08 1.454024E-07 3.906300E-07 6.325711E-07 2.119742E-06 5.253740E-06 6.252537E-06 5.446740E-06
132 4.087500E+01 5.178571E-01 2.504752E+00 1.125549E-08 3.659485E-08 1.581715E-07 4.249348E-07 6.881227E-07 2.305896E-06 5.715119E-06 6.801629E-06 5.925068E-06
133 4.139286E+01 5.178571E-01 2.504752E+00 1.224196E-08 3.980215E-08 1.720343E-07 4.621776E-07 7.484321E-07 2.507993E-06 6.216012E-06 7.397748E-06 6.444362E-06
134 4.191071E+01 5.178571E-01 2.504752E+00 1.331259E-08 4.328310E-08 1.870797E-07 5.025979E-07 8.138871E-07 2.727333E-06 6.759641E-06 8.044727E-06 7.007962E-06
135 4.242857E+01 5.178571E-01 2.504752E+00 1.447419E-08 4.705979E-08 2.034035E-07 5.464524E-07 8.849032E-07 2.965308E-06 7.349458E-06 8.746675E-06 7.619446E-06
136 4.294643E+01 5.178571E-01 2.504752E+00 1.573404E-08 5.115591E-08 2.211079E-07 5.940160E-07 9.619256E-07 3.223410E-06 7.989160E-06 9.507992E-06 8.282648E-06
137 4.346429E+01 5.178571E-01 2.504752E+00 1.709990E-08 5.559674E-08 2.403022E-07 6.455823E-07 1.045430E-06 3.503234E-06 8.682696E-06 1.033338E-05 9.001662E-06
138 4.398214E+01 5.178571E-01 2.504752E+00 1.858009E-08 6.040927E-08 2.611031E-07 7.014648E-07 1.135924E-06 3.806478E-06 9.434283E-06 1.122785E-05 9.780858E-06
139 4.450000E+01 5.178571E-01 2.504752E+00 2.018345E-08 6.562224E-08 2.836348E-07 7.619972E-07 1.233947E-06 4.134955E-06 1.024841E-05 1.219675E-05 1.062489E-05
140 4.501786E+01 5.178571E-01 2.504752E+00 2.191936E-08 7.126617E-08 3.080292E-07 8.275338E-07 1.340075E-06 4.490588E-06 1.112984E-05 1.324575E-05 1.153870E-05
141 4.553571E+01 5.178571E-01 2.504752E+00 2.379776E-08 7.737342E-08 3.344261E-07 8.984504E-07 1.454914E-06 4.875415E-06 1.208362E-05 1.438086E-05 1.252752E-05
142 4.605357E+01 5.178571E-01 2.504752E+00 2.582919E-08 8.397818E-08 3.629735E-07 9.751440E-07 1.579108E-06 5.291591E-06 1.311510E-05 1.560844E-05 1.359690E-05
143 4.657143E+01 5.178571E-01 2.504752E+00 2.802472E-08 9.111647E-08 3.938269E-07 1.058033E-06 1.713335E-06 5.741385E-06 1.422991E-05 1.693518E-05 1.475266E-05
144 4.708929E+01 5.178571E-01 2.504752E+00 3.039599E-08 9.882615E-08 4.271499E-07 1.147557E-06 1.858306E-06 6.227184E-06 1.543395E-05 1.836813E-05 1.600093E-05
145 4.760714E+01 5.178571E-01 2.504752E+00 3.295517E-08 1.071468E-07 4.631137E-07 1.244175E-06 2.014766E-06 6.751481E-06 1.673341E-05 1.991463E-05 1.734813E-05
146 4.812500E+01 5.178571E-01 2.504752E+00 3.571497E-08 1.161197E-07 5.018967E-07 1.348367E-06 2.183491E-06 7.316876E-06 1.813474E-05 2.158236E-05 1.880093E-05
147 4.864286E+01 5.178571E-01 2.504752E+00 3.868854E-08 1.257876E-07 5.436838E-07 1.460630E-06 2.365284E-06 7.926067E-06 1.964460E-05 2.337927E-05 2.036626E-05
148 4.916071E+01 5.178571E-01 2.504752E+00 4.188946E-08 1.361947E-07 5.886658E-07 1.581476E-06 2.560977E-06 8.581835E-06 2.126991E-05 2.531357E-05 2.205128E-05
149 4.967857E+01 5.178571E-01 2.504752E+00 4.533165E-08 1.473863E-07 6.370384E-07 1.711432E-06 2.771422E-06 9.287034E-06 2.301773E-05 2.739367E-05 2.386331E-05
150 5.019643E+01 5.178571E-01 2.504752E+00 4.902932E-08 1.594085E-07 6.890012E-07 1.851032E-06 2.997484E-06 1.004457E-05 2.489527E-05 2.962815E-05 2.580982E-05
151 5.071429E+01 5.178571E-01 2.504752E+00 5.299679E-08 1.723079E-07 7.447554E-07 2.000818E-06 3.240042E-06 1.085738E-05 2.690980E-05 3.202567E-05 2.789836E-05
152 5.123214E+01 5.178571E-01 2.504752E+00 5.724843E-08 1.861312E-07 8.045030E-07 2.161332E-06 3.499972E-06 1.172841E-05 2.906863E-05 3.459491E-05 3.013649E-05
153 5.175000E+01 5.178571E-01 2.504752E+00 6.179845E-08 2.009247E-07 8.684437E-07 2.333112E-06 3.778145E-06 1.266056E-05 3.137896E-05 3.734446E-05 3.253169E-05
154 5.226786E+01 5.178571E-01 2.504752E+00 6.666078E-08 2.167335E-07 9.367732E-07 2.516682E-06 4.075411E-06 1.365670E-05 3.384787E-05 4.028274E-05 3.509130E-05
155 5.278571E+01 5.178571E-01 2.504752E+00 7.184879E-08 2.336012E-07 1.009680E-06 2.712548E-06 4.392588E-06 1.471956E-05 3.648215E-05 4.341783E-05 3.782235E-05
156 5.330357E+01 5.178571E-01 2.504752E+00 7.737514E-08 2.515690E-07 1.087340E-06 2.921187E-06 4.730450E-06 1.585174E-05 3.928823E-05 4.675737E-05 4.073151E-05
157 5.382143E+01 5.178571E-01 2.504752E+00 8.325143E-08 2.706745E-07 1.169919E-06 3.143039E-06 5.089706E-06 1.705561E-05 4.227199E-05 5.030838E-05 4.382488E-05
158 5.433929E+01 5.178571E-01 2.504752E+00 8.948800E-08 2.909514E-07 1.257560E-06 3.378491E-06 5.470988E-06 1.833328E-05 4.543868E-05 5.407710E-05 4.710791E-05
159 5.485714E+01 5.178571E-01 2.504752E+00 9.609353E-08 3.124279E-07 1.350387E-06 3.627874E-06 5.874828E-06 1.968655E-05 4.879273E-05 5.806879E-05 5.058517E-05
160 5.537500E+01 5.178571E-01 2.504752E+00 1.030748E-07 3.351260E-07 1.448494E-06 3.891441E-06 6.301639E-06 2.111679E-05 5.233756E-05 6.228754E-05 5.426022E-05
161 5.589286E+01 5.178571E-01 2.504752E+00 1.104363E-07 3.590603E-07 1.551943E-06 4.169363E-06 6.751693E-06 2.262493E-05 5.607544E-05 6.673603E-05 5.813541E-05
162 5.641071E+01 5.178571E-01 2.504752E+00 1.181797E-07 3.842365E-07 1.660761E-06 4.461706E-06 7.225102E-06 2.421132E-05 6.000728E-05 7.141536E-05 6.221170E-05
163 5.692857E+01 5.178571E-01 2.504752E+00 1.263040E-07 4.106508E-07 1.774930E-06 4.768426E-06 7.721791E-06 2.587572E-05 6.413247E-05 7.632480E-05 6.648843E-05
164 5.744643E+01 5.178571E-01 2.504752E+00 1.348044E-07 4.382882E-07 1.894385E-06 5.089348E-06 8.241478E-06 2.761720E-05 6.844868E-05 8.146157E-05 7.096320E-05
165 5.796429E+01 5.178571E-01 2.504752E+00 1.436727E-07 4.671217E-07 2.019010E-06 5.424158E-06 8.783657E-06 2.943404E-05 7.295169E-05 8.682065E-05 7.563162E-05
166 5.848214E+01 5.178571E-01 2.504752E+00 1.528966E-07 4.971111E-07 2.148631E-06 5.772392E-06 9.347572E-06 3.132372E-05 7.763522E-05 9.239457E-05 8.048721E-05
167 5.900000E+01 5.178571E-01 2.504752E+00 1.624594E-07 5.282024E-07 2.283015E-06 6.133420E-06 9.932206E-06 3.328282E-05 8.249083E-05 9.817329E-05 8.552120E-05
168 5.951786E+01 5.178571E-01 2.504752E+00 1.723398E-07 5.603267E-07 2.421864E-06 6.506443E-06 1.053626E-05 3.530702E-05 8.750778E-05 1.041440E-04 9.072244E-05
169 6.003571E+01 5.178571E-01 2.504752E+00 1.825122E-07 5.934000E-07 2.564815E-06 6.890487E-06 1.115817E-05 3.739102E-05 9.267293E-05 1.102911E-04 9.607734E-05
170 6.055357E+01 5.178571E-01 2.504752E+00 1.929459E-07 6.273229E-07 2.711437E-06 7.284395E-06 1.179605E-05 3.952855E-05 9.797075E-05 1.165961E-04 1.015698E-04
171 6.107143E+01 5.178571E-01 2.504752E+00 2.036055E-07 6.619805E-07 2.861236E-06 7.686835E-06 1.244774E-05 4.171238E-05 1.033833E-04 1.230377E-04 1.071812E-04
172 6.158929E+01 5.178571E-01 2.504752E+00 2.144512E-07 6.972431E-07 3.013649E-06 8.096299E-06 1.311081E-05 4.393433E-05 1.088904E-04 1.295917E-04 1.128906E-04
173 6.210714E+01 5.178571E-01 2.504752E+00 2.254387E-07 7.329665E-07 3.168054E-06 8.511115E-06 1.378255E-05 4.618532E-05 1.144694E-04 1.362314E-04 1.186745E-04
174 6.262500E+01 5.178571E-01 2.504752E+00 2.365195E-07 7.689935E-07 3.323771E-06 8.929456E-06 1.445999E-05 4.845543E-05 1.200959E-04 1.429275E-04 1.245077E-04
175 6.314286E+01 5.178571E-01 2.504752E+00 2.476418E-07 8.051552E-07 3.480070E-06 9.349361E-06 1.513997E-05 5.073404E-05 1.257433E-04 1.496486E-04 1.303626E-04
176 6.366071E+01 5.178571E-01 2.504752E+00 2.587504E-07 8.412725E-07 3.636178E-06 9.768751E-06 1.581911E-05 5.300984E-05 1.313839E-04 1.563615E-04 1.362103E-04
177 6.417857E+01 5.178571E-01 2.504752E+00 2.697879E-07 8.771585E-07 3.791286E-06 1.018545E-05 1.649390E-05 5.527107E-05 1.369883E-04 1.630313E-04 1.420206E-04
178 6.469643E+01 5.178571E-01 2.504752E+00 2.806950E-07 9.126208E-07 3.944562E-06 1.059724E-05 1.716073E-05 5.750560E-05 1.425265E-04 1.696224E-04 1.477623E-04
179 6.521429E+01 5.178571E-01 2.504752E+00 2.914116E-07 9.474636E-07 4.095161E-06 1.100183E-05 1.781590E-05 5.970110E-05 1.479680E-04 1.760984E-04 1.534037E-04
180 6.573214E+01 5.178571E-01 2.504752E+00 3.018774E-07 9.814910E-07 4.242235E-06 1.139695E-05 1.845575E-05 6.184521E-05 1.532822E-04 1.824229E-04 1.589131E-04
181 6.625000E+01 5.178571E-01 2.504752E+00 3.120329E-07 1.014509E-06 4.384948E-06 1.178035E-05 1.907662E-05 6.392575E-05 1.584387E-04 1.885598E-04 1.642591E-04
182 6.676786E+01 5.178571E-01 2.504752E+00 3.218200E-07 1.046330E-06 4.522484E-06 1.214985E-05 1.967497E-05 6.593082E-05 1.634082E-04 1.944740E-04 1.694112E-04
183 6.728571E+01 5.178571E-01 2.504752E+00 3.311831E-07 1.076772E-06 4.654063E-06 1.250334E-05 2.024739E-05 6.784902E-05 1.681625E-04 2.001321E-04 1.743401E-04
184 6.780357E+01 5.178571E-01 2.504752E+00 3.400697E-07 1.105665E-06 4.778945E-06 1.283884E-05 2.079069E-05 6.966961E-05 1.726748E-04 2.055022E-04 1.790181E-04
185 6.832143E+01 5.178571E-01 2.504752E+00 3.484312E-07 1.132851E-06 4.896447E-06 1.315452E-05 2.130188E-05 7.138261E-05 1.769204E-04 2.105550E-04 1.834197E-04
186 6.883929E+01 5.178571E-01 2.504752E+00 3.562233E-07 1.158185E-06 5.005949E-06 1.344870E-05 2.177827E-05 7.297899E-05 1.808770E-04 2.152638E-04 1.875217E-04
187 6.935714E+01 5.178571E-01 2.504752E+00 3.634070E-07 1.181541E-06 5.106901E-06 1.371991E-05 2.221745E-05 7.445070E-05 1.845246E-04 2.196049E-04 1.913033E-04
188 6.987500E+01 5.178571E-01 2.504752E+00 3.699484E-07 1.202809E-06 5.198826E-06 1.396687E-05 2.261737E-05 7.579083E-05 1.878461E-04 2.235578E-04 1.947468E-04
189 7.039286E+01 5.178571E-01 2.504752E+00 3.758195E-07 1.221898E-06 5.281330E-06 1.418852E-05 2.297631E-05 7.699361E-05 1.908272E-04 2.271056E-04 1.978374E-04
190 7.091071E+01 5.178571E-01 2.504752E+00 3.809979E-07 1.238735E-06 5.354102E-06 1.438403E-05 2.329290E-05 7.805452E-05 1.934566E-04 2.302349E-04 2.005634E-04
191 7.142857E+01 5.178571E-01 2.504752E+00 3.854675E-07 1.253267E-06 5.416913E-06 1.455277E-05 2.356616E-05 7.897020E-05 1.957261E-04 2.329359E-04 2.029163E-04
192 7.194643E+01 5.178571E-01 2.504752E+00 3.892180E-07 1.265460E-06 5.469618E-06 1.469437E-05 2.379545E-05 7.973856E-05 1.976305E-04 2.352023E-04 2.048906E-04
193 7.246429E+01 5.178571E-01 2.504752E+00 3.922448E-07 1.275302E-06 5.512154E-06 1.480864E-05 2.398050E-05 8.035866E-05 1.991674E-04 2.370314E-04 2.064839E-04
194 7.298214E+01 5.178571E-01 2.504752E+00 3.945491E-07 1.282793E-06 5.544534E-06 1.489563E-05 2.412137E-05 8.083072E-05 2.003374E-04 2.384238E-04 2.076969E-04
195 7.350000E+01 5.178571E-01 2.504752E+00 3.961370E-07 1.287956E-06 5.566849E-06 1.495558E-05 2.421845E-05 8.115603E-05 2.011437E-04 2.393834E-04 2.085328E-04
196 7.401786E+01 5.178571E-01 2.504752E+00 3.970198E-07 1.290826E-06 5.579255E-06 1.498891E-05 2.427242E-05 8.133690E-05 2.015919E-04 2.399169E-04 2.089976E-04
197 7.453571E+01 5.178571E-01 2.504752E+00 3.972133E-07 1.291456E-06 5.581975E-06 1.499622E-05 2.428425E-05 8.137654E-05 2.016902E-04 2.400338E-04 2.090994E-04
198 7.505357E+01 5.178571E-01 2.504752E+00 3.967373E-07 1.289908E-06 5.575285E-06 1.497825E-05 2.425515E-05 8.127902E-05 2.014485E-04 2.397462E-04 2.088488E-04
199 7.557143E+01 5.178571E-01 2.504752E+00 3.956151E-07 1.286259E-06 5.559515E-06 1.493588E-05 2.418654E-05 8.104911E-05 2.008787E-04 2.390680E-04 2.082581E-04
200 7.608929E+01 5.178571E-01 2.504752E+00 3.938732E-07 1.280596E-06 5.535036E-06 1.487012E-05 2.408005E-05 8.069225E-05 1.999942E-04 2.380154E-04 2.073411E-04
201 7.660714E+01 5.178571E-01 2.504752E+00 3.915406E-07 1.273012E-06 5.502257E-06 1.478205E-05 2.393744E-05 8.021439E-05 1.988098E-04 2.366058E-04 2.061132E-04
202 7.712500E+01 5.178571E-01 2.504752E+00 3.886487E-07 1.263609E-06 5.461617E-06 1.467287E-05 2.376064E-05 7.962192E-05 1.973414E-04 2.348583E-04 2.045909E-04
203 7.764286E+01 5.178571E-01 2.504752E+00 3.852302E-07 1.252495E-06 5.413578E-06 1.454381E-05 2.355165E-05 7.892158E-05 1.956056E-04 2.327925E-04 2.027913E-04
204 7.816071E+01 5.178571E-01 2.504752E+00 3.813194E-07 1.239780E-06 5.358620E-06 1.439617E-05 2.331255E-05 7.812038E-05 1.936198E-04 2.304292E-04 2.007326E-04
205 7.867857E+01 5.178571E-01 2.504752E+00 3.769512E-07 1.225577E-06 5.297234E-06 1.423125E-05 2.304550E-05 7.722547E-05 1.914018E-04 2.277895E-04 1.984331E-04
206 7.919643E+01 5.178571E-01 2.504752E+00 3.721610E-07 1.210003E-06 5.229918E-06 1.405040E-05 2.275264E-05 7.624410E-05 1.889695E-04 2.248948E-04 1.959115E-04
207 7.971429E+01 5.178571E-01 2.504752E+00 3.669843E-07 1.193172E-06 5.157171E-06 1.385497E-05 2.243616E-05 7.518356E-05 1.863410E-04 2.217666E-04 1.931864E-04
208 8.023214E+01 5.178571E-01 2.504752E+00 3.614564E-07 1.175200E-06 5.079489E-06 1.364627E-05 2.209820E-05 7.405108E-05 1.835342E-04 2.184261E-04 1.902764E-04
209 8.075000E+01 5.178571E-01 2.504752E+00 3.556123E-07 1.156198E-06 4.997362E-06 1.342563E-05 2.174091E-05 7.285380E-05 1.805667E-04 2.148945E-04 1.872000E-04
210 8.126786E+01 5.178571E-01 2.504752E+00 3.494859E-07 1.136280E-06 4.911269E-06 1.319434E-05 2.136636E-05 7.159869E-05 1.774560E-04 2.111924E-04 1.839749E-04
211 8.178571E+01 5.178571E-01 2.504752E+00 3.431105E-07 1.115551E-06 4.821676E-06 1.295364E-05 2.097659E-05 7.029257E-05 1.742188E-04 2.073398E-04 1.806188E-04
212 8.230357E+01 5.178571E-01 2.504752E+00 3.365181E-07 1.094118E-06 4.729034E-06 1.270476E-05 2.057356E-05 6.894200E-05 1.708714E-04 2.033560E-04 1.771485E-04
213 8.282143E+01 5.178571E-01 2.504752E+00 3.297396E-07 1.072079E-06 4.633777E-06 1.244885E-05 2.015914E-05 6.755329E-05 1.674295E-04 1.992598E-04 1.735802E-04
214 8.333929E+01 5.178571E-01 2.504752E+00 3.228045E-07 1.049531E-06 4.536319E-06 1.218702E-05 1.973515E-05 6.613251E-05 1.639081E-04 1.950690E-04 1.699294E-04
215 8.385714E+01 5.178571E-01 2.504752E+00 3.157408E-07 1.026565E-06 4.437054E-06 1.192034E-05 1.930330E-05 6.468537E-05 1.603214E-04 1.908004E-04 1.662110E-04
216 8.437500E+01 5.178571E-01 2.504752E+00 3.085750E-07 1.003267E-06 4.336355E-06 1.164981E-05 1.886521E-05 6.321734E-05 1.566829E-04 1.864702E-04 1.624388E-04
217 8.489286E+01 5.178571E-01 2.504752E+00 3.013323E-07 9.797185E-07 4.234574E-06 1.137637E-05 1.842242E-05 6.173353E-05 1.530053E-04 1.820934E-04 1.586261E-04
218 8.541071E+01 5.178571E-01 2.504752E+00 2.940359E-07 9.559959E-07 4.132040E-06 1.110090E-05 1.797634E-05 6.023874E-05 1.493005E-04 1.776843E-04 1.547852E-04
219 8.592857E+01 5.178571E-01 2.504752E+00 2.867079E-07 9.321704E-07 4.029060E-06 1.082425E-05 1.752833E-05 5.873745E-05 1.455796E-04 1.732560E-04 1.509276E-04
220 8.644643E+01 5.178571E-01 2.504752E+00 2.793685E-07 9.083078E-07 3.925920E-06 1.054716E-05 1.707963E-05 5.723383E-05 1.418529E-04 1.688208E-04 1.470640E-04
221 8.696429E+01 5.178571E-01 2.504752E+00 2.720364E-07 8.844692E-07 3.822884E-06 1.027035E-05 1.663137E-05 5.573173E-05 1.381300E-04 1.643901E-04 1.432043E-04
222 8.748214E+01 5.178571E-01 2.504752E+00 2.647291E-07 8.607110E-07 3.720196E-06 9.994468E-06 1.618463E-05 5.423469E-05 1.344196E-04 1.599743E-04 1.393576E-04
223 8.800000E+01 5.178571E-01 2.504752E+00 2.574623E-07 8.370845E-07 3.618076E-06 9.720120E-06 1.574036E-05 5.274595E-05 1.307298E-04 1.555831E-04 1.355323E-04
224 8.851786E+01 5.178571E-01 2.504752E+00 2.502504E-07 8.136366E-07 3.516729E-06 9.447846E-06 1.529945E-05 5.126846E-05 1.270679E-04 1.512250E-04 1.317358E-04
225 8.903571E+01 5.178571E-01 2.504752E+00 2.431066E-07 7.904099E-07 3.416338E-06 9.178141E-06 1.486270E-05 4.980491E-05 1.234405E-04 1.469080E-04 1.279752E-04
226 8.955357E+01 5.178571E-01 2.504752E+00 2.360425E-07 7.674426E-07 3.317068E-06 8.911447E-06 1.443083E-05 4.835771E-05 1.198536E-04 1.426392E-04 1.242565E-04
227 9.007143E+01 5.178571E-01 2.504752E+00 2.290688E-07 7.447689E-07 3.219067E-06 8.648163E-06 1.400448E-05 4.692901E-05 1.163126E-04 1.384250E-04 1.205855E-04
228 9.058929E+01 5.178571E-01 2.504752E+00 2.221947E-07 7.224194E-07 3.122467E-06 8.388644E-06 1.358422E-05 4.552073E-05 1.128222E-04 1.342711E-04 1.169669E-04
229 9.110714E+01 5.178571E-01 2.504752E+00 2.154287E-07 7.004210E-07 3.027384E-06 8.133201E-06 1.317057E-05 4.413457E-05 1.093867E-04 1.301824E-04 1.134051E-04
230 9.162500E+01 5.178571E-01 2.504752E+00 2.087778E-07 6.787971E-07 2.933921E-06 7.882106E-06 1.276396E-05 4.277202E-05 1.060096E-04 1.261633E-04 1.099040E-04
231 9.214286E+01 5.178571E-01 2.504752E+00 2.022484E-07 6.575680E-07 2.842164E-06 7.635598E-06 1.236477E-05 4.143435E-05 1.026942E-04 1.222176E-04 1.064668E-04
232 9.266071E+01 5.178571E-01 2.504752E+00 1.958458E-07 6.367513E-07 2.752189E-06 7.393876E-06 1.197334E-05 4.012265E-05 9.944321E-05 1.183485E-04 1.030963E-04
233 9.317857E+01 5.178571E-01 2.504752E+00 1.895745E-07 6.163615E-07 2.664059E-06 7.157112E-06 1.158993E-05 3.883786E-05 9.625888E-05 1.145588E-04 9.979502E-05
234 9.369643E+01 5.178571E-01 2.504752E+00 1.834382E-07 5.964107E-07 2.577827E-06 6.925446E-06 1.121478E-05 3.758073E-05 9.314310E-05 1.108507E-04 9.656479E-05
235 9.421429E+01 5.178571E-01 2.504752E+00 1.774399E-07 5.769086E-07 2.493535E-06 6.698990E-06 1.084807E-05 3.635187E-05 9.009741E-05 1.072260E-04 9.340721E-05
236 9.473214E+01 5.178571E-01 2.504752E+00 1.715820E-07 5.578628E-07 2.411215E-06 6.477833E-06 1.048993E-05 3.515177E-05 8.712298E-05 1.036861E-04 9.032351E-05
237 9.525000E+01 5.178571E-01 2.504752E+00 1.658662E-07 5.392789E-07 2.330891E-06 6.262039E-06 1.014049E-05 3.398077E-05 8.422069E-05 1.002320E-04 8.731460E-05
238 9.576786E+01 5.178571E-01 2.504752E+00 1.602935E-07 5.211607E-07 2.252579E-06 6.051652E-06 9.799794E-06 3.283911E-05 8.139110E-05 9.686449E-05 8.438107E-05
239 9.628571E+01 5.178571E-01 2.504752E+00 1.548647E-07 5.035101E-07 2.176289E-06 5.846696E-06 9.467896E-06 3.172692E-05 7.863456E-05 9.358390E-05 8.152326E-05
240 9.680357E+01 5.178571E-01 2.504752E+00 1.495799E-07 4.863277E-07 2.102023E-06 5.647176E-06 9.144803E-06 3.064424E-05 7.595115E-05 9.039034E-05 7.874127E-05
241 9.732143E+01 5.178571E-01 2.504752E+00 1.444389E-07 4.696128E-07 2.029777E-06 5.453085E-06 8.830499E-06 2.959101E-05 7.334073E-05 8.728365E-05 7.603496E-05
242 9.783929E+01 5.178571E-01 2.504752E+00 1.394411E-07 4.533633E-07 1.959543E-06 5.264398E-06 8.524947E-06 2.856710E-05 7.080300E-05 8.426347E-05 7.340400E-05
243 9.835714E+01 5.178571E-01 2.504752E+00 1.345854E-07 4.375760E-07 1.891307E-06 5.081078E-06 8.228086E-06 2.757232E-05 6.833746E-05 8.132920E-05 7.084789E-05
244 9.887500E+01 5.178571E-01 2.504752E+00 1.298706E-07 4.222469E-07 1.825050E-06 4.903077E-06 7.939840E-06 2.660641E-05 6.594346E-05 7.848008E-05 6.836594E-05
245 9.939286E+01 5.178571E-01 2.504752E+00 1.252951E-07 4.073708E-07 1.760752E-06 4.730338E-06 7.660113E-06 2.566904E-05 6.362022E-05 7.571516E-05 6.595736E-05
246 9.991071E+01 5.178571E-01 2.504752E+00 1.208573E-07 3.929420E-07 1.698388E-06 4.562793E-06 7.388798E-06 2.475986E-05 6.136684E-05 7.303339E-05 6.362120E-05
247 1.004286E+02 5.178571E-01 2.504752E+00 1.165550E-07 3.789541E-07 1.637929E-06 4.400367E-06 7.125772E-06 2.387846E-05 5.918231E-05 7.043355E-05 6.135641E-05
248 1.009464E+02 5.178571E-01 2.504752E+00 1.123861E-07 3.653999E-07 1.579344E-06 4.242978E-06 6.870902E-06 2.302439E-05 5.706551E-05 6.791433E-05 5.916186E-05
249 1.014643E+02 5.178571E-01 2.504752E+00 1.083484E-07 3.522719E-07 1.522602E-06 4.090537E-06 6.624046E-06 2.219718E-05 5.501528E-05 6.547432E-05 5.703631E-05
250 1.019821E+02 5.178571E-01 2.504752E+00 1.044392E-07 3.395621E-07 1.467667E-06 3.942952E-06 6.385053E-06 2.139632E-05 5.303035E-05 6.311203E-05 5.497846E-05
251 1.025000E+02 5.178571E-01 2.504752E+00 1.006561E-07 3.272621E-07 1.414504E-06 3.800126E-06 6.153766E-06 2.062127E-05 5.110942E-05 6.082592E-05 5.298697E-05
252 1.030179E+02 5.178571E-01 2.504752E+00 9.699633E-08 3.153632E-07 1.363074E-06 3.661958E-06 5.930022E-06 1.987151E-05 4.925114E-05 5.861435E-05 5.106042E-05
253 1.035357E+02 5.178571E-01 2.504752E+00 9.345721E-08 3.038565E-07 1.313339E-06 3.528343E-06 5.713652E-06 1.914645E-05 4.745410E-05 5.647568E-05 4.919737E-05
254 1.040536E+02 5.178571E-01 2.504752E+00 9.003591E-08 2.927328E-07 1.265260E-06 3.399177E-06 5.504485E-06 1.844553E-05 4.571689E-05 5.440820E-05 4.739634E-05
255 1.045714E+02 5.178571E-01 2.504752E+00 8.672957E-08 2.819830E-07 1.218797E-06 3.274351E-06 5.302347E-06 1.776817E-05 4.403806E-05 5.241020E-05 4.565583E-05
256 1.050893E+02 5.178571E-01 2.504752E+00 8.353533E-08 2.715975E-07 1.173908E-06 3.153756E-06 5.107062E-06 1.711377E-05 4.241614E-05 5.047994E-05 4.397433E-05
257 1.056071E+02 5.178571E-01 2.504752E+00 8.045026E-08 2.615671E-07 1.130555E-06 3.037284E-06 4.918452E-06 1.648173E-05 4.084966E-05 4.861565E-05 4.235030E-05
258 1.061250E+02 5.178571E-01 2.504752E+00 7.747147E-08 2.518822E-07 1.088694E-06 2.924824E-06 4.736339E-06 1.587147E-05 3.933714E-05 4.681559E-05 4.078222E-05
259 1.066429E+02 5.178571E-01 2.504752E+00 7.459605E-08 2.425334E-07 1.048286E-06 2.816267E-06 4.560546E-06 1.528239E-05 3.787711E-05 4.507798E-05 3.926855E-05
260 1.071607E+02 5.178571E-01 2.504752E+00 7.182109E-08 2.335112E-07 1.009290E-06 2.711502E-06 4.390894E-06 1.471389E-05 3.646808E-05 4.340109E-05 3.780777E-05
261 1.076786E+02 5.178571E-01 2.504752E+00 6.914371E-08 2.248062E-07 9.716655E-07 2.610422E-06 4.227208E-06 1.416538E-05 3.510861E-05 4.178316E-05 3.639835E-05
262 1.081964E+02 5.178571E-01 2.504752E+00 6.656106E-08 2.164093E-07 9.353718E-07 2.512917E-06 4.069314E-06 1.363627E-05 3.379723E-05 4.022248E-05 3.503880E-05
263 1.087143E+02 5.178571E-01 2.504752E+00 6.407029E-08 2.083111E-07 9.003696E-07 2.418882E-06 3.917037E-06 1.312599E-05 3.253252E-05 3.871733E-05 3.372763E-05
264 1.092321E+02 5.178571E-01 2.504752E+00 6.166864E-08 2.005026E-07 8.666194E-07 2.328211E-06 3.770208E-06 1.263397E-05 3.131305E-05 3.726602E-05 3.246335E-05
265 1.097500E+02 5.178571E-01 2.504752E+00 5.935333E-08 1.929749E-07 8.340828E-07 2.240800E-06 3.628658E-06 1.215963E-05 3.013742E-05 3.586689E-05 3.124454E-05
266 1.102679E+02 5.178571E-01 2.504752E+00 5.712166E-08 1.857191E-07 8.027215E-07 2.156546E-06 3.492221E-06 1.170244E-05 2.900426E-05 3.451830E-05 3.006975E-05
267 1.107857E+02 5.178571E-01 2.504752E+00 5.497097E-08 1.787265E-07 7.724982E-07 2.075350E-06 3.360736E-06 1.126183E-05 2.791222E-05 3.321865E-05 2.893760E-05
268 1.113036E+02 5.178571E-01 2.504752E+00 5.289865E-08 1.719888E-07 7.433763E-07 1.997113E-06 3.234041E-06 1.083727E-05 2.685997E-05 3.196636E-05 2.784669E-05
269 1.118214E+02 5.178571E-01 2.504752E+00 5.090215E-08 1.654976E-07 7.153197E-07 1.921738E-06 3.111982E-06 1.042825E-05 2.584622E-05 3.075989E-05 2.679570E-05
270 1.123393E+02 5.178571E-01 2.504752E+00 4.897896E-08 1.592448E-07 6.882934E-07 1.849130E-06 2.994405E-06 1.003425E-05 2.486970E-05 2.959771E-05 2.578330E-05
271 1.128571E+02 5.178571E-01 2.504752E+00 4.712663E-08 1.532223E-07 6.622629E-07 1.779198E-06 2.881160E-06 9.654767E-06 2.392915E-05 2.847836E-05 2.480821E-05
272 1.133750E+02 5.178571E-01 2.504752E+00 4.534278E-08 1.474225E-07 6.371948E-07 1.711852E-06 2.772101E-06 9.289312E-06 2.302338E-05 2.740039E-05 2.386916E-05
273 1.138929E+02 5.178571E-01 2.504752E+00 4.362508E-08 1.418378E-07 6.130562E-07 1.647002E-06 2.667087E-06 8.937409E-06 2.215120E-05 2.636239E-05 2.296494E-05
274 1.144107E+02 5.178571E-01 2.504752E+00 4.197126E-08 1.364607E-07 5.898153E-07 1.584565E-06 2.565978E-06 8.598593E-06 2.131145E-05 2.536300E-05 2.209434E-05
275 1.149286E+02 5.178571E-01 2.504752E+00 4.037910E-08 1.312842E-07 5.674411E-07 1.524455E-06 2.468639E-06 8.272411E-06 2.050301E-05 2.440087E-05 2.125620E-05
276 1.154464E+02 5.178571E-01 2.504752E+00 3.884647E-08 1.263011E-07 5.459032E-07 1.466593E-06 2.374940E-06 7.958423E-06 1.972480E-05 2.347471E-05 2.044940E-05
277 1.159643E+02 5.178571E-01 2.504752E+00 3.737127E-08 1.215048E-07 5.251725E-07 1.410899E-06 2.284751E-06 7.656201E-06 1.897574E-05 2.258325E-05 1.967283E-05
278 1.164821E+02 5.178571E-01 2.504752E+00 3.595147E-08 1.168886E-07 5.052202E-07 1.357296E-06 2.197949E-06 7.365328E-06 1.825482E-05 2.172527E-05 1.892543E-05
279 1.170000E+02 5.178571E-01 2.504752E+00 3.458510E-08 1.124462E-07 4.860188E-07 1.305711E-06 2.114414E-06 7.085401E-06 1.756103E-05 2.089958E-05 1.820615E-05
280 1.175179E+02 5.178571E-01 2.504752E+00 3.327024E-08 1.081712E-07 4.675413E-07 1.256070E-06 2.034028E-06 6.816028E-06 1.689339E-05 2.010502E-05 1.751398E-05
281 1.180357E+02 5.178571E-01 2.504752E+00 3.200505E-08 1.040577E-07 4.497618E-07 1.208305E-06 1.956678E-06 6.556830E-06 1.625097E-05 1.934047E-05 1.684797E-05
282 1.185536E+02 5.178571E-01 2.504752E+00 3.078772E-08 1.000998E-07 4.326548E-07 1.162346E-06 1.882255E-06 6.307437E-06 1.563286E-05 1.860485E-05 1.620715E-05
283 1.190714E+02 5.178571E-01 2.504752E+00 2.961651E-08 9.629187E-08 4.161961E-07 1.118129E-06 1.810652E-06 6.067495E-06 1.503817E-05 1.789710E-05 1.559061E-05
284 1.195893E+02 5.178571E-01 2.504752E+00 2.848975E-08 9.262844E-08 4.003619E-07 1.075590E-06 1.741765E-06 5.836656E-06 1.446604E-05 1.721620E-05 1.499746E-05
285 1.201071E+02 5.178571E-01 2.504752E+00 2.740580E-08 8.910419E-08 3.851293E-07 1.034667E-06 1.675496E-06 5.614589E-06 1.391565E-05 1.656117E-05 1.442685E-05
286 1.206250E+02 5.178571E-01 2.504752E+00 2.636308E-08 8.571401E-08 3.704761E-07 9.953003E-07 1.611748E-06 5.400968E-06 1.338619E-05 1.593106E-05 1.387795E-05
287 1.211429E+02 5.178571E-01 2.504752E+00 2.536007E-08 8.245293E-08 3.563810E-07 9.574331E-07 1.550427E-06 5.195482E-06 1.287690E-05 1.532495E-05 1.334995E-05
288 1.216607E+02 5.178571E-01 2.504752E+00 2.439529E-08 7.931616E-08 3.428231E-07 9.210093E-07 1.491444E-06 4.997830E-06 1.238702E-05 1.474194E-05 1.284207E-05
289 1.221786E+02 5.178571E-01 2.504752E+00 2.346733E-08 7.629907E-08 3.297825E-07 8.859752E-07 1.434711E-06 4.807719E-06 1.191584E-05 1.418118E-05 1.235357E-05
290 1.226964E+02 5.178571E-01 2.504752E+00 2.257479E-08 7.339719E-08 3.172399E-07 8.522790E-07 1.380145E-06 4.624867E-06 1.146264E-05 1.364182E-05 1.188373E-05
291 1.232143E+02 5.178571E-01 2.504752E+00 2.171637E-08 7.060620E-08 3.051766E-07 8.198704E-07 1.327664E-06 4.449003E-06 1.102677E-05 1.312308E-05 1.143184E-05
292 1.237321E+02 5.178571E-01 2.504752E+00 2.089077E-08 6.792194E-08 2.935746E-07 7.887011E-07 1.277190E-06 4.279863E-06 1.060756E-05 1.262418E-05 1.099723E-05
293 1.242500E+02 5.178571E-01 2.504752E+00 2.009676E-08 6.534039E-08 2.824165E-07 7.587244E-07 1.228647E-06 4.117196E-06 1.020439E-05 1.214436E-05 1.057926E-05
294 1.247679E+02 5.178571E-01 2.504752E+00 1.933315E-08 6.285766E-08 2.716856E-07 7.298952E-07 1.181962E-06 3.960755E-06 9.816655E-06 1.168291E-05 1.017728E-05
295 1.252857E+02 5.178571E-01 2.504752E+00 1.859878E-08 6.047002E-08 2.613657E-07 7.021702E-07 1.137065E-06 3.810306E-06 9.443770E-06 1.123914E-05 9.790694E-06
296 1.258036E+02 5.178571E-01 2.504752E+00 1.789255E-08 5.817385E-08 2.514411E-07 6.755075E-07 1.093889E-06 3.665622E-06 9.085172E-06 1.081237E-05 9.418923E-06
297 1.263214E+02 5.178571E-01 2.504752E+00 1.721338E-08 5.596569E-08 2.418969E-07 6.498666E-07 1.052367E-06 3.526482E-06 8.740318E-06 1.040195E-05 9.061400E-06
298 1.268393E+02 5.178571E-01 2.504752E+00 1.656026E-08 5.384219E-08 2.327186E-07 6.252087E-07 1.012437E-06 3.392677E-06 8.408684E-06 1.000727E-05 8.717583E-06
299 1.273571E+02 5.178571E-01 2.504752E+00 1.593217E-08 5.180010E-08 2.238923E-07 6.014963E-07 9.740381E-07 3.264002E-06 8.089766E-06 9.627724E-06 8.386950E-06
300 1.278750E+02 5.178571E-01 2.504752E+00 1.532817E-08 4.983633E-08 2.154044E-07 5.786933E-07 9.371118E-07 3.140262E-06 7.783078E-06 9.262732E-06 8.068996E-06
301 1.283929E+02 5.178571E-01 2.504752E+00 1.474734E-08 4.794788E-08 2.072420E-07 5.567648E-07 9.016018E-07 3.021268E-06 7.488154E-06 8.911738E-06 7.763237E-06
302 1.289107E+02 5.178571E-01 2.504752E+00 1.418879E-08 4.613186E-08 1.993928E-07 5.356774E-07 8.674537E-07 2.906838E-06 7.204541E-06 8.574207E-06 7.469205E-06
303 1.294286E+02 5.178571E-01 2.504752E+00 1.365166E-08 4.438550E-08 1.918446E-07 5.153988E-07 8.346155E-07 2.796797E-06 6.931806E-06 8.249623E-06 7.186451E-06
304 1.299464E+02 5.178571E-01 2.504752E+00 1.313513E-08 4.270611E-08 1.845859E-07 4.958980E-07 8.030367E-07 2.690976E-06 6.669532E-06 7.937487E-06 6.914542E-06
305 1.304643E+02 5.178571E-01 2.504752E+00 1.263841E-08 4.109113E-08 1.776056E-07 4.771451E-07 7.726689E-07 2.589214E-06 6.417316E-06 7.637322E-06 6.653061E-06
306 1.309821E+02 5.178571E-01 2.504752E+00 1.216074E-08 3.953808E-08 1.708929E-07 4.591113E-07 7.434657E-07 2.491354E-06 6.174772E-06 7.348668E-06 6.401607E-06
307 1.315000E+02 5.178571E-01 2.504752E+00 1.170138E-08 3.804458E-08 1.644376E-07 4.417688E-07 7.153821E-07 2.397246E-06 5.941527E-06 7.071080E-06 6.159793E-06
308 1.320179E+02 5.178571E-01 2.504752E+00 1.125963E-08 3.660832E-08 1.582298E-07 4.250912E-07 6.883750E-07 2.306745E-06 5.717222E-06 6.804132E-06 5.927249E-06
309 1.325357E+02 5.178571E-01 2.504752E+00 1.083481E-08 3.522710E-08 1.522598E-07 4.090527E-07 6.624029E-07 2.219712E-06 5.501514E-06 6.547415E-06 5.703616E-06
310 1.330536E+02 5.178571E-01 2.504752E+00 1.042626E-08 3.389880E-08 1.465186E-07 3.936286E-07 6.374258E-07 2.136014E-06 5.294070E-06 6.300533E-06 5.488551E-06
311 1.335714E+02 5.178571E-01 2.504752E+00 1.003337E-08 3.262138E-08 1.409973E-07 3.787953E-07 6.134054E-07 2.055522E-06 5.094571E-06 6.063107E-06 5.281724E-06
312 1.340893E+02 5.178571E-01 2.504752E+00 9.655511E-09 3.139286E-08 1.356873E-07 3.645300E-07 5.903047E-07 1.978111E-06 4.902710E-06 5.834772E-06 5.082815E-06
313 1.346071E+02 5.178571E-01 2.504752E+00 9.292118E-09 3.021137E-08 1.305806E-07 3.508106E-07 5.680881E-07 1.903663E-06 4.718193E-06 5.615176E-06 4.891519E-06
314 1.351250E+02 5.178571E-01 2.504752E+00 8.942629E-09 2.907508E-08 1.256693E-07 3.376161E-07 5.467215E-07 1.832064E-06 4.540735E-06 5.403981E-06 4.707543E-06
315 1.356429E+02 5.178571E-01 2.504752E+00 8.606505E-09 2.798224E-08 1.209458E-07 3.249263E-07 5.261721E-07 1.763203E-06 4.370064E-06 5.200864E-06 4.530602E-06
316 1.361607E+02 5.178571E-01 2.504752E+00 8.283230E-09 2.693118E-08 1.164029E-07 3.127215E-07 5.064082E-07 1.696974E-06 4.205917E-06 5.005511E-06 4.360425E-06
317 1.366786E+02 5.178571E-01 2.504752E+00 7.972308E-09 2.592028E-08 1.120336E-07 3.009830E-07 4.873994E-07 1.633276E-06 4.048042E-06 4.817622E-06 4.196750E-06
318 1.371964E+02 5.178571E-01 2.504752E+00 7.673259E-09 2.494799E-08 1.078311E-07 2.896929E-07 4.691166E-07 1.572010E-06 3.896196E-06 4.636908E-06 4.039326E-06
319 1.377143E+02 5.178571E-01 2.504752E+00 7.385625E-09 2.401281E-08 1.037890E-07 2.788337E-07 4.515317E-07 1.513083E-06 3.750146E-06 4.463093E-06 3.887911E-06
320 1.382321E+02 5.178571E-01 2.504752E+00 7.108965E-09 2.311330E-08 9.990114E-08 2.683888E-07 4.346176E-07 1.456404E-06 3.609669E-06 4.295908E-06 3.742272E-06
321 1.387500E+02 5.178571E-01 2.504752E+00 6.842853E-09 2.224810E-08 9.616152E-08 2.583421E-07 4.183485E-07 1.401886E-06 3.474547E-06 4.135099E-06 3.602187E-06
322 1.392679E+02 5.178571E-01 2.504752E+00 6.586883E-09 2.141586E-08 9.256441E-08 2.486783E-07 4.026993E-07 1.349446E-06 3.344575E-06 3.980417E-06 3.467440E-06
323 1.397857E+02 5.178571E-01 2.504752E+00 6.340661E-09 2.061533E-08 8.910429E-08 2.393826E-07 3.876462E-07 1.299003E-06 3.219553E-06 3.831627E-06 3.337825E-06
324 1.403036E+02 5.178571E-01 2.504752E+00 6.103812E-09 1.984526E-08 8.577588E-08 2.304407E-07 3.731660E-07 1.250479E-06 3.099289E-06 3.688500E-06 3.213144E-06
325 1.408214E+02 5.178571E-01 2.504752E+00 5.875972E-09 1.910449E-08 8.257409E-08 2.218389E-07 3.592367E-07 1.203802E-06 2.983600E-06 3.550817E-06 3.093205E-06
326 1.413393E+02 5.178571E-01 2.504752E+00 5.656793E-09 1.839187E-08 7.949401E-08 2.135641E-07 3.458369E-07 1.158899E-06 2.872310E-06 3.418369E-06 2.977826E-06
327 1.418571E+02 5.178571E-01 2.504752E+00 5.445942E-09 1.770633E-08 7.653095E-08 2.056037E-07 3.329461E-07 1.115703E-06 2.765247E-06 3.290953E-06 2.866831E-06
328 1.423750E+02 5.178571E-01 2.504752E+00 5.243096E-09 1.704682E-08 7.368038E-08 1.979456E-07 3.205448E-07 1.074146E-06 2.662250E-06 3.168374E-06 2.760049E-06
329 1.428929E+02 5.178571E-01 2.504752E+00 5.047946E-09 1.641233E-08 7.093797E-08 1.905780E-07 3.086140E-07 1.034166E-06 2.563160E-06 3.050446E-06 2.657319E-06
330 1.434107E+02 5.178571E-01 2.504752E+00 4.860195E-09 1.580190E-08 6.829955E-08 1.834897E-07 2.971356E-07 9.957015E-07 2.467827E-06 2.936989E-06 2.558484E-06
331 1.439286E+02 5.178571E-01 2.504752E+00 4.679559E-09 1.521460E-08 6.576109E-08 1.766700E-07 2.860921E-07 9.586947E-07 2.376106E-06 2.827832E-06 2.463394E-06
332 1.444464E+02 5.178571E-01 2.504752E+00 4.505761E-09 1.464954E-08 6.331874E-08 1.701086E-07 2.754667E-07 9.230891E-07 2.287858E-06 2.722807E-06 2.371905E-06
333 1.449643E+02 5.178571E-01 2.504752E+00 4.338540E-09 1.410585E-08 6.096881E-08 1.637954E-07 2.652434E-07 8.888307E-07 2.202950E-06 2.621756E-06 2.283877E-06
334 1.454821E+02 5.178571E-01 2.504752E+00 4.177641E-09 1.358272E-08 5.870772E-08 1.577209E-07 2.554066E-07 8.558676E-07 2.121251E-06 2.524526E-06 2.199177E-06
335 1.460000E+02 5.178571E-01 2.504752E+00 4.022822E-09 1.307936E-08 5.653207E-08 1.518759E-07 2.459415E-07 8.241499E-07 2.042640E-06 2.430969E-06 2.117678E-06
336 1.465179E+02 5.178571E-01 2.504752E+00 3.873847E-09 1.259500E-08 5.443855E-08 1.462515E-07 2.368337E-07 7.936297E-07 1.966996E-06 2.340945E-06 2.039255E-06
337 1.470357E+02 5.178571E-01 2.504752E+00 3.730493E-09 1.212891E-08 5.242402E-08 1.408394E-07 2.280695E-07 7.642610E-07 1.894206E-06 2.254316E-06 1.963791E-06
338 1.475536E+02 5.178571E-01 2.504752E+00 3.592543E-09 1.168040E-08 5.048543E-08 1.356313E-07 2.196357E-07 7.359994E-07 1.824160E-06 2.170954E-06 1.891172E-06
339 1.480714E+02 5.178571E-01 2.504752E+00 3.459790E-09 1.124878E-08 4.861988E-08 1.306194E-07 2.115197E-07 7.088025E-07 1.756753E-06 2.090732E-06 1.821289E-06
340 1.485893E+02 5.178571E-01 2.504752E+00 3.332034E-09 1.083341E-08 4.682454E-08 1.257962E-07 2.037091E-07 6.826293E-07 1.691883E-06 2.013530E-06 1.754036E-06
341 1.491071E+02 5.178571E-01 2.504752E+00 3.209084E-09 1.043366E-08 4.509674E-08 1.211544E-07 1.961923E-07 6.574406E-07 1.629454E-06 1.939232E-06 1.689313E-06
342 1.496250E+02 5.178571E-01 2.504752E+00 3.090755E-09 1.004894E-08 4.343388E-08 1.166870E-07 1.889581E-07 6.331987E-07 1.569371E-06 1.867726E-06 1.627023E-06
343 1.501429E+02 5.178571E-01 2.504752E+00 2.976870E-09 9.678666E-09 4.183347E-08 1.123875E-07 1.819956E-07 6.098672E-07 1.511544E-06 1.798906E-06 1.567072E-06
344 1.506607E+02 5.178571E-01 2.504752E+00 2.867259E-09 9.322288E-09 4.029312E-08 1.082492E-07 1.752943E-07 5.874113E-07 1.455888E-06 1.732669E-06 1.509371E-06
345 1.511786E+02 5.178571E-01 2.504752E+00 2.761758E-09 8.979275E-09 3.881054E-08 1.042662E-07 1.688444E-07 5.657975E-07 1.402318E-06 1.668915E-06 1.453833E-06
346 1.516964E+02 5.178571E-01 2.504752E+00 2.660210E-09 8.649114E-09 3.738351E-08 1.004324E-07 1.626361E-07 5.449936E-07 1.350756E-06 1.607550E-06 1.400377E-06
347 1.522143E+02 5.178571E-01 2.504752E+00 2.562465E-09 8.331315E-09 3.600991E-08 9.674219E-08 1.566603E-07 5.249686E-07 1.301125E-06 1.548483E-06 1.348922E-06
348 1.527321E+02 5.178571E-01 2.504752E+00 2.468376E-09 8.025407E-09 3.468770E-08 9.319001E-08 1.509080E-07 5.056929E-07 1.253350E-06 1.491626E-06 1.299393E-06
349 1.532500E+02 5.178571E-01 2.504752E+00 2.377805E-09 7.730934E-09 3.341492E-08 8.977063E-08 1.453708E-07 4.871377E-07 1.207361E-06 1.436895E-06 1.251715E-06
350 1.537679E+02 5.178571E-01 2.504752E+00 2.290618E-09 7.447461E-09 3.218968E-08 8.647898E-08 1.400405E-07 4.692757E-07 1.163091E-06 1.384208E-06 1.205818E-06
351 1.542857E+02 5.178571E-01 2.504752E+00 2.206684E-09 7.174570E-09 3.101018E-08 8.331020E-08 1.349091E-07 4.520804E-07 1.120472E-06 1.333487E-06 1.161634E-06
352 1.548036E+02 5.178571E-01 2.504752E+00 2.125881E-09 6.911856E-09 2.987467E-08 8.025960E-08 1.299691E-07 4.355264E-07 1.079444E-06 1.284658E-06 1.119098E-06
353 1.553214E+02 5.178571E-01 2.504752E+00 2.048090E-09 6.658933E-09 2.878148E-08 7.732270E-08 1.252132E-07 4.195894E-07 1.039944E-06 1.237649E-06 1.078147E-06
354 1.558393E+02 5.178571E-01 2.504752E+00 1.973195E-09 6.415430E-09 2.772900E-08 7.449516E-08 1.206344E-07 4.042458E-07 1.001915E-06 1.192391E-06 1.038722E-06
355 1.563571E+02 5.178571E-01 2.504752E+00 1.901088E-09 6.180987E-09 2.671568E-08 7.177284E-08 1.162260E-07 3.894732E-07 9.653019E-07 1.148817E-06 1.000763E-06
356 1.568750E+02 5.178571E-01 2.504752E+00 1.831661E-09 5.955261E-09 2.574004E-08 6.915175E-08 1.119815E-07 3.752499E-07 9.300497E-07 1.106863E-06 9.642157E-07
357 1.573929E+02 5.178571E-01 2.504752E+00 1.764814E-09 5.737922E-09 2.480065E-08 6.662803E-08 1.078947E-07 3.615551E-07 8.961072E-07 1.066468E-06 9.290264E-07
358 1.579107E+02 5.178571E-01 2.504752E+00 1.700449E-09 5.528652E-09 2.389614E-08 6.419801E-08 1.039596E-07 3.483686E-07 8.634249E-07 1.027572E-06 8.951435E-07
359 1.584286E+02 5.178571E-01 2.504752E+00 1.638471E-09 5.327145E-09 2.302518E-08 6.185814E-08 1.001705E-07 3.356714E-07 8.319550E-07 9.901192E-07 8.625175E-07
360 1.589464E+02 5.178571E-01 2.504752E+00 1.578791E-09 5.133108E-09 2.218650E-08 5.960500E-08 9.652186E-08 3.234448E-07 8.016516E-07 9.540549E-07 8.311009E-07
361 1.594643E+02 5.178571E-01 2.504752E+00 1.521322E-09 4.946257E-09 2.137889E-08 5.743532E-08 9.300837E-08 3.116711E-07 7.724707E-07 9.193263E-07 8.008480E-07
362 1.599821E+02 5.178571E-01 2.504752E+00 1.465979E-09 4.766323E-09 2.060117E-08 5.534594E-08 8.962492E-08 3.003331E-07 7.443698E-07 8.858832E-07 7.717148E-07
363 1.605000E+02 5.178571E-01 2.504752E+00 1.412684E-09 4.593043E-09 1.985221E-08 5.333384E-08 8.636661E-08 2.894145E-07 7.173083E-07 8.536769E-07 7.436591E-07
364 1.610179E+02 5.178571E-01 2.504752E+00 1.361357E-09 4.426167E-09 1.913094E-08 5.139610E-08 8.322871E-08 2.788994E-07 6.912468E-07 8.226608E-07 7.166403E-07
365 1.615357E+02 5.178571E-01 2.504752E+00 1.311927E-09 4.265454E-09 1.843630E-08 4.952992E-08 8.020669E-08 2.687726E-07 6.661478E-07 7.927902E-07 6.906192E-07
366 1.620536E+02 5.178571E-01 2.504752E+00 1.264320E-09 4.110671E-09 1.776729E-08 4.773260E-08 7.729619E-08 2.590195E-07 6.419749E-07 7.640218E-07 6.655584E-07
367 1.625714E+02 5.178571E-01 2.504752E+00 1.218469E-09 3.961596E-09 1.712295E-08 4.600156E-08 7.449301E-08 2.496261E-07 6.186934E-07 7.363142E-07 6.414216E-07
368 1.630893E+02 5.178571E-01 2.504752E+00 1.174307E-09 3.818014E-09 1.650235E-08 4.433430E-08 7.179312E-08 2.405788E-07 5.962698E-07 7.096275E-07 6.181742E-07
369 1.636071E+02 5.178571E-01 2.504752E+00 1.131772E-09 3.679718E-09 1.590461E-08 4.272842E-08 6.919263E-08 2.318645E-07 5.746718E-07 6.839235E-07 5.957828E-07
370 1.641250E+02 5.178571E-01 2.504752E+00 1.090801E-09 3.546511E-09 1.532885E-08 4.118164E-08 6.668783E-08 2.234709E-07 5.538684E-07 6.591652E-07 5.742152E-07
371 1.646429E+02 5.178571E-01 2.504752E+00 1.051337E-09 3.418201E-09 1.477427E-08 3.969172E-08 6.427512E-08 2.153860E-07 5.338299E-07 6.353172E-07 5.534406E-07
372 1.651607E+02 5.178571E-01 2.504752E+00 1.013323E-09 3.294605E-09 1.424006E-08 3.825654E-08 6.195106E-08 2.075980E-07 5.145276E-07 6.123453E-07 5.334292E-07
373 1.656786E+02 5.178571E-01 2.504752E+00 9.767039E-10 3.175547E-09 1.372546E-08 3.687406E-08 5.971231E-08 2.000960E-07 4.959340E-07 5.902168E-07 5.141525E-07
374 1.661964E+02 5.178571E-01 2.504752E+00 9.414286E-10 3.060857E-09 1.322975E-08 3.554229E-08 5.755571E-08 1.928692E-07 4.780225E-07 5.689001E-07 4.955831E-07
375 1.667143E+02 5.178571E-01 2.504752E+00 9.074466E-10 2.950372E-09 1.275220E-08 3.425935E-08 5.547816E-08 1.859073E-07 4.607677E-07 5.483650E-07 4.776944E-07
376 1.672321E+02 5.178571E-01 2.504752E+00 8.747095E-10 2.843934E-09 1.229215E-08 3.302340E-08 5.347673E-08 1.792005E-07 4.441451E-07 5.285822E-07 4.604611E-07
377 1.677500E+02 5.178571E-01 2.504752E+00 8.431710E-10 2.741393E-09 1.184895E-08 3.183271E-08 5.154857E-08 1.727393E-07 4.281309E-07 5.095236E-07 4.438587E-07
378 1.682679E+02 5.178571E-01 2.504752E+00 8.127863E-10 2.642604E-09 1.142195E-08 3.068558E-08 4.969095E-08 1.665144E-07 4.127027E-07 4.911623E-07 4.278637E-07
379 1.687857E+02 5.178571E-01 2.504752E+00 7.835124E-10 2.547426E-09 1.101057E-08 2.958039E-08 4.790125E-08 1.605171E-07 3.978385E-07 4.734722E-07 4.124534E-07
380 1.693036E+02 5.178571E-01 2.504752E+00 7.553080E-10 2.455725E-09 1.061422E-08 2.851557E-08 4.617693E-08 1.547389E-07 3.835174E-07 4.564285E-07 3.976062E-07
381 1.698214E+02 5.178571E-01 2.504752E+00 7.281334E-10 2.367373E-09 1.023234E-08 2.748963E-08 4.451557E-08 1.491717E-07 3.697191E-07 4.400070E-07 3.833011E-07
382 1.703393E+02 5.178571E-01 2.504752E+00 7.019503E-10 2.282244E-09 9.864395E-09 2.650113E-08 4.291482E-08 1.438076E-07 3.564243E-07 4.241847E-07 3.695178E-07
383 1.708571E+02 5.178571E-01 2.504752E+00 6.767218E-10 2.200219E-09 9.509863E-09 2.554866E-08 4.137244E-08 1.386391E-07 3.436142E-07 4.089393E-07 3.562372E-07
384 1.713750E+02 5.178571E-01 2.504752E+00 6.524126E-10 2.121182E-09 9.168250E-09 2.463090E-08 3.988626E-08 1.336589E-07 3.312709E-07 3.942494E-07 3.434404E-07
385 1.718929E+02 5.178571E-01 2.504752E+00 6.289886E-10 2.045024E-09 8.839076E-09 2.374656E-08 3.845420E-08 1.288600E-07 3.193771E-07 3.800943E-07 3.311096E-07
386 1.724107E+02 5.178571E-01 2.504752E+00 6.064170E-10 1.971637E-09 8.521880E-09 2.289440E-08 3.707424E-08 1.242358E-07 3.079160E-07 3.664544E-07 3.192276E-07
387 1.729286E+02 5.178571E-01 2.504752E+00 5.846662E-10 1.900919E-09 8.216220E-09 2.207323E-08 3.574448E-08 1.197798E-07 2.968718E-07 3.533105E-07 3.077776E-07
388 1.734464E+02 5.178571E-01 2.504752E+00 5.637059E-10 1.832771E-09 7.921668E-09 2.128191E-08 3.446304E-08 1.154856E-07 2.862289E-07 3.406443E-07 2.967438E-07
389 1.739643E+02 5.178571E-01 2.504752E+00 5.435068E-10 1.767098E-09 7.637814E-09 2.051932E-08 3.322814E-08 1.113475E-07 2.759726E-07 3.284382E-07 2.861107E-07
390 1.744821E+02 5.178571E-01 2.504752E+00 5.240410E-10 1.703809E-09 7.364264E-09 1.978442E-08 3.203806E-08 1.073596E-07 2.660886E-07 3.166751E-07 2.758635E-07
391 1.750000E+02 5.178571E-01 2.504752E+00 5.052812E-10 1.642816E-09 7.100636E-09 1.907617E-08 3.089115E-08 1.035163E-07 2.565631E-07 3.053387E-07 2.659881E-07
392 1.755179E+02 5.178571E-01 2.504752E+00 4.872016E-10 1.584033E-09 6.846565E-09 1.839360E-08 2.978583E-08 9.981232E-08 2.473829E-07 2.944132E-07 2.564707E-07
393 1.760357E+02 5.178571E-01 2.504752E+00 4.697770E-10 1.527381E-09 6.601700E-09 1.773576E-08 2.872055E-08 9.624256E-08 2.385353E-07 2.838836E-07 2.472981E-07
394 1.765536E+02 5.178571E-01 2.504752E+00 4.529832E-10 1.472780E-09 6.365701E-09 1.710173E-08 2.769384E-08 9.280205E-08 2.300081E-07 2.737353E-07 2.384576E-07
395 1.770714E+02 5.178571E-01 2.504752E+00 4.367973E-10 1.420154E-09 6.138242E-09 1.649065E-08 2.670428E-08 8.948605E-08 2.217894E-07 2.639542E-07 2.299370E-07
396 1.775893E+02 5.178571E-01 2.504752E+00 4.211966E-10 1.369432E-09 5.919008E-09 1.590167E-08 2.575051E-08 8.628997E-08 2.138680E-07 2.545268E-07 2.217246E-07
397 1.781071E+02 5.178571E-01 2.504752E+00 4.061599E-10 1.320543E-09 5.707699E-09 1.533398E-08 2.483122E-08 8.320941E-08 2.062329E-07 2.454402E-07 2.138090E-07
398 1.786250E+02 5.178571E-01 2.504752E+00 3.916663E-10 1.273421E-09 5.504023E-09 1.478680E-08 2.394513E-08 8.024013E-08 1.988736E-07 2.366818E-07 2.061794E-07
399 1.791429E+02 5.178571E-01 2.504752E+00 3.776960E-10 1.227999E-09 5.307701E-09 1.425937E-08 2.309103E-08 7.737805E-08 1.917800E-07 2.282396E-07 1.988252E-07
400 1.796607E+02 5.178571E-01 2.504752E+00 3.642297E-10 1.184216E-09 5.118462E-09 1.375097E-08 2.226775E-08 7.461924E-08 1.849423E-07 2.201020E-07 1.917363E-07
401 1.801786E+02 5.178571E-01 2.504752E+00 3.512491E-10 1.142012E-09 4.936047E-09 1.326091E-08 2.147416E-08 7.195991E-08 1.783512E-07 2.122579E-07 1.849031E-07
402 1.806964E+02 5.178571E-01 2.504752E+00 3.387363E-10 1.101330E-09 4.760206E-09 1.278850E-08 2.070917E-08 6.939643E-08 1.719977E-07 2.046965E-07 1.783162E-07
403 1.812143E+02 5.178571E-01 2.504752E+00 3.266742E-10 1.062112E-09 4.590700E-09 1.233312E-08 1.997174E-08 6.692530E-08 1.658730E-07 1.974074E-07 1.719665E-07
404 1.817321E+02 5.178571E-01 2.504752E+00 3.150464E-10 1.024307E-09 4.427297E-09 1.189413E-08 1.926085E-08 6.454312E-08 1.599689E-07 1.903808E-07 1.658455E-07
405 1.822500E+02 5.178571E-01 2.504752E+00 3.038370E-10 9.878621E-10 4.269773E-09 1.147093E-08 1.857555E-08 6.224667E-08 1.542772E-07 1.836070E-07 1.599446E-07
406 1.827679E+02 5.178571E-01 2.504752E+00 2.930307E-10 9.527277E-10 4.117914E-09 1.106295E-08 1.791489E-08 6.003280E-08 1.487901E-07 1.770769E-07 1.542560E-07
407 1.832857E+02 5.178571E-01 2.504752E+00 2.826129E-10 9.188563E-10 3.971513E-09 1.066964E-08 1.727798E-08 5.789851E-08 1.435003E-07 1.707814E-07 1.487719E-07
408 1.838036E+02 5.178571E-01 2.504752E+00 2.725693E-10 8.862017E-10 3.830372E-09 1.029046E-08 1.666395E-08 5.584089E-08 1.384006E-07 1.647121E-07 1.434848E-07
409 1.843214E+02 5.178571E-01 2.504752E+00 2.628863E-10 8.547196E-10 3.694299E-09 9.924897E-09 1.607197E-08 5.385716E-08 1.334839E-07 1.588608E-07 1.383876E-07
410 1.848393E+02 5.178571E-01 2.504752E+00 2.535509E-10 8.243674E-10 3.563110E-09 9.572451E-09 1.550123E-08 5.194462E-08 1.287437E-07 1.532194E-07 1.334732E-07
411 1.853571E+02 5.178571E-01 2.504752E+00 2.445503E-10 7.951040E-10 3.436627E-09 9.232647E-09 1.495097E-08 5.010069E-08 1.241736E-07 1.477804E-07 1.287352E-07
412 1.858750E+02 5.178571E-01 2.504752E+00 2.358725E-10 7.668897E-10 3.314678E-09 8.905027E-09 1.442043E-08 4.832287E-08 1.197673E-07 1.425364E-07 1.241670E-07
413 1.863929E+02 5.178571E-01 2.504752E+00 2.275056E-10 7.396865E-10 3.197099E-09 8.589147E-09 1.390891E-08 4.660875E-08 1.155189E-07 1.374804E-07 1.197626E-07
414 1.869107E+02 5.178571E-01 2.504752E+00 2.194384E-10 7.134576E-10 3.083732E-09 8.284581E-09 1.341571E-08 4.495603E-08 1.114227E-07 1.326054E-07 1.155159E-07
415 1.874286E+02 5.178571E-01 2.504752E+00 2.116600E-10 6.881678E-10 2.974423E-09 7.990918E-09 1.294016E-08 4.336248E-08 1.074731E-07 1.279049E-07 1.114212E-07
416 1.879464E+02 5.178571E-01 2.504752E+00 2.041599E-10 6.637829E-10 2.869026E-09 7.707764E-09 1.248163E-08 4.182596E-08 1.036648E-07 1.233727E-07 1.074730E-07
417 1.884643E+02 5.178571E-01 2.504752E+00 1.969281E-10 6.402702E-10 2.767399E-09 7.434737E-09 1.203950E-08 4.034438E-08 9.999277E-08 1.190026E-07 1.036661E-07
418 1.889821E+02 5.178571E-01 2.504752E+00 1.899548E-10 6.175981E-10 2.669404E-09 7.171471E-09 1.161318E-08 3.891578E-08 9.645200E-08 1.147886E-07 9.999524E-08
419 1.895000E+02 5.178571E-01 2.504752E+00 1.832307E-10 5.957361E-10 2.574912E-09 6.917613E-09 1.120209E-08 3.753822E-08 9.303776E-08 1.107253E-07 9.645557E-08
420 1.900179E+02 5.178571E-01 2.504752E+00 1.767468E-10 5.746550E-10 2.483794E-09 6.672822E-09 1.080569E-08 3.620987E-08 8.974546E-08 1.068071E-07 9.304233E-08
421 1.905357E+02 5.178571E-01 2.504752E+00 1.704944E-10 5.543265E-10 2.395930E-09 6.436770E-09 1.042344E-08 3.492894E-08 8.657071E-08 1.030288E-07 8.975095E-08
422 1.910536E+02 5.178571E-01 2.504752E+00 1.644650E-10 5.347235E-10 2.311201E-09 6.209142E-09 1.005483E-08 3.369373E-08 8.350924E-08 9.938532E-08 8.657702E-08
423 1.915714E+02 5.178571E-01 2.504752E+00 1.586508E-10 5.158197E-10 2.229494E-09 5.989633E-09 9.699363E-09 3.250257E-08 8.055698E-08 9.587180E-08 8.351631E-08
424 1.920893E+02 5.178571E-01 2.504752E+00 1.530438E-10 4.975899E-10 2.150701E-09 5.777951E-09 9.356574E-09 3.135388E-08 7.770999E-08 9.248355E-08 8.056472E-08
425 1.926071E+02 5.178571E-01 2.504752E+00 1.476367E-10 4.800098E-10 2.074715E-09 5.573813E-09 9.026001E-09 3.024613E-08 7.496445E-08 8.921606E-08 7.771833E-08
426 1.931250E+02 5.178571E-01 2.504752E+00 1.424222E-10 4.630559E-10 2.001437E-09 5.376948E-09 8.707205E-09 2.917785E-08 7.231673E-08 8.606498E-08 7.497334E-08
427 1.936429E+02 5.178571E-01 2.504752E+00 1.373934E-10 4.467059E-10 1.930768E-09 5.187092E-09 8.399762E-09 2.814760E-08 6.976329E-08 8.302610E-08 7.232610E-08
428 1.941607E+02 5.178571E-01 2.504752E+00 1.325436E-10 4.309378E-10 1.862614E-09 5.003995E-09 8.103262E-09 2.715403E-08 6.730074E-08 8.009539E-08 6.977309E-08
429 1.946786E+02 5.178571E-01 2.504752E+00 1.278664E-10 4.157307E-10 1.796886E-09 4.827413E-09 7.817311E-09 2.619581E-08 6.492581E-08 7.726896E-08 6.731091E-08
430 1.951964E+02 5.178571E-01 2.504752E+00 1.233555E-10 4.010645E-10 1.733495E-09 4.657110E-09 7.541531E-09 2.527167E-08 6.263535E-08 7.454306E-08 6.493631E-08
431 1.957143E+02 5.178571E-01 2.504752E+00 1.190050E-10 3.869197E-10 1.672358E-09 4.492863E-09 7.275556E-09 2.438039E-08 6.042632E-08 7.191406E-08 6.264613E-08
432 1.962321E+02 5.178571E-01 2.504752E+00 1.148091E-10 3.732776E-10 1.613394E-09 4.334453E-09 7.019033E-09 2.352078E-08 5.829580E-08 6.937850E-08 6.043734E-08
433 1.967500E+02 5.178571E-01 2.504752E+00 1.107622E-10 3.601201E-10 1.556524E-09 4.181670E-09 6.771622E-09 2.269171E-08 5.624096E-08 6.693302E-08 5.830702E-08
434 1.972679E+02 5.178571E-01 2.504752E+00 1.068591E-10 3.474299E-10 1.501674E-09 4.034313E-09 6.532998E-09 2.189208E-08 5.425909E-08 6.457437E-08 5.625234E-08
435 1.977857E+02 5.178571E-01 2.504752E+00 1.030945E-10 3.351902E-10 1.448771E-09 3.892186E-09 6.302845E-09 2.112084E-08 5.234758E-08 6.229946E-08 5.427061E-08
436 1.983036E+02 5.178571E-01 2.504752E+00 9.946354E-11 3.233848E-10 1.397745E-09 3.755103E-09 6.080858E-09 2.037696E-08 5.050389E-08 6.010527E-08 5.235919E-08
437 1.988214E+02 5.178571E-01 2.504752E+00 9.596134E-11 3.119981E-10 1.348529E-09 3.622883E-09 5.866746E-09 1.965947E-08 4.872561E-08 5.798891E-08 5.051558E-08
438 1.993393E+02 5.178571E-01 2.504752E+00 9.258333E-11 3.010152E-10 1.301059E-09 3.495351E-09 5.660226E-09 1.896742E-08 4.701038E-08 5.594760E-08 4.873734E-08
439 1.998571E+02 5.178571E-01 2.504752E+00 8.932506E-11 2.904216E-10 1.255271E-09 3.372340E-09 5.461027E-09 1.829990E-08 4.535595E-08 5.397864E-08 4.702214E-08
440 2.003750E+02 5.178571E-01 2.504752E+00 8.618225E-11 2.802034E-10 1.211105E-09 3.253687E-09 5.268886E-09 1.765604E-08 4.376015E-08 5.207946E-08 4.536771E-08
441 2.008929E+02 5.178571E-01 2.504752E+00 8.315076E-11 2.703472E-10 1.168504E-09 3.139238E-09 5.083551E-09 1.703498E-08 4.222087E-08 5.024754E-08 4.377188E-08
442 2.014107E+02 5.178571E-01 2.504752E+00 8.022661E-11 2.608399E-10 1.127412E-09 3.028841E-09 4.904779E-09 1.643592E-08 4.073610E-08 4.848050E-08 4.223257E-08
443 2.019286E+02 5.178571E-01 2.504752E+00 7.740597E-11 2.516692E-10 1.087774E-09 2.922352E-09 4.732335E-09 1.585805E-08 3.930388E-08 4.677600E-08 4.074774E-08
444 2.024464E+02 5.178571E-01 2.504752E+00 7.468515E-11 2.428230E-10 1.049538E-09 2.819631E-09 4.565993E-09 1.530064E-08 3.792235E-08 4.513182E-08 3.931545E-08
445 2.029643E+02 5.178571E-01 2.504752E+00 7.206057E-11 2.342898E-10 1.012656E-09 2.720544E-09 4.405535E-09 1.476295E-08 3.658968E-08 4.354581E-08 3.793383E-08
446 2.034821E+02 5.178571E-01 2.504752E+00 6.952881E-11 2.260583E-10 9.770771E-10 2.624960E-09 4.250752E-09 1.424427E-08 3.530415E-08 4.201588E-08 3.660107E-08
447 2.040000E+02 5.178571E-01 2.504752E+00 6.708655E-11 2.181178E-10 9.427565E-10 2.532756E-09 4.101440E-09 1.374393E-08 3.406406E-08 4.054003E-08 3.531543E-08
448 2.045179E+02 5.178571E-01 2.504752E+00 6.473060E-11 2.104579E-10 9.096487E-10 2.443811E-09 3.957406E-09 1.326127E-08 3.286780E-08 3.911634E-08 3.407522E-08
449 2.050357E+02 5.178571E-01 2.504752E+00 6.245788E-11 2.030687E-10 8.777106E-10 2.358008E-09 3.818460E-09 1.279566E-08 3.171380E-08 3.774296E-08 3.287883E-08
450 2.055536E+02 5.178571E-01 2.504752E+00 6.026544E-11 1.959404E-10 8.469006E-10 2.275235E-09 3.684422E-09 1.234650E-08 3.060055E-08 3.641807E-08 3.172469E-08
451 2.060714E+02 5.178571E-01 2.504752E+00 5.815041E-11 1.890638E-10 8.171784E-10 2.195385E-09 3.555116E-09 1.191319E-08 2.952662E-08 3.513997E-08 3.061130E-08
452 2.065893E+02 5.178571E-01 2.504752E+00 5.611003E-11 1.824300E-10 7.885053E-10 2.118354E-09 3.430374E-09 1.149519E-08 2.849059E-08 3.390698E-08 2.953722E-08
453 2.071071E+02 5.178571E-01 2.504752E+00 5.414166E-11 1.760302E-10 7.608440E-10 2.044041E-09 3.310035E-09 1.109193E-08 2.749113E-08 3.271751E-08 2.850103E-08
454 2.076250E+02 5.178571E-01 2.504752E+00 5.224272E-11 1.698562E-10 7.341586E-10 1.972349E-09 3.193940E-09 1.070289E-08 2.652692E-08 3.156999E-08 2.750140E-08
455 2.081429E+02 5.178571E-01 2.504752E+00 5.041076E-11 1.639000E-10 7.084143E-10 1.903186E-09 3.081940E-09 1.032758E-08 2.559671E-08 3.046294E-08 2.653703E-08
456 2.086607E+02 5.178571E-01 2.504752E+00 4.864338E-11 1.581537E-10 6.835776E-10 1.836461E-09 2.973889E-09 9.965503E-09 2.469931E-08 2.939493E-08 2.560665E-08
457 2.091786E+02 5.178571E-01 2.504752E+00 4.693830E-11 1.526100E-10 6.596164E-10 1.772088E-09 2.869646E-09 9.616186E-09 2.383353E-08 2.836456E-08 2.470907E-08
458 2.096964E+02 5.178571E-01 2.504752E+00 4.529331E-11 1.472617E-10 6.364996E-10 1.709984E-09 2.769077E-09 9.279178E-09 2.299826E-08 2.737050E-08 2.384312E-08
459 2.102143E+02 5.178571E-01 2.504752E+00 4.370626E-11 1.421017E-10 6.141971E-10 1.650067E-09 2.672050E-09 8.954042E-09 2.219242E-08 2.641145E-08 2.300767E-08
460 2.107321E+02 5.178571E-01 2.504752E+00 4.217511E-11 1.371235E-10 5.926801E-10 1.592261E-09 2.578441E-09 8.640357E-09 2.141496E-08 2.548619E-08 2.220165E-08
461 2.112500E+02 5.178571E-01 2.504752E+00 4.069788E-11 1.323206E-10 5.719207E-10 1.536490E-09 2.488128E-09 8.337718E-09 2.066487E-08 2.459350E-08 2.142401E-08
462 2.117679E+02 5.178571E-01 2.504752E+00 3.927264E-11 1.276867E-10 5.518921E-10 1.482682E-09 2.400994E-09 8.045731E-09 1.994119E-08 2.373224E-08 2.067374E-08
463 2.122857E+02 5.178571E-01 2.504752E+00 3.789756E-11 1.232159E-10 5.325683E-10 1.430768E-09 2.316926E-09 7.764020E-09 1.924297E-08 2.290128E-08 1.994988E-08
464 2.128036E+02 5.178571E-01 2.504752E+00 3.657086E-11 1.189024E-10 5.139243E-10 1.380680E-09 2.235816E-09 7.492221E-09 1.856932E-08 2.209957E-08 1.925148E-08
465 2.133214E+02 5.178571E-01 2.504752E+00 3.529082E-11 1.147407E-10 4.959362E-10 1.332354E-09 2.157559E-09 7.229982E-09 1.791937E-08 2.132605E-08 1.857765E-08
466 2.138393E+02 5.178571E-01 2.504752E+00 3.405580E-11 1.107253E-10 4.785806E-10 1.285728E-09 2.082054E-09 6.976964E-09 1.729227E-08 2.057973E-08 1.792752E-08
467 2.143571E+02 5.178571E-01 2.504752E+00 3.286420E-11 1.068510E-10 4.618353E-10 1.240741E-09 2.009204E-09 6.732843E-09 1.668722E-08 1.985965E-08 1.730024E-08
468 2.148750E+02 5.178571E-01 2.504752E+00 3.171448E-11 1.031130E-10 4.456785E-10 1.197335E-09 1.938914E-09 6.497301E-09 1.610344E-08 1.916488E-08 1.669501E-08
469 2.153929E+02 5.178571E-01 2.504752E+00 3.060516E-11 9.950625E-11 4.300894E-10 1.155454E-09 1.871094E-09 6.270038E-09 1.554017E-08 1.849453E-08 1.611105E-08
470 2.159107E+02 5.178571E-01 2.504752E+00 2.953482E-11 9.602625E-11 4.150481E-10 1.115045E-09 1.805657E-09 6.050758E-09 1.499669E-08 1.784773E-08 1.554760E-08
471 2.164286E+02 5.178571E-01 2.504752E+00 2.850207E-11 9.266850E-11 4.005351E-10 1.076055E-09 1.742519E-09 5.839181E-09 1.447230E-08 1.722365E-08 1.500395E-08
472 2.169464E+02 5.178571E-01 2.504752E+00 2.750560E-11 8.942865E-11 3.865317E-10 1.038434E-09 1.681597E-09 5.635033E-09 1.396632E-08 1.662148E-08 1.447938E-08
473 2.174643E+02 5.178571E-01 2.504752E+00 2.654410E-11 8.630256E-11 3.730200E-10 1.002135E-09 1.622815E-09 5.438054E-09 1.347811E-08 1.604045E-08 1.397324E-08
474 2.179821E+02 5.178571E-01 2.504752E+00 2.561636E-11 8.328620E-11 3.599826E-10 9.671089E-10 1.566096E-09 5.247988E-09 1.300704E-08 1.547982E-08 1.348486E-08
475 2.185000E+02 5.178571E-01 2.504752E+00 2.472117E-11 8.037569E-11 3.474027E-10 9.333125E-10 1.511367E-09 5.064593E-09 1.255249E-08 1.493887E-08 1.301362E-08
476 2.190179E+02 5.178571E-01 2.504752E+00 2.385740E-11 7.756731E-11 3.352642E-10 9.007019E-10 1.458559E-09 4.887632E-09 1.211390E-08 1.441689E-08 1.255892E-08
477 2.195357E+02 5.178571E-01 2.504752E+00 2.302392E-11 7.485744E-11 3.235515E-10 8.692352E-10 1.407603E-09 4.716880E-09 1.169069E-08 1.391323E-08 1.212016E-08
478 2.200536E+02 5.178571E-01 2.504752E+00 2.221968E-11 7.224262E-11 3.122496E-10 8.388722E-10 1.358435E-09 4.552115E-09 1.128233E-08 1.342723E-08 1.169679E-08
479 2.205714E+02 5.178571E-01 2.504752E+00 2.144364E-11 6.971948E-11 3.013440E-10 8.095739E-10 1.310990E-09 4.393129E-09 1.088828E-08 1.295827E-08 1.128827E-08
480 2.210893E+02 5.178571E-01 2.504752E+00 2.069481E-11 6.728481E-11 2.908208E-10 7.813027E-10 1.265209E-09 4.239716E-09 1.050805E-08 1.250576E-08 1.089408E-08
481 2.216071E+02 5.178571E-01 2.504752E+00 1.997222E-11 6.493547E-11 2.806664E-10 7.540225E-10 1.221033E-09 4.091681E-09 1.014115E-08 1.206910E-08 1.051369E-08
482 2.221250E+02 5.178571E-01 2.504752E+00 1.927496E-11 6.266846E-11 2.708679E-10 7.276983E-10 1.178404E-09 3.948834E-09 9.787107E-09 1.164775E-08 1.014664E-08
483 2.226429E+02 5.178571E-01 2.504752E+00 1.860212E-11 6.048089E-11 2.614126E-10 7.022965E-10 1.137270E-09 3.810991E-09 9.445468E-09 1.124116E-08 9.792455E-09
484 2.231607E+02 5.178571E-01 2.504752E+00 1.795286E-11 5.836995E-11 2.522887E-10 6.777845E-10 1.097576E-09 3.677978E-09 9.115797E-09 1.084882E-08 9.450673E-09
485 2.236786E+02 5.178571E-01 2.504752E+00 1.732634E-11 5.633295E-11 2.434843E-10 6.541311E-10 1.059273E-09 3.549623E-09 8.797673E-09 1.047021E-08 9.120862E-09
486 2.241964E+02 5.178571E-01 2.504752E+00 1.672176E-11 5.436728E-11 2.349882E-10 6.313060E-10 1.022311E-09 3.425764E-09 8.490689E-09 1.010487E-08 8.802601E-09
487 2.247143E+02 5.178571E-01 2.504752E+00 1.613835E-11 5.247044E-11 2.267896E-10 6.092801E-10 9.866429E-10 3.306241E-09 8.194453E-09 9.752314E-09 8.495483E-09
488 2.252321E+02 5.178571E-01 2.504752E+00 1.557536E-11 5.063999E-11 2.188780E-10 5.880252E-10 9.522236E-10 3.190902E-09 7.908588E-09 9.412102E-09 8.199116E-09
489 2.257500E+02 5.178571E-01 2.504752E+00 1.503207E-11 4.887362E-11 2.112433E-10 5.675143E-10 9.190091E-10 3.079600E-09 7.632728E-09 9.083798E-09 7.913122E-09
490 2.262679E+02 5.178571E-01 2.504752E+00 1.450780E-11 4.716906E-11 2.038758E-10 5.477211E-10 8.869569E-10 2.972193E-09 7.366522E-09 8.766983E-09 7.637137E-09
491 2.267857E+02 5.178571E-01 2.504752E+00 1.400187E-11 4.552413E-11 1.967660E-10 5.286205E-10 8.560261E-10 2.868544E-09 7.109630E-09 8.461253E-09 7.370808E-09
492 2.273036E+02 5.178571E-01 2.504752E+00 1.351364E-11 4.393676E-11 1.899050E-10 5.101881E-10 8.261774E-10 2.768521E-09 6.861725E-09 8.166218E-09 7.113796E-09
493 2.278214E+02 5.178571E-01 2.504752E+00 1.304249E-11 4.240490E-11 1.832840E-10 4.924004E-10 7.973727E-10 2.671996E-09 6.622491E-09 7.881503E-09 6.865773E-09
494 2.283393E+02 5.178571E-01 2.504752E+00 1.258781E-11 4.092662E-11 1.768945E-10 4.752347E-10 7.695754E-10 2.578847E-09 6.391623E-09 7.606745E-09 6.626424E-09
495 2.288571E+02 5.178571E-01 2.504752E+00 1.214903E-11 3.950002E-11 1.707284E-10 4.586693E-10 7.427500E-10 2.488956E-09 6.168828E-09 7.341594E-09 6.395445E-09
496 2.293750E+02 5.178571E-01 2.504752E+00 1.172560E-11 3.812331E-11 1.647779E-10 4.426830E-10 7.168625E-10 2.402207E-09 5.953822E-09 7.085713E-09 6.172540E-09
497 2.298929E+02 5.178571E-01 2.504752E+00 1.131696E-11 3.679471E-11 1.590354E-10 4.272556E-10 6.918799E-10 2.318490E-09 5.746332E-09 6.838776E-09 5.957428E-09
498 2.304107E+02 5.178571E-01 2.504752E+00 1.092260E-11 3.551255E-11 1.534936E-10 4.123673E-10 6.677704E-10 2.237699E-09 5.546093E-09 6.600470E-09 5.749833E-09
499 2.309286E+02 5.178571E-01 2.504752E+00 1.054203E-11 3.427520E-11 1.481455E-10 3.979993E-10 6.445035E-10 2.159731E-09 5.352852E-09 6.370491E-09 5.549493E-09
500 2.314464E+02 5.178571E-01 2.504752E+00 1.017475E-11 3.308107E-11 1.429842E-10 3.841333E-10 6.220494E-10 2.084488E-09 5.166363E-09 6.148548E-09 5.356153E-09
501 2.319643E+02 5.178571E-01 2.504752E+00 9.820309E-12 3.192867E-11 1.380032E-10 3.707517E-10 6.003799E-10 2.011873E-09 4.986388E-09 5.934358E-09 5.169567E-09
502 2.324821E+02 5.178571E-01 2.504752E+00 9.478244E-12 3.081651E-11 1.331962E-10 3.578375E-10 5.794672E-10 1.941795E-09 4.812700E-09 5.727650E-09 4.989499E-09
503 2.330000E+02 5.178571E-01 2.504752E+00 9.148125E-12 2.974320E-11 1.285571E-10 3.453744E-10 5.592849E-10 1.874164E-09 4.645079E-09 5.528162E-09 4.815719E-09
504 2.335179E+02 5.178571E-01 2.504752E+00 8.829535E-12 2.870737E-11 1.240800E-10 3.333464E-10 5.398073E-10 1.808895E-09 4.483310E-09 5.335639E-09 4.648008E-09
505 2.340357E+02 5.178571E-01 2.504752E+00 8.522068E-12 2.770771E-11 1.197593E-10 3.217385E-10 5.210099E-10 1.745904E-09 4.327190E-09 5.149839E-09 4.486153E-09
506 2.345536E+02 5.178571E-01 2.504752E+00 8.225335E-12 2.674295E-11 1.155893E-10 3.105357E-10 5.028687E-10 1.685113E-09 4.176520E-09 4.970525E-09 4.329948E-09
507 2.350714E+02 5.178571E-01 2.504752E+00 7.938960E-12 2.581186E-11 1.115649E-10 2.997241E-10 4.853607E-10 1.626444E-09 4.031109E-09 4.797470E-09 4.179195E-09
508 2.355893E+02 5.178571E-01 2.504752E+00 7.662580E-12 2.491327E-11 1.076810E-10 2.892897E-10 4.684638E-10 1.569822E-09 3.890774E-09 4.630455E-09 4.033704E-09
509 2.361071E+02 5.178571E-01 2.504752E+00 7.395845E-12 2.404603E-11 1.039326E-10 2.792195E-10 4.521565E-10 1.515177E-09 3.755336E-09 4.469268E-09 3.893291E-09
510 2.366250E+02 5.178571E-01 2.504752E+00 7.138417E-12 2.320906E-11 1.003150E-10 2.695007E-10 4.364182E-10 1.462438E-09 3.624623E-09 4.313706E-09 3.757777E-09
511 2.371429E+02 5.178571E-01 2.504752E+00 6.889970E-12 2.240129E-11 9.682365E-11 2.601210E-10 4.212291E-10 1.411539E-09 3.498471E-09 4.163571E-09 3.626990E-09
512 2.376607E+02 5.178571E-01 2.504752E+00 6.650191E-12 2.162170E-11 9.345406E-11 2.510684E-10 4.065698E-10 1.362415E-09 3.376720E-09 4.018674E-09 3.500767E-09
513 2.381786E+02 5.178571E-01 2.504752E+00 6.418775E-12 2.086930E-11 9.020201E-11 2.423316E-10 3.924218E-10 1.315006E-09 3.259216E-09 3.878830E-09 3.378945E-09
514 2.386964E+02 5.178571E-01 2.504752E+00 6.195430E-12 2.014314E-11 8.706338E-11 2.338996E-10 3.787672E-10 1.269249E-09 3.145809E-09 3.743864E-09 3.261373E-09
515 2.392143E+02 5.178571E-01 2.504752E+00 5.979873E-12 1.944230E-11 8.403419E-11 2.257615E-10 3.655888E-10 1.225088E-09 3.036358E-09 3.613604E-09 3.147901E-09
516 2.397321E+02 5.178571E-01 2.504752E+00 5.771832E-12 1.876590E-11 8.111063E-11 2.179073E-10 3.528700E-10 1.182467E-09 2.930722E-09 3.487887E-09 3.038385E-09
517 2.402500E+02 5.178571E-01 2.504752E+00 5.571045E-12 1.811308E-11 7.828900E-11 2.103268E-10 3.405945E-10 1.141332E-09 2.828770E-09 3.366552E-09 2.932687E-09
518 2.407679E+02 5.178571E-01 2.504752E+00 5.377257E-12 1.748302E-11 7.556573E-11 2.030106E-10 3.287470E-10 1.101631E-09 2.730372E-09 3.249447E-09 2.830674E-09
519 2.412857E+02 5.178571E-01 2.504752E+00 5.190224E-12 1.687492E-11 7.293739E-11 1.959495E-10 3.173124E-10 1.063314E-09 2.635403E-09 3.136424E-09 2.732217E-09
520 2.418036E+02 5.178571E-01 2.504752E+00 5.009710E-12 1.628802E-11 7.040065E-11 1.891344E-10 3.062764E-10 1.026332E-09 2.543745E-09 3.027340E-09 2.637191E-09
521 2.423214E+02 5.178571E-01 2.504752E+00 4.835486E-12 1.572157E-11 6.795231E-11 1.825568E-10 2.956250E-10 9.906394E-10 2.455280E-09 2.922058E-09 2.545477E-09
522 2.428393E+02 5.178571E-01 2.504752E+00 4.667333E-12 1.517485E-11 6.558929E-11 1.762085E-10 2.853447E-10 9.561902E-10 2.369899E-09 2.820444E-09 2.456959E-09
523 2.433571E+02 5.178571E-01 2.504752E+00 4.505040E-12 1.464719E-11 6.330860E-11 1.700813E-10 2.754226E-10 9.229413E-10 2.287492E-09 2.722371E-09 2.371525E-09
524 2.438750E+02 5.178571E-01 2.504752E+00 4.348400E-12 1.413791E-11 6.110736E-11 1.641676E-10 2.658462E-10 8.908507E-10 2.207956E-09 2.627714E-09 2.289067E-09
525 2.443929E+02 5.178571E-01 2.504752E+00 4.197217E-12 1.364637E-11 5.898281E-11 1.584599E-10 2.566034E-10 8.598780E-10 2.131191E-09 2.536355E-09 2.209482E-09
526 2.449107E+02 5.178571E-01 2.504752E+00 4.051299E-12 1.317195E-11 5.693226E-11 1.529510E-10 2.476825E-10 8.299841E-10 2.057099E-09 2.448178E-09 2.132669E-09
527 2.454286E+02 5.178571E-01 2.504752E+00 3.910464E-12 1.271405E-11 5.495312E-11 1.476340E-10 2.390723E-10 8.011314E-10 1.985589E-09 2.363072E-09 2.058531E-09
528 2.459464E+02 5.178571E-01 2.504752E+00 3.774534E-12 1.227210E-11 5.304291E-11 1.425021E-10 2.307620E-10 7.732835E-10 1.916568E-09 2.280930E-09 1.986975E-09
529 2.464643E+02 5.178571E-01 2.504752E+00 3.643336E-12 1.184554E-11 5.119922E-11 1.375489E-10 2.227410E-10 7.464053E-10 1.849951E-09 2.201648E-09 1.917910E-09
530 2.469821E+02 5.178571E-01 2.504752E+00 3.516707E-12 1.143383E-11 4.941972E-11 1.327682E-10 2.149994E-10 7.204630E-10 1.785654E-09 2.125127E-09 1.851251E-09
531 2.475000E+02 5.178571E-01 2.504752E+00 3.394487E-12 1.103646E-11 4.770218E-11 1.281540E-10 2.075272E-10 6.954239E-10 1.723595E-09 2.051270E-09 1.786912E-09
532 2.480179E+02 5.178571E-01 2.504752E+00 3.276521E-12 1.065292E-11 4.604443E-11 1.237004E-10 2.003152E-10 6.712564E-10 1.663696E-09 1.979984E-09 1.724813E-09
533 2.485357E+02 5.178571E-01 2.504752E+00 3.162662E-12 1.028273E-11 4.444438E-11 1.194018E-10 1.933543E-10 6.479302E-10 1.605882E-09 1.911179E-09 1.664876E-09
534 2.490536E+02 5.178571E-01 2.504752E+00 3.052766E-12 9.925425E-12 4.290003E-11 1.152528E-10 1.866356E-10 6.254159E-10 1.550081E-09 1.844770E-09 1.607025E-09
535 2.495714E+02 5.178571E-01 2.504752E+00 2.946694E-12 9.580556E-12 4.140942E-11 1.112482E-10 1.801507E-10 6.036852E-10 1.496222E-09 1.780671E-09 1.551187E-09
536 2.500893E+02 5.178571E-01 2.504752E+00 2.844314E-12 9.247689E-12 3.997069E-11 1.073830E-10 1.738916E-10 5.827107E-10 1.444237E-09 1.718803E-09 1.497292E-09
537 2.506071E+02 5.178571E-01 2.504752E+00 2.745497E-12 8.926405E-12 3.858202E-11 1.036523E-10 1.678502E-10 5.624661E-10 1.394061E-09 1.659089E-09 1.445273E-09
538 2.511250E+02 5.178571E-01 2.504752E+00 2.650118E-12 8.616300E-12 3.724168E-11 1.000514E-10 1.620191E-10 5.429259E-10 1.345631E-09 1.601451E-09 1.395064E-09
539 2.516429E+02 5.178571E-01 2.504752E+00 2.558057E-12 8.316984E-12 3.594796E-11 9.657577E-11 1.563908E-10 5.240656E-10 1.298886E-09 1.545820E-09 1.346602E-09
540 2.521607E+02 5.178571E-01 2.504752E+00 2.469199E-12 8.028081E-12 3.469926E-11 9.322107E-11 1.509583E-10 5.058614E-10 1.253768E-09 1.492123E-09 1.299826E-09
541 2.526786E+02 5.178571E-01 2.504752E+00 2.383432E-12 7.749228E-12 3.349399E-11 8.998306E-11 1.457148E-10 4.882905E-10 1.210218E-09 1.440295E-09 1.254677E-09
542 2.531964E+02 5.178571E-01 2.504752E+00 2.300649E-12 7.480075E-12 3.233065E-11 8.685769E-11 1.406537E-10 4.713307E-10 1.168184E-09 1.390269E-09 1.211098E-09
543 2.537143E+02 5.178571E-01 2.504752E+00 2.220745E-12 7.220284E-12 3.120777E-11 8.384103E-11 1.357687E-10 4.549609E-10 1.127612E-09 1.341984E-09 1.169035E-09
544 2.542321E+02 5.178571E-01 2.504752E+00 2.143619E-12 6.969527E-12 3.012394E-11 8.092928E-11 1.310535E-10 4.391604E-10 1.088450E-09 1.295377E-09 1.128435E-09
545 2.547500E+02 5.178571E-01 2.504752E+00 2.069176E-12 6.727492E-12 2.907780E-11 7.811879E-11 1.265023E-10 4.239093E-10 1.050651E-09 1.250392E-09 1.089247E-09
546 2.552679E+02 5.178571E-01 2.504752E+00 1.997322E-12 6.493873E-12 2.806805E-11 7.540603E-11 1.221094E-10 4.091886E-10 1.014166E-09 1.206971E-09 1.051422E-09
547 2.557857E+02 5.178571E-01 2.504752E+00 1.927966E-12 6.268377E-12 2.709340E-11 7.278761E-11 1.178692E-10 3.949798E-10 9.789498E-10 1.165059E-09 1.014912E-09
548 2.563036E+02 5.178571E-01 2.504752E+00 1.861022E-12 6.050721E-12 2.615264E-11 7.026022E-11 1.137765E-10 3.812650E-10 9.449579E-10 1.124605E-09 9.796717E-10
549 2.568214E+02 5.178571E-01 2.504752E+00 1.796405E-12 5.840633E-12 2.524459E-11 6.782070E-11 1.098260E-10 3.680270E-10 9.121479E-10 1.085558E-09 9.456563E-10
550 2.573393E+02 5.178571E-01 2.504752E+00 1.734035E-12 5.637849E-12 2.436811E-11 6.546599E-11 1.060129E-10 3.552493E-10 8.804785E-10 1.047868E-09 9.128235E-10
551 2.578571E+02 5.178571E-01 2.504752E+00 1.673832E-12 5.442114E-12 2.352210E-11 6.319314E-11 1.023323E-10 3.429157E-10 8.499100E-10 1.011488E-09 8.811321E-10
552 2.583750E+02 5.178571E-01 2.504752E+00 1.615723E-12 5.253182E-12 2.270549E-11 6.099929E-11 9.877972E-11 3.310109E-10 8.204040E-10 9.763723E-10 8.505422E-10
553 2.588929E+02 5.178571E-01 2.504752E+00 1.559633E-12 5.070818E-12 2.191727E-11 5.888170E-11 9.535058E-11 3.195198E-10 7.919237E-10 9.424775E-10 8.210156E-10
554 2.594107E+02 5.178571E-01 2.504752E+00 1.505492E-12 4.894792E-12 2.115644E-11 5.683771E-11 9.204062E-11 3.084281E-10 7.644332E-10 9.097608E-10 7.925152E-10
555 2.599286E+02 5.178571E-01 2.504752E+00 1.453234E-12 4.724883E-12 2.042206E-11 5.486475E-11 8.884569E-11 2.977219E-10 7.378981E-10 8.781810E-10 7.650053E-10
556 2.604464E+02 5.178571E-01 2.504752E+00 1.402791E-12 4.560879E-12 1.971319E-11 5.296035E-11 8.576180E-11 2.873878E-10 7.122851E-10 8.476987E-10 7.384514E-10
557 2.609643E+02 5.178571E-01 2.504752E+00 1.354101E-12 4.402574E-12 1.902896E-11 5.112214E-11 8.278506E-11 2.774128E-10 6.875622E-10 8.182757E-10 7.128203E-10
558 2.614821E+02 5.178571E-01 2.504752E+00 1.307103E-12 4.249770E-12 1.836851E-11 4.934779E-11 7.991176E-11 2.677844E-10 6.636983E-10 7.898750E-10 6.880798E-10
559 2.620000E+02 5.178571E-01 2.504752E+00 1.261738E-12 4.102275E-12 1.773100E-11 4.763510E-11 7.713830E-11 2.584905E-10 6.406636E-10 7.624612E-10 6.641989E-10
560 2.625179E+02 5.178571E-01 2.504752E+00 1.217949E-12 3.959904E-12 1.711564E-11 4.598191E-11 7.446120E-11 2.495195E-10 6.184292E-10 7.359998E-10 6.411477E-10
561 2.630357E+02 5.178571E-01 2.504752E+00 1.175681E-12 3.822480E-12 1.652166E-11 4.438616E-11 7.187710E-11 2.408602E-10 5.969673E-10 7.104577E-10 6.188973E-10
562 2.635536E+02 5.178571E-01 2.504752E+00 1.134882E-12 3.689830E-12 1.594831E-11 4.284584E-11 6.938277E-11 2.325017E-10 5.762509E-10 6.858029E-10 5.974200E-10
563 2.640714E+02 5.178571E-01 2.504752E+00 1.095500E-12 3.561788E-12 1.539489E-11 4.135903E-11 6.697510E-11 2.244336E-10 5.562542E-10 6.620046E-10 5.766887E-10
564 2.645893E+02 5.178571E-01 2.504752E+00 1.057486E-12 3.438193E-12 1.486068E-11 3.992387E-11 6.465105E-11 2.166457E-10 5.369522E-10 6.390330E-10 5.566775E-10
565 2.651071E+02 5.178571E-01 2.504752E+00 1.020792E-12 3.318892E-12 1.434503E-11 3.853855E-11 6.240773E-11 2.091283E-10 5.183205E-10 6.168592E-10 5.373614E-10
566 2.656250E+02 5.178571E-01 2.504752E+00 9.853733E-13 3.203734E-12 1.384729E-11 3.720135E-11 6.024233E-11 2.018721E-10 5.003360E-10 5.954556E-10 5.187162E-10
567 2.661429E+02 5.178571E-01 2.504752E+00 9.511842E-13 3.092575E-12 1.336684E-11 3.591060E-11 5.815213E-11 1.948678E-10 4.829761E-10 5.747954E-10 5.007186E-10
568 2.666607E+02 5.178571E-01 2.504752E+00 9.181826E-13 2.985277E-12 1.290307E-11 3.466467E-11 5.613452E-11 1.881068E-10 4.662191E-10 5.548527E-10 4.833460E-10
569 2.671786E+02 5.178571E-01 2.504752E+00 8.863270E-13 2.881706E-12 1.245541E-11 3.346200E-11 5.418698E-11 1.815806E-10 4.500440E-10 5.356025E-10 4.665767E-10
570 2.676964E+02 5.178571E-01 2.504752E+00 8.555776E-13 2.781731E-12 1.202329E-11 3.230111E-11 5.230707E-11 1.752810E-10 4.344306E-10 5.170208E-10 4.503897E-10
571 2.682143E+02 5.178571E-01 2.504752E+00 8.258960E-13 2.685227E-12 1.160618E-11 3.118052E-11 5.049243E-11 1.692002E-10 4.193593E-10 4.990844E-10 4.347648E-10
572 2.687321E+02 5.178571E-01 2.504752E+00 7.972449E-13 2.592074E-12 1.120355E-11 3.009884E-11 4.874081E-11 1.633305E-10 4.048114E-10 4.817707E-10 4.196825E-10
573 2.692500E+02 5.178571E-01 2.504752E+00 7.695887E-13 2.502156E-12 1.081491E-11 2.905472E-11 4.705000E-11 1.576646E-10 3.907686E-10 4.650582E-10 4.051238E-10
574 2.697679E+02 5.178571E-01 2.504752E+00 7.428927E-13 2.415359E-12 1.043975E-11 2.804685E-11 4.541790E-11 1.521954E-10 3.772133E-10 4.489259E-10 3.910705E-10
575 2.702857E+02 5.178571E-01 2.504752E+00 7.171234E-13 2.331576E-12 1.007762E-11 2.707397E-11 4.384246E-11 1.469161E-10 3.641287E-10 4.333537E-10 3.775052E-10
576 2.708036E+02 5.178571E-01 2.504752E+00 6.922488E-13 2.250701E-12 9.728062E-12 2.613486E-11 4.232171E-11 1.418201E-10 3.514983E-10 4.183222E-10 3.644108E-10
577 2.713214E+02 5.178571E-01 2.504752E+00 6.682378E-13 2.172634E-12 9.390638E-12 2.522836E-11 4.085376E-11 1.369009E-10 3.393063E-10 4.038124E-10 3.517710E-10
578 2.718393E+02 5.178571E-01 2.504752E+00 6.450602E-13 2.097277E-12 9.064927E-12 2.435332E-11 3.943676E-11 1.321526E-10 3.275376E-10 3.898063E-10 3.395700E-10
579 2.723571E+02 5.178571E-01 2.504752E+00 6.226871E-13 2.024536E-12 8.750522E-12 2.350866E-11 3.806895E-11 1.275691E-10 3.161774E-10 3.762864E-10 3.277924E-10
580 2.728750E+02 5.178571E-01 2.504752E+00 6.010907E-13 1.954320E-12 8.447030E-12 2.269332E-11 3.674861E-11 1.231446E-10 3.052115E-10 3.632358E-10 3.164237E-10
581 2.733929E+02 5.178571E-01 2.504752E+00 5.802438E-13 1.886541E-12 8.154073E-12 2.190627E-11 3.547411E-11 1.188737E-10 2.946263E-10 3.506381E-10 3.054496E-10
582 2.739107E+02 5.178571E-01 2.504752E+00 5.601205E-13 1.821114E-12 7.871283E-12 2.114654E-11 3.424384E-11 1.147511E-10 2.844084E-10 3.384777E-10 2.948563E-10
583 2.744286E+02 5.178571E-01 2.504752E+00 5.406955E-13 1.757958E-12 7.598307E-12 2.041318E-11 3.305626E-11 1.107715E-10 2.745451E-10 3.267393E-10 2.846308E-10
584 2.749464E+02 5.178571E-01 2.504752E+00 5.219447E-13 1.696993E-12 7.334806E-12 1.970528E-11 3.190990E-11 1.069301E-10 2.650242E-10 3.154083E-10 2.747600E-10
585 2.754643E+02 5.178571E-01 2.504752E+00 5.038447E-13 1.638145E-12 7.080448E-12 1.902193E-11 3.080333E-11 1.032220E-10 2.558336E-10 3.044706E-10 2.652319E-10
586 2.759821E+02 5.178571E-01 2.504752E+00 4.863727E-13 1.581339E-12 6.834918E-12 1.836231E-11 2.973515E-11 9.964251E-11 2.469620E-10 2.939124E-10 2.560344E-10
587 2.765000E+02 5.178571E-01 2.504752E+00 4.695071E-13 1.526503E-12 6.597908E-12 1.772557E-11 2.870405E-11 9.618727E-11 2.383983E-10 2.837205E-10 2.471560E-10
588 2.770179E+02 5.178571E-01 2.504752E+00 4.532267E-13 1.473571E-12 6.369121E-12 1.711092E-11 2.770872E-11 9.285192E-11 2.301317E-10 2.738824E-10 2.385857E-10
589 2.775357E+02 5.178571E-01 2.504752E+00 4.375112E-13 1.422475E-12 6.148274E-12 1.651761E-11 2.674793E-11 8.963231E-11 2.221519E-10 2.643856E-10 2.303129E-10
590 2.780536E+02 5.178571E-01 2.504752E+00 4.223409E-13 1.373153E-12 5.935089E-12 1.594488E-11 2.582047E-11 8.652441E-11 2.144491E-10 2.552183E-10 2.223270E-10
591 2.785714E+02 5.178571E-01 2.504752E+00 4.076971E-13 1.325541E-12 5.729301E-12 1.539202E-11 2.492519E-11 8.352434E-11 2.070134E-10 2.463691E-10 2.146182E-10
592 2.790893E+02 5.178571E-01 2.504752E+00 3.935613E-13 1.279582E-12 5.530653E-12 1.485834E-11 2.406098E-11 8.062835E-11 1.998358E-10 2.378269E-10 2.071769E-10
593 2.796071E+02 5.178571E-01 2.504752E+00 3.799159E-13 1.235217E-12 5.338897E-12 1.434318E-11 2.322675E-11 7.783285E-11 1.929072E-10 2.295811E-10 1.999938E-10
594 2.801250E+02 5.178571E-01 2.504752E+00 3.667439E-13 1.192391E-12 5.153793E-12 1.384589E-11 2.242146E-11 7.513432E-11 1.862190E-10 2.216213E-10 1.930598E-10
