0 -2.748214E+01 5.178571E-01 5.800001E+00 2.413473E-09 2.615633E-09 2.826345E-09 2.847413E-09 5.472004E-07 1.986680E-09 1.347146E-09 6.946580E-10 3.281955E-10
1 -2.696429E+01 5.178571E-01 7.747934E+00 8.870384E-09 9.613396E-09 1.038784E-08 1.046527E-08 4.195251E-07 7.301766E-09 4.951249E-09 2.553119E-09 1.206237E-09
2 -2.644643E+01 5.178571E-01 9.977890E+00 1.895822E-08 2.054622E-08 2.220140E-08 2.236689E-08 3.284375E-07 1.560569E-08 1.058205E-08 5.456651E-09 2.578029E-09
3 -2.592857E+01 5.178571E-01 1.270145E+01 3.352234E-08 3.633028E-08 3.925700E-08 3.954962E-08 2.666558E-07 2.759432E-08 1.871141E-08 9.648570E-09 4.558526E-09
4 -2.541071E+01 5.178571E-01 1.297803E+01 5.390534E-08 5.842062E-08 6.312692E-08 6.359746E-08 2.293886E-07 4.437284E-08 3.008875E-08 1.551531E-08 7.330304E-09
5 -2.489286E+01 5.178571E-01 1.050289E+01 8.008392E-08 8.679201E-08 9.378387E-08 9.448293E-08 2.119980E-07 6.592206E-08 4.470104E-08 2.305016E-08 1.089019E-08
6 -2.437500E+01 5.178571E-01 8.523362E+00 1.110782E-07 1.203824E-07 1.300803E-07 1.310499E-07 2.100348E-07 9.143535E-08 6.200133E-08 3.197108E-08 1.510493E-08
7 -2.385714E+01 5.178571E-01 7.994298E+00 1.473720E-07 1.597163E-07 1.725829E-07 1.738693E-07 2.213551E-07 1.213110E-07 8.225972E-08 4.241735E-08 2.004034E-08
8 -2.333929E+01 5.178571E-01 7.311944E+00 1.903665E-07 2.063122E-07 2.229325E-07 2.245942E-07 2.453688E-07 1.567025E-07 1.062583E-07 5.479225E-08 2.588694E-08
9 -2.282143E+01 5.178571E-01 6.594895E+00 2.408110E-07 2.609821E-07 2.820065E-07 2.841086E-07 2.813272E-07 1.982265E-07 1.344153E-07 6.931144E-08 3.274662E-08
10 -2.230357E+01 5.178571E-01 5.750926E+00 2.985519E-07 3.235596E-07 3.496252E-07 3.522312E-07 3.279542E-07 2.457567E-07 1.666450E-07 8.593073E-08 4.059851E-08
11 -2.178571E+01 5.178571E-01 4.803650E+00 3.620167E-07 3.923404E-07 4.239469E-07 4.271069E-07 3.828452E-07 2.979985E-07 2.020696E-07 1.041975E-07 4.922875E-08
12 -2.126786E+01 5.178571E-01 4.161025E+00 4.294581E-07 4.654309E-07 5.029255E-07 5.066742E-07 4.436311E-07 3.535137E-07 2.397139E-07 1.236088E-07 5.839975E-08
13 -2.075000E+01 5.178571E-01 3.756400E+00 5.003235E-07 5.422322E-07 5.859138E-07 5.902812E-07 5.092832E-07 4.118474E-07 2.792693E-07 1.440057E-07 6.803636E-08
14 -2.023214E+01 5.178571E-01 3.492180E+00 5.749800E-07 6.231422E-07 6.733418E-07 6.783608E-07 5.798018E-07 4.733018E-07 3.209409E-07 1.654937E-07 7.818851E-08
15 -1.971429E+01 5.178571E-01 3.322720E+00 6.543750E-07 7.091875E-07 7.663189E-07 7.720309E-07 6.558512E-07 5.386568E-07 3.652574E-07 1.883455E-07 8.898501E-08
16 -1.919643E+01 5.178571E-01 3.051156E+00 7.386142E-07 8.004829E-07 8.649689E-07 8.714163E-07 7.373300E-07 6.079994E-07 4.122778E-07 2.125917E-07 1.004403E-07
17 -1.867857E+01 5.178571E-01 2.738620E+00 8.261788E-07 8.953822E-07 9.675131E-07 9.747249E-07 8.225782E-07 6.800792E-07 4.611544E-07 2.377950E-07 1.123477E-07
18 -1.816071E+01 5.178571E-01 2.454352E+00 9.150486E-07 9.916960E-07 1.071586E-06 1.079573E-06 9.094783E-07 7.532334E-07 5.107595E-07 2.633739E-07 1.244326E-07
19 -1.764286E+01 5.178571E-01 2.206633E+00 1.003427E-06 1.087477E-06 1.175083E-06 1.183842E-06 9.961628E-07 8.259833E-07 5.600904E-07 2.888115E-07 1.364508E-07
20 -1.712500E+01 5.178571E-01 2.189555E+00 1.092281E-06 1.183774E-06 1.279137E-06 1.288672E-06 1.083522E-06 8.991244E-07 6.096866E-07 3.143858E-07 1.485335E-07
21 -1.660714E+01 5.178571E-01 2.244502E+00 1.185516E-06 1.284818E-06 1.388322E-06 1.398670E-06 1.175374E-06 9.758716E-07 6.617281E-07 3.412211E-07 1.612120E-07
22 -1.608929E+01 5.178571E-01 2.166557E+00 1.285063E-06 1.392704E-06 1.504899E-06 1.516116E-06 1.273593E-06 1.057816E-06 7.172934E-07 3.698734E-07 1.747490E-07
23 -1.557143E+01 5.178571E-01 2.057539E+00 1.390024E-06 1.506457E-06 1.627815E-06 1.639949E-06 1.377260E-06 1.144215E-06 7.758801E-07 4.000837E-07 1.890220E-07
24 -1.505357E+01 5.178571E-01 2.175718E+00 1.503127E-06 1.629034E-06 1.760267E-06 1.773388E-06 1.489055E-06 1.237318E-06 8.390119E-07 4.326377E-07 2.044024E-07
25 -1.453571E+01 5.178571E-01 2.303752E+00 1.630663E-06 1.767252E-06 1.909620E-06 1.923854E-06 1.615192E-06 1.342300E-06 9.101993E-07 4.693457E-07 2.217453E-07
26 -1.401786E+01 5.178571E-01 2.423842E+00 1.778189E-06 1.927135E-06 2.082383E-06 2.097905E-06 1.761161E-06 1.463738E-06 9.925449E-07 5.118073E-07 2.418065E-07
27 -1.350000E+01 5.178571E-01 2.504752E+00 1.949906E-06 2.113237E-06 2.283476E-06 2.300497E-06 1.931113E-06 1.605089E-06 1.088394E-06 5.612319E-07 2.651575E-07
28 -1.298214E+01 5.178571E-01 2.504752E+00 2.147247E-06 2.327108E-06 2.514577E-06 2.533320E-06 2.126460E-06 1.767533E-06 1.198545E-06 6.180316E-07 2.919929E-07
29 -1.246429E+01 5.178571E-01 2.504752E+00 2.370390E-06 2.568942E-06 2.775893E-06 2.796584E-06 2.347373E-06 1.951216E-06 1.323098E-06 6.822577E-07 3.223369E-07
30 -1.194643E+01 5.178571E-01 2.504752E+00 2.620382E-06 2.839874E-06 3.068651E-06 3.091524E-06 2.594885E-06 2.157000E-06 1.462638E-06 7.542117E-07 3.563320E-07
31 -1.142857E+01 5.178571E-01 2.504752E+00 2.898955E-06 3.141780E-06 3.394879E-06 3.420184E-06 2.870706E-06 2.386310E-06 1.618131E-06 8.343919E-07 3.942136E-07
32 -1.091071E+01 5.178571E-01 2.504752E+00 3.208407E-06 3.477153E-06 3.757269E-06 3.785275E-06 3.177113E-06 2.641039E-06 1.790860E-06 9.234599E-07 4.362944E-07
33 -1.039286E+01 5.178571E-01 2.504752E+00 3.551540E-06 3.849028E-06 4.159101E-06 4.190103E-06 3.516876E-06 2.923494E-06 1.982390E-06 1.022222E-06 4.829552E-07
34 -9.875000E+00 5.178571E-01 2.504752E+00 3.931625E-06 4.260950E-06 4.604208E-06 4.638527E-06 3.893234E-06 3.236365E-06 2.194545E-06 1.131620E-06 5.346410E-07
35 -9.357143E+00 5.178571E-01 2.504752E+00 4.352396E-06 4.716967E-06 5.096960E-06 5.134952E-06 4.309884E-06 3.582728E-06 2.429409E-06 1.252729E-06 5.918594E-07
36 -8.839286E+00 5.178571E-01 2.504752E+00 4.818060E-06 5.221636E-06 5.642285E-06 5.684342E-06 4.770989E-06 3.966045E-06 2.689333E-06 1.386758E-06 6.551826E-07
37 -8.321429E+00 5.178571E-01 2.504752E+00 5.333321E-06 5.780057E-06 6.245692E-06 6.292247E-06 5.281210E-06 4.390189E-06 2.976940E-06 1.535064E-06 7.252503E-07
38 -7.803571E+00 5.178571E-01 2.504752E+00 5.881856E-06 6.374538E-06 6.888064E-06 6.939407E-06 5.738972E-06 4.770724E-06 3.234977E-06 1.668121E-06 7.881140E-07
39 -7.285714E+00 5.178571E-01 2.504752E+00 6.414619E-06 6.951928E-06 7.511967E-06 7.567961E-06 6.073699E-06 5.048981E-06 3.423660E-06 1.765415E-06 8.340814E-07
40 -6.767857E+00 5.178571E-01 2.504752E+00 6.930621E-06 7.511152E-06 8.116241E-06 8.176739E-06 6.177811E-06 5.135530E-06 3.482348E-06 1.795678E-06 8.483791E-07
41 -6.250000E+00 5.178571E-01 2.504752E+00 7.445387E-06 8.069036E-06 8.719068E-06 8.784059E-06 6.122118E-06 5.089234E-06 3.450955E-06 1.779490E-06 8.407311E-07
42 -5.732143E+00 5.178571E-01 2.504752E+00 7.968231E-06 8.635675E-06 9.331356E-06 9.400911E-06 5.958660E-06 4.953355E-06 3.358817E-06 1.731979E-06 8.182842E-07
43 -5.214286E+00 5.178571E-01 2.504752E+00 8.504570E-06 9.216940E-06 9.959446E-06 1.003368E-05 5.725469E-06 4.759506E-06 3.227370E-06 1.664198E-06 7.862608E-07
44 -4.696429E+00 5.178571E-01 2.504752E+00 9.057443E-06 9.816123E-06 1.060690E-05 1.068596E-05 5.450131E-06 4.530622E-06 3.072166E-06 1.584167E-06 7.484496E-07
45 -4.178571E+00 5.178571E-01 2.504752E+00 9.628499E-06 1.043501E-05 1.127565E-05 1.135969E-05 5.152470E-06 4.283181E-06 2.904379E-06 1.497648E-06 7.075729E-07
46 -3.660714E+00 5.178571E-01 2.504752E+00 1.021863E-05 1.107457E-05 1.196673E-05 1.205593E-05 4.846553E-06 4.028876E-06 2.731938E-06 1.408728E-06 6.655622E-07
47 -3.142857E+00 5.178571E-01 2.504752E+00 1.082835E-05 1.173537E-05 1.268076E-05 1.277528E-05 4.542190E-06 3.775863E-06 2.560372E-06 1.320260E-06 6.237650E-07
48 -2.625000E+00 5.178571E-01 2.504752E+00 1.145807E-05 1.241783E-05 1.341820E-05 1.351822E-05 4.246063E-06 3.529697E-06 2.393450E-06 1.234186E-06 5.830988E-07
49 -2.107143E+00 5.178571E-01 2.504752E+00 1.210819E-05 1.312241E-05 1.417954E-05 1.428523E-05 3.962562E-06 3.294027E-06 2.233644E-06 1.151782E-06 5.441666E-07
50 -1.589286E+00 5.178571E-01 2.504752E+00 1.277921E-05 1.384964E-05 1.496535E-05 1.507690E-05 3.694416E-06 3.071121E-06 2.082494E-06 1.073841E-06 5.073429E-07
51 -1.071429E+00 5.178571E-01 2.504752E+00 1.347177E-05 1.460021E-05 1.577639E-05 1.589398E-05 3.443152E-06 2.862248E-06 1.940860E-06 1.000807E-06 4.728375E-07
52 -5.535714E-01 5.178571E-01 2.504752E+00 1.418663E-05 1.537495E-05 1.661353E-05 1.673737E-05 3.209446E-06 2.667971E-06 1.809122E-06 9.328767E-07 4.407434E-07
53 -3.571429E-02 5.178571E-01 2.504752E+00 1.492469E-05 1.617483E-05 1.747785E-05 1.760813E-05 2.993377E-06 2.488356E-06 1.687327E-06 8.700729E-07 4.110713E-07
54 4.821429E-01 5.178571E-01 2.504752E+00 1.568699E-05 1.700098E-05 1.837056E-05 1.850749E-05 2.794616E-06 2.323128E-06 1.575288E-06 8.122998E-07 3.837761E-07
55 1.000000E+00 5.178571E-01 2.504752E+00 1.647468E-05 1.785465E-05 1.929301E-05 1.943681E-05 2.612563E-06 2.171790E-06 1.472668E-06 7.593834E-07 3.587754E-07
56 1.517857E+00 5.178571E-01 2.504752E+00 1.728905E-05 1.873723E-05 2.024668E-05 2.039760E-05 2.446450E-06 2.033703E-06 1.379032E-06 7.111000E-07 3.359636E-07
57 2.035714E+00 5.178571E-01 2.504752E+00 1.813145E-05 1.965019E-05 2.123319E-05 2.139146E-05 2.295410E-06 1.908145E-06 1.293893E-06 6.671977E-07 3.152217E-07
58 2.553571E+00 5.178571E-01 2.504752E+00 1.900334E-05 2.059512E-05 2.225424E-05 2.242012E-05 2.158530E-06 1.794359E-06 1.216735E-06 6.274114E-07 2.964244E-07
59 3.071429E+00 5.178571E-01 2.504752E+00 1.990626E-05 2.157367E-05 2.331163E-05 2.348539E-05 2.034891E-06 1.691579E-06 1.147041E-06 5.914736E-07 2.794453E-07
60 3.589286E+00 5.178571E-01 2.504752E+00 2.084184E-05 2.258762E-05 2.440725E-05 2.458918E-05 1.923586E-06 1.599053E-06 1.084300E-06 5.591211E-07 2.641602E-07
61 4.107143E+00 5.178571E-01 2.504752E+00 2.181176E-05 2.363879E-05 2.554310E-05 2.573350E-05 1.823745E-06 1.516056E-06 1.028021E-06 5.301007E-07 2.504494E-07
62 4.625000E+00 5.178571E-01 2.504752E+00 2.281779E-05 2.472908E-05 2.672123E-05 2.692040E-05 1.734539E-06 1.441900E-06 9.777371E-07 5.041716E-07 2.381990E-07
63 5.142857E+00 5.178571E-01 2.504752E+00 2.386175E-05 2.586048E-05 2.794378E-05 2.815207E-05 1.655191E-06 1.375939E-06 9.330093E-07 4.811077E-07 2.273023E-07
64 5.660714E+00 5.178571E-01 2.504752E+00 2.494553E-05 2.703505E-05 2.921296E-05 2.943071E-05 1.584974E-06 1.317569E-06 8.934294E-07 4.606982E-07 2.176597E-07
65 6.178571E+00 5.178571E-01 2.504752E+00 2.607111E-05 2.825490E-05 3.053109E-05 3.075866E-05 1.523220E-06 1.266233E-06 8.586193E-07 4.427484E-07 2.091792E-07
66 6.696429E+00 5.178571E-01 2.504752E+00 2.724050E-05 2.952225E-05 3.190053E-05 3.213831E-05 1.469311E-06 1.221419E-06 8.282314E-07 4.270788E-07 2.017760E-07
67 7.214286E+00 5.178571E-01 2.504752E+00 2.845581E-05 3.083935E-05 3.332374E-05 3.357213E-05 1.422682E-06 1.182657E-06 8.019474E-07 4.135254E-07 1.953726E-07
68 7.732143E+00 5.178571E-01 2.504752E+00 2.971920E-05 3.220858E-05 3.480326E-05 3.506268E-05 1.382819E-06 1.149520E-06 7.794771E-07 4.019386E-07 1.898984E-07
69 8.250000E+00 5.178571E-01 2.504752E+00 3.103293E-05 3.363235E-05 3.634173E-05 3.661262E-05 1.349255E-06 1.121618E-06 7.605573E-07 3.921825E-07 1.852891E-07
70 8.767857E+00 5.178571E-01 2.504752E+00 3.239931E-05 3.511318E-05 3.794186E-05 3.822467E-05 1.321566E-06 1.098601E-06 7.449495E-07 3.841343E-07 1.814866E-07
71 9.285714E+00 5.178571E-01 2.504752E+00 3.382074E-05 3.665368E-05 3.960646E-05 3.990168E-05 1.299372E-06 1.080151E-06 7.324388E-07 3.776832E-07 1.784388E-07
72 9.803571E+00 5.178571E-01 2.504752E+00 3.529971E-05 3.825653E-05 4.133843E-05 4.164657E-05 1.282329E-06 1.065984E-06 7.228323E-07 3.727296E-07 1.760984E-07
73 1.032143E+01 5.178571E-01 2.504752E+00 3.683879E-05 3.992453E-05 4.314080E-05 4.346237E-05 1.270133E-06 1.055845E-06 7.159571E-07 3.691844E-07 1.744234E-07
74 1.083929E+01 5.178571E-01 2.504752E+00 3.844063E-05 4.166054E-05 4.501667E-05 4.535222E-05 1.262508E-06 1.049507E-06 7.116591E-07 3.669681E-07 1.733764E-07
75 1.135714E+01 5.178571E-01 2.504752E+00 4.010799E-05 4.346756E-05 4.696926E-05 4.731937E-05 1.259212E-06 1.046767E-06 7.098016E-07 3.660103E-07 1.729238E-07
76 1.187500E+01 5.178571E-01 2.504752E+00 4.184372E-05 4.534868E-05 4.900192E-05 4.936718E-05 1.260032E-06 1.047449E-06 7.102637E-07 3.662486E-07 1.730364E-07
77 1.239286E+01 5.178571E-01 2.504752E+00 4.365077E-05 4.730710E-05 5.111811E-05 5.149914E-05 1.264779E-06 1.051394E-06 7.129393E-07 3.676282E-07 1.736882E-07
78 1.291071E+01 5.178571E-01 2.504752E+00 4.553221E-05 4.934613E-05 5.332140E-05 5.371885E-05 1.273288E-06 1.058468E-06 7.177359E-07 3.701016E-07 1.748568E-07
79 1.342857E+01 5.178571E-01 2.504752E+00 4.749119E-05 5.146920E-05 5.561550E-05 5.603006E-05 1.285418E-06 1.068552E-06 7.245736E-07 3.736275E-07 1.765226E-07
80 1.394643E+01 5.178571E-01 2.504752E+00 4.953101E-05 5.367988E-05 5.800427E-05 5.843663E-05 1.301048E-06 1.081545E-06 7.333837E-07 3.781704E-07 1.786690E-07
81 1.446429E+01 5.178571E-01 2.504752E+00 5.165506E-05 5.598185E-05 6.049169E-05 6.094259E-05 1.320074E-06 1.097361E-06 7.441087E-07 3.837008E-07 1.812818E-07
82 1.498214E+01 5.178571E-01 2.504752E+00 5.386688E-05 5.837894E-05 6.308188E-05 6.355208E-05 1.342413E-06 1.115930E-06 7.567005E-07 3.901938E-07 1.843495E-07
83 1.550000E+01 5.178571E-01 2.504752E+00 5.617011E-05 6.087510E-05 6.577913E-05 6.626944E-05 1.367994E-06 1.137196E-06 7.711204E-07 3.976294E-07 1.878625E-07
84 1.601786E+01 5.178571E-01 2.504752E+00 5.856855E-05 6.347443E-05 6.858786E-05 6.909911E-05 1.396765E-06 1.161113E-06 7.873381E-07 4.059921E-07 1.918135E-07
85 1.653571E+01 5.178571E-01 2.504752E+00 6.106611E-05 6.618120E-05 7.151268E-05 7.204573E-05 1.428685E-06 1.187648E-06 8.053313E-07 4.152703E-07 1.961970E-07
86 1.705357E+01 5.178571E-01 2.504752E+00 6.366686E-05 6.899980E-05 7.455835E-05 7.511410E-05 1.463729E-06 1.216779E-06 8.250850E-07 4.254563E-07 2.010095E-07
87 1.757143E+01 5.178571E-01 2.504752E+00 6.637503E-05 7.193481E-05 7.772980E-05 7.830918E-05 1.501881E-06 1.248495E-06 8.465908E-07 4.365459E-07 2.062488E-07
88 1.808929E+01 5.178571E-01 2.504752E+00 6.919495E-05 7.499094E-05 8.103213E-05 8.163613E-05 1.543139E-06 1.282792E-06 8.698473E-07 4.485381E-07 2.119146E-07
89 1.860714E+01 5.178571E-01 2.504752E+00 7.213117E-05 7.817311E-05 8.447065E-05 8.510028E-05 1.587510E-06 1.319677E-06 8.948585E-07 4.614352E-07 2.180079E-07
90 1.912500E+01 5.178571E-01 2.504752E+00 7.518836E-05 8.148638E-05 8.805083E-05 8.870715E-05 1.635012E-06 1.359164E-06 9.216347E-07 4.752423E-07 2.245312E-07
91 1.964286E+01 5.178571E-01 2.504752E+00 7.837136E-05 8.493600E-05 9.177835E-05 9.246245E-05 1.685672E-06 1.401277E-06 9.501911E-07 4.899675E-07 2.314882E-07
92 2.016071E+01 5.178571E-01 2.504752E+00 8.168520E-05 8.852742E-05 9.565909E-05 9.637212E-05 1.739527E-06 1.446046E-06 9.805484E-07 5.056213E-07 2.388839E-07
93 2.067857E+01 5.178571E-01 2.504752E+00 8.513507E-05 9.226625E-05 9.969912E-05 1.004423E-04 1.796621E-06 1.493508E-06 1.012732E-06 5.222167E-07 2.467245E-07
94 2.119643E+01 5.178571E-01 2.504752E+00 8.872633E-05 9.615833E-05 1.039047E-04 1.046792E-04 1.857008E-06 1.543707E-06 1.046771E-06 5.397692E-07 2.550173E-07
95 2.171429E+01 5.178571E-01 2.504752E+00 9.246456E-05 1.002097E-04 1.082825E-04 1.090896E-04 1.920750E-06 1.596695E-06 1.082701E-06 5.582967E-07 2.637707E-07
96 2.223214E+01 5.178571E-01 2.504752E+00 9.635548E-05 1.044265E-04 1.128390E-04 1.136801E-04 1.987914E-06 1.652527E-06 1.120561E-06 5.778190E-07 2.729942E-07
97 2.275000E+01 5.178571E-01 2.504752E+00 1.004050E-04 1.088153E-04 1.175813E-04 1.184578E-04 2.058576E-06 1.711268E-06 1.160393E-06 5.983582E-07 2.826981E-07
98 2.326786E+01 5.178571E-01 2.504752E+00 1.046194E-04 1.133827E-04 1.225166E-04 1.234299E-04 2.132821E-06 1.772987E-06 1.202243E-06 6.199385E-07 2.928938E-07
99 2.378571E+01 5.178571E-01 2.504752E+00 1.090049E-04 1.181355E-04 1.276523E-04 1.286038E-04 2.210737E-06 1.837757E-06 1.246163E-06 6.425860E-07 3.035938E-07
100 2.430357E+01 5.178571E-01 2.504752E+00 1.135680E-04 1.230808E-04 1.329961E-04 1.339874E-04 2.292421E-06 1.905660E-06 1.292208E-06 6.663288E-07 3.148112E-07
101 2.482143E+01 5.178571E-01 2.504752E+00 1.183156E-04 1.282261E-04 1.385558E-04 1.395886E-04 2.377975E-06 1.976781E-06 1.340434E-06 6.911967E-07 3.265601E-07
102 2.533929E+01 5.178571E-01 2.504752E+00 1.232545E-04 1.335787E-04 1.443397E-04 1.454156E-04 2.467510E-06 2.051210E-06 1.390903E-06 7.172214E-07 3.388557E-07
103 2.585714E+01 5.178571E-01 2.504752E+00 1.283920E-04 1.391466E-04 1.503561E-04 1.514768E-04 2.561141E-06 2.129044E-06 1.443682E-06 7.444367E-07 3.517137E-07
104 2.637500E+01 5.178571E-01 2.504752E+00 1.337356E-04 1.449377E-04 1.566137E-04 1.577811E-04 2.658989E-06 2.210383E-06 1.498837E-06 7.728777E-07 3.651509E-07
105 2.689286E+01 5.178571E-01 2.504752E+00 1.392927E-04 1.509603E-04 1.631215E-04 1.643374E-04 2.761181E-06 2.295335E-06 1.556442E-06 8.025816E-07 3.791846E-07
106 2.741071E+01 5.178571E-01 2.504752E+00 1.450713E-04 1.572229E-04 1.698886E-04 1.711549E-04 2.867851E-06 2.384008E-06 1.616570E-06 8.335869E-07 3.938333E-07
107 2.792857E+01 5.178571E-01 2.504752E+00 1.510794E-04 1.637343E-04 1.769245E-04 1.782433E-04 2.979138E-06 2.476519E-06 1.679301E-06 8.659342E-07 4.091160E-07
108 2.844643E+01 5.178571E-01 2.504752E+00 1.573253E-04 1.705034E-04 1.842389E-04 1.856122E-04 3.095186E-06 2.572988E-06 1.744716E-06 8.996654E-07 4.250525E-07
109 2.896429E+01 5.178571E-01 2.504752E+00 1.638176E-04 1.775395E-04 1.918419E-04 1.932719E-04 3.216145E-06 2.673540E-06 1.812899E-06 9.348241E-07 4.416634E-07
110 2.948214E+01 5.178571E-01 2.504752E+00 1.705650E-04 1.848521E-04 1.997436E-04 2.012325E-04 3.342171E-06 2.778304E-06 1.883938E-06 9.714556E-07 4.589702E-07
111 3.000000E+01 5.178571E-01 2.504752E+00 1.775766E-04 1.924509E-04 2.079546E-04 2.095046E-04 3.473424E-06 2.887413E-06 1.957924E-06 1.009606E-06 4.769948E-07
112 3.051786E+01 5.178571E-01 2.504752E+00 1.848614E-04 2.003460E-04 2.164856E-04 2.180993E-04 3.610071E-06 3.001006E-06 2.034950E-06 1.049325E-06 4.957600E-07
113 3.103571E+01 5.178571E-01 2.504752E+00 1.924289E-04 2.085474E-04 2.253477E-04 2.270274E-04 3.752281E-06 3.119223E-06 2.115112E-06 1.090661E-06 5.152894E-07
114 3.155357E+01 5.178571E-01 2.504752E+00 2.002888E-04 2.170656E-04 2.345522E-04 2.363005E-04 3.900232E-06 3.242213E-06 2.198510E-06 1.133665E-06 5.356070E-07
115 3.207143E+01 5.178571E-01 2.504752E+00 2.084509E-04 2.259114E-04 2.441106E-04 2.459302E-04 4.054102E-06 3.370123E-06 2.285245E-06 1.178390E-06 5.567376E-07
116 3.258929E+01 5.178571E-01 2.504752E+00 2.169253E-04 2.350956E-04 2.540347E-04 2.559282E-04 4.214079E-06 3.503110E-06 2.375421E-06 1.224889E-06 5.787066E-07
117 3.310714E+01 5.178571E-01 2.504752E+00 2.257222E-04 2.446294E-04 2.643364E-04 2.663068E-04 4.380350E-06 3.641329E-06 2.469146E-06 1.273219E-06 6.015401E-07
118 3.362500E+01 5.178571E-01 2.504752E+00 2.348520E-04 2.545240E-04 2.750281E-04 2.770782E-04 4.553109E-06 3.784942E-06 2.566528E-06 1.323434E-06 6.252647E-07
119 3.414286E+01 5.178571E-01 2.504752E+00 2.443255E-04 2.647910E-04 2.861222E-04 2.882549E-04 4.732555E-06 3.934112E-06 2.667679E-06 1.375593E-06 6.499074E-07
120 3.466071E+01 5.178571E-01 2.504752E+00 2.541533E-04 2.754420E-04 2.976313E-04 2.998498E-04 4.918887E-06 4.089008E-06 2.772712E-06 1.429753E-06 6.754959E-07
121 3.517857E+01 5.178571E-01 2.504752E+00 2.643465E-04 2.864890E-04 3.095682E-04 3.118757E-04 5.112311E-06 4.249799E-06 2.881743E-06 1.485975E-06 7.020582E-07
122 3.569643E+01 5.178571E-01 2.504752E+00 2.749160E-04 2.979439E-04 3.219459E-04 3.243457E-04 5.313034E-06 4.416658E-06 2.994888E-06 1.544319E-06 7.296229E-07
123 3.621429E+01 5.178571E-01 2.504752E+00 2.858732E-04 3.098189E-04 3.347775E-04 3.372729E-04 5.521267E-06 4.589758E-06 3.112266E-06 1.604845E-06 7.582188E-07
124 3.673214E+01 5.178571E-01 2.504752E+00 2.972293E-04 3.221262E-04 3.480763E-04 3.506709E-04 5.737220E-06 4.769278E-06 3.233996E-06 1.667615E-06 7.878751E-07
125 3.725000E+01 5.178571E-01 2.504752E+00 3.089958E-04 3.348782E-04 3.618557E-04 3.645529E-04 5.961110E-06 4.955394E-06 3.360200E-06 1.732692E-06 8.186211E-07
126 3.776786E+01 5.178571E-01 2.504752E+00 3.211839E-04 3.480873E-04 3.761289E-04 3.789325E-04 6.193151E-06 5.148287E-06 3.490998E-06 1.800138E-06 8.504866E-07
127 3.828571E+01 5.178571E-01 2.504752E+00 3.338053E-04 3.617659E-04 3.909094E-04 3.938232E-04 6.433559E-06 5.348135E-06 3.626513E-06 1.870017E-06 8.835011E-07
128 3.880357E+01 5.178571E-01 2.504752E+00 3.468714E-04 3.759265E-04 4.062107E-04 4.092386E-04 6.682551E-06 5.555120E-06 3.766867E-06 1.942391E-06 9.176945E-07
129 3.932143E+01 5.178571E-01 2.504752E+00 3.603936E-04 3.905814E-04 4.220462E-04 4.251920E-04 6.940344E-06 5.769419E-06 3.912181E-06 2.017322E-06 9.530964E-07
130 3.983929E+01 5.178571E-01 2.504752E+00 3.743833E-04 4.057429E-04 4.384291E-04 4.416971E-04 7.207152E-06 5.991213E-06 4.062577E-06 2.094874E-06 9.897362E-07
131 4.035714E+01 5.178571E-01 2.504752E+00 3.888518E-04 4.214232E-04 4.553726E-04 4.587669E-04 7.483187E-06 6.220678E-06 4.218175E-06 2.175108E-06 1.027643E-06
132 4.087500E+01 5.178571E-01 2.504752E+00 4.038101E-04 4.376345E-04 4.728898E-04 4.764147E-04 7.768661E-06 6.457989E-06 4.379093E-06 2.258086E-06 1.066847E-06
133 4.139286E+01 5.178571E-01 2.504752E+00 4.192691E-04 4.543884E-04 4.909935E-04 4.946533E-04 8.063780E-06 6.703317E-06 4.545448E-06 2.343867E-06 1.107374E-06
134 4.191071E+01 5.178571E-01 2.504752E+00 4.352396E-04 4.716967E-04 5.096960E-04 5.134952E-04 8.368746E-06 6.956832E-06 4.717353E-06 2.432510E-06 1.149255E-06
135 4.242857E+01 5.178571E-01 2.504752E+00 4.517319E-04 4.895704E-04 5.290097E-04 5.329528E-04 8.683757E-06 7.218696E-06 4.894920E-06 2.524073E-06 1.192514E-06
136 4.294643E+01 5.178571E-01 2.504752E+00 4.687560E-04 5.080205E-04 5.489461E-04 5.530379E-04 9.009001E-06 7.489067E-06 5.078256E-06 2.618611E-06 1.237179E-06
137 4.346429E+01 5.178571E-01 2.504752E+00 4.863216E-04 5.270574E-04 5.695166E-04 5.737617E-04 9.344661E-06 7.768098E-06 5.267464E-06 2.716176E-06 1.283274E-06
138 4.398214E+01 5.178571E-01 2.504752E+00 5.044377E-04 5.466910E-04 5.907318E-04 5.951351E-04 9.690911E-06 8.055931E-06 5.462640E-06 2.816819E-06 1.330823E-06
139 4.450000E+01 5.178571E-01 2.504752E+00 5.231130E-04 5.669306E-04 6.126019E-04 6.171681E-04 1.004791E-05 8.352702E-06 5.663878E-06 2.920587E-06 1.379849E-06
140 4.501786E+01 5.178571E-01 2.504752E+00 5.423554E-04 5.877848E-04 6.351361E-04 6.398703E-04 1.041582E-05 8.658537E-06 5.871261E-06 3.027525E-06 1.430373E-06
141 4.553571E+01 5.178571E-01 2.504752E+00 5.621722E-04 6.092615E-04 6.583429E-04 6.632501E-04 1.079477E-05 8.973551E-06 6.084869E-06 3.137672E-06 1.482413E-06
142 4.605357E+01 5.178571E-01 2.504752E+00 5.825699E-04 6.313678E-04 6.822301E-04 6.873154E-04 1.118488E-05 9.297847E-06 6.304770E-06 3.251064E-06 1.535985E-06
143 4.657143E+01 5.178571E-01 2.504752E+00 6.035542E-04 6.541099E-04 7.068042E-04 7.120726E-04 1.158626E-05 9.631513E-06 6.531025E-06 3.367733E-06 1.591106E-06
144 4.708929E+01 5.178571E-01 2.504752E+00 6.251299E-04 6.774927E-04 7.320708E-04 7.375276E-04 1.199901E-05 9.974623E-06 6.763685E-06 3.487704E-06 1.647787E-06
145 4.760714E+01 5.178571E-01 2.504752E+00 6.473005E-04 7.015204E-04 7.580341E-04 7.636844E-04 1.242319E-05 1.032724E-05 7.002787E-06 3.610998E-06 1.706038E-06
146 4.812500E+01 5.178571E-01 2.504752E+00 6.700687E-04 7.261958E-04 7.846973E-04 7.905463E-04 1.285884E-05 1.068939E-05 7.248361E-06 3.737628E-06 1.765866E-06
147 4.864286E+01 5.178571E-01 2.504752E+00 6.934358E-04 7.515202E-04 8.120618E-04 8.181148E-04 1.330600E-05 1.106111E-05 7.500418E-06 3.867602E-06 1.827273E-06
148 4.916071E+01 5.178571E-01 2.504752E+00 7.174019E-04 7.774937E-04 8.401278E-04 8.463900E-04 1.376466E-05 1.144239E-05 7.758960E-06 4.000920E-06 1.890259E-06
149 4.967857E+01 5.178571E-01 2.504752E+00 7.419655E-04 8.041149E-04 8.688935E-04 8.753701E-04 1.423480E-05 1.183321E-05 8.023971E-06 4.137573E-06 1.954822E-06
150 5.019643E+01 5.178571E-01 2.504752E+00 7.671238E-04 8.313805E-04 8.983556E-04 9.050518E-04 1.471636E-05 1.223352E-05 8.295418E-06 4.277545E-06 2.020952E-06
151 5.071429E+01 5.178571E-01 2.504752E+00 7.928722E-04 8.592857E-04 9.285088E-04 9.354297E-04 1.520924E-05 1.264325E-05 8.573252E-06 4.420810E-06 2.088639E-06
152 5.123214E+01 5.178571E-01 2.504752E+00 8.192044E-04 8.878236E-04 9.593456E-04 9.664965E-04 1.571334E-05 1.306230E-05 8.857405E-06 4.567334E-06 2.157865E-06
153 5.175000E+01 5.178571E-01 2.504752E+00 8.461124E-04 9.169855E-04 9.908568E-04 9.982425E-04 1.622849E-05 1.349054E-05 9.147789E-06 4.717071E-06 2.228609E-06
154 5.226786E+01 5.178571E-01 2.504752E+00 8.735861E-04 9.467604E-04 1.023030E-03 1.030656E-03 1.675450E-05 1.392780E-05 9.444295E-06 4.869965E-06 2.300845E-06
155 5.278571E+01 5.178571E-01 2.504752E+00 9.016134E-04 9.771354E-04 1.055852E-03 1.063723E-03 1.729114E-05 1.437391E-05 9.746792E-06 5.025948E-06 2.374540E-06
156 5.330357E+01 5.178571E-01 2.504752E+00 9.301801E-04 1.008095E-03 1.089306E-03 1.097425E-03 1.783814E-05 1.482862E-05 1.005513E-05 5.184941E-06 2.449657E-06
157 5.382143E+01 5.178571E-01 2.504752E+00 9.592697E-04 1.039621E-03 1.123372E-03 1.131745E-03 1.839517E-05 1.529167E-05 1.036912E-05 5.346851E-06 2.526153E-06
158 5.433929E+01 5.178571E-01 2.504752E+00 9.888635E-04 1.071694E-03 1.158028E-03 1.166660E-03 1.896188E-05 1.576277E-05 1.068857E-05 5.511575E-06 2.603978E-06
159 5.485714E+01 5.178571E-01 2.504752E+00 1.018940E-03 1.104290E-03 1.193250E-03 1.202145E-03 1.953786E-05 1.624158E-05 1.101324E-05 5.678994E-06 2.683076E-06
160 5.537500E+01 5.178571E-01 2.504752E+00 1.049476E-03 1.137384E-03 1.229010E-03 1.238171E-03 2.012266E-05 1.672771E-05 1.134288E-05 5.848975E-06 2.763384E-06
161 5.589286E+01 5.178571E-01 2.504752E+00 1.080445E-03 1.170947E-03 1.265277E-03 1.274708E-03 2.071577E-05 1.722076E-05 1.167721E-05 6.021372E-06 2.844834E-06
162 5.641071E+01 5.178571E-01 2.504752E+00 1.111818E-03 1.204947E-03 1.302017E-03 1.311722E-03 2.131664E-05 1.772025E-05 1.201591E-05 6.196024E-06 2.927350E-06
163 5.692857E+01 5.178571E-01 2.504752E+00 1.143563E-03 1.239352E-03 1.339193E-03 1.349175E-03 2.192466E-05 1.822569E-05 1.235865E-05 6.372755E-06 3.010847E-06
164 5.744643E+01 5.178571E-01 2.504752E+00 1.175647E-03 1.274123E-03 1.376765E-03 1.387027E-03 2.253918E-05 1.873653E-05 1.270504E-05 6.551373E-06 3.095237E-06
165 5.796429E+01 5.178571E-01 2.504752E+00 1.208032E-03 1.309221E-03 1.414690E-03 1.425235E-03 2.315948E-05 1.925218E-05 1.305470E-05 6.731674E-06 3.180421E-06
166 5.848214E+01 5.178571E-01 2.504752E+00 1.240678E-03 1.344602E-03 1.452921E-03 1.463751E-03 2.378480E-05 1.977200E-05 1.340718E-05 6.913434E-06 3.266294E-06
167 5.900000E+01 5.178571E-01 2.504752E+00 1.273544E-03 1.380220E-03 1.491409E-03 1.502525E-03 2.441433E-05 2.029532E-05 1.376204E-05 7.096416E-06 3.352746E-06
168 5.951786E+01 5.178571E-01 2.504752E+00 1.306583E-03 1.416026E-03 1.530100E-03 1.541505E-03 2.504720E-05 2.082141E-05 1.411878E-05 7.280369E-06 3.439656E-06
169 6.003571E+01 5.178571E-01 2.504752E+00 1.339747E-03 1.451969E-03 1.568938E-03 1.580632E-03 2.568248E-05 2.134952E-05 1.447688E-05 7.465026E-06 3.526898E-06
170 6.055357E+01 5.178571E-01 2.504752E+00 1.372987E-03 1.487993E-03 1.607864E-03 1.619848E-03 2.631922E-05 2.187883E-05 1.483580E-05 7.650104E-06 3.614339E-06
171 6.107143E+01 5.178571E-01 2.504752E+00 1.406249E-03 1.524041E-03 1.646815E-03 1.659091E-03 2.695639E-05 2.240851E-05 1.519497E-05 7.835308E-06 3.701840E-06
172 6.158929E+01 5.178571E-01 2.504752E+00 1.439477E-03 1.560052E-03 1.685728E-03 1.698293E-03 2.759293E-05 2.293765E-05 1.555377E-05 8.020328E-06 3.789254E-06
173 6.210714E+01 5.178571E-01 2.504752E+00 1.472614E-03 1.595965E-03 1.724534E-03 1.737388E-03 2.822773E-05 2.346535E-05 1.591160E-05 8.204841E-06 3.876428E-06
174 6.262500E+01 5.178571E-01 2.504752E+00 1.505599E-03 1.631713E-03 1.763162E-03 1.776304E-03 2.885963E-05 2.399064E-05 1.626780E-05 8.388514E-06 3.963205E-06
175 6.314286E+01 5.178571E-01 2.504752E+00 1.538371E-03 1.667230E-03 1.801540E-03 1.814969E-03 2.948745E-05 2.451254E-05 1.662169E-05 8.571000E-06 4.049422E-06
176 6.366071E+01 5.178571E-01 2.504752E+00 1.570866E-03 1.702446E-03 1.839594E-03 1.853306E-03 3.010996E-05 2.503003E-05 1.697259E-05 8.751943E-06 4.134910E-06
177 6.417857E+01 5.178571E-01 2.504752E+00 1.603017E-03 1.737291E-03 1.877245E-03 1.891238E-03 3.072591E-05 2.554206E-05 1.731979E-05 8.930978E-06 4.219496E-06
178 6.469643E+01 5.178571E-01 2.504752E+00 1.634759E-03 1.771692E-03 1.914418E-03 1.928687E-03 3.133402E-05 2.604757E-05 1.766258E-05 9.107734E-06 4.303005E-06
179 6.521429E+01 5.178571E-01 2.504752E+00 1.666024E-03 1.805575E-03 1.951030E-03 1.965573E-03 3.193297E-05 2.654547E-05 1.800020E-05 9.281831E-06 4.385258E-06
180 6.573214E+01 5.178571E-01 2.504752E+00 1.696741E-03 1.838866E-03 1.987003E-03 2.001814E-03 3.252147E-05 2.703468E-05 1.833193E-05 9.452885E-06 4.466074E-06
181 6.625000E+01 5.178571E-01 2.504752E+00 1.726843E-03 1.871489E-03 2.022254E-03 2.037328E-03 3.309816E-05 2.751408E-05 1.865700E-05 9.620511E-06 4.545270E-06
182 6.676786E+01 5.178571E-01 2.504752E+00 1.756260E-03 1.903370E-03 2.056703E-03 2.072033E-03 3.366172E-05 2.798256E-05 1.897467E-05 9.784320E-06 4.622663E-06
183 6.728571E+01 5.178571E-01 2.504752E+00 1.784921E-03 1.934432E-03 2.090267E-03 2.105848E-03 3.421083E-05 2.843902E-05 1.928420E-05 9.943925E-06 4.698069E-06
184 6.780357E+01 5.178571E-01 2.504752E+00 1.812758E-03 1.964600E-03 2.122866E-03 2.138690E-03 3.474414E-05 2.888236E-05 1.958482E-05 1.009894E-05 4.771307E-06
185 6.832143E+01 5.178571E-01 2.504752E+00 1.839703E-03 1.993802E-03 2.154420E-03 2.170479E-03 3.526035E-05 2.931148E-05 1.987580E-05 1.024899E-05 4.842197E-06
186 6.883929E+01 5.178571E-01 2.504752E+00 1.865687E-03 2.021963E-03 2.184850E-03 2.201136E-03 3.575817E-05 2.972531E-05 2.015642E-05 1.039369E-05 4.910561E-06
187 6.935714E+01 5.178571E-01 2.504752E+00 1.890646E-03 2.049013E-03 2.214079E-03 2.230583E-03 3.623635E-05 3.012281E-05 2.042596E-05 1.053268E-05 4.976228E-06
188 6.987500E+01 5.178571E-01 2.504752E+00 1.914516E-03 2.074882E-03 2.242032E-03 2.258744E-03 3.669365E-05 3.050296E-05 2.068373E-05 1.066560E-05 5.039027E-06
189 7.039286E+01 5.178571E-01 2.504752E+00 1.937234E-03 2.099503E-03 2.268637E-03 2.285547E-03 3.712889E-05 3.086477E-05 2.092907E-05 1.079211E-05 5.098797E-06
190 7.091071E+01 5.178571E-01 2.504752E+00 1.958742E-03 2.122812E-03 2.293823E-03 2.310921E-03 3.754093E-05 3.120730E-05 2.116133E-05 1.091187E-05 5.155382E-06
191 7.142857E+01 5.178571E-01 2.504752E+00 1.978982E-03 2.144748E-03 2.317527E-03 2.334801E-03 3.792870E-05 3.152965E-05 2.137991E-05 1.102459E-05 5.208634E-06
192 7.194643E+01 5.178571E-01 2.504752E+00 1.997903E-03 2.165254E-03 2.339684E-03 2.357124E-03 3.829118E-05 3.183097E-05 2.158424E-05 1.112994E-05 5.258411E-06
193 7.246429E+01 5.178571E-01 2.504752E+00 2.015454E-03 2.184275E-03 2.360237E-03 2.377830E-03 3.862741E-05 3.211047E-05 2.177377E-05 1.122768E-05 5.304585E-06
194 7.298214E+01 5.178571E-01 2.504752E+00 2.031589E-03 2.201761E-03 2.379133E-03 2.396867E-03 3.893652E-05 3.236743E-05 2.194801E-05 1.131752E-05 5.347034E-06
195 7.350000E+01 5.178571E-01 2.504752E+00 2.046267E-03 2.217669E-03 2.396322E-03 2.414184E-03 3.921770E-05 3.260117E-05 2.210650E-05 1.139925E-05 5.385648E-06
196 7.401786E+01 5.178571E-01 2.504752E+00 2.059450E-03 2.231956E-03 2.411760E-03 2.429737E-03 3.947024E-05 3.281111E-05 2.224886E-05 1.147266E-05 5.420328E-06
197 7.453571E+01 5.178571E-01 2.504752E+00 2.071106E-03 2.244588E-03 2.425410E-03 2.443488E-03 3.969351E-05 3.299671E-05 2.237471E-05 1.153755E-05 5.450989E-06
198 7.505357E+01 5.178571E-01 2.504752E+00 2.081206E-03 2.255534E-03 2.437237E-03 2.455404E-03 3.988697E-05 3.315753E-05 2.248376E-05 1.159379E-05 5.477556E-06
199 7.557143E+01 5.178571E-01 2.504752E+00 2.089727E-03 2.264769E-03 2.447216E-03 2.465457E-03 4.005017E-05 3.329320E-05 2.257576E-05 1.164123E-05 5.499969E-06
200 7.608929E+01 5.178571E-01 2.504752E+00 2.096650E-03 2.272273E-03 2.455324E-03 2.473626E-03 4.018277E-05 3.340343E-05 2.265051E-05 1.167977E-05 5.518179E-06
201 7.660714E+01 5.178571E-01 2.504752E+00 2.101964E-03 2.278031E-03 2.461547E-03 2.479895E-03 4.028452E-05 3.348801E-05 2.270786E-05 1.170934E-05 5.532151E-06
202 7.712500E+01 5.178571E-01 2.504752E+00 2.105660E-03 2.282036E-03 2.465875E-03 2.484255E-03 4.035526E-05 3.354681E-05 2.274773E-05 1.172990E-05 5.541865E-06
203 7.764286E+01 5.178571E-01 2.504752E+00 2.107735E-03 2.284285E-03 2.468305E-03 2.486703E-03 4.039494E-05 3.357980E-05 2.277010E-05 1.174144E-05 5.547315E-06
204 7.816071E+01 5.178571E-01 2.504752E+00 2.108191E-03 2.284780E-03 2.468839E-03 2.487241E-03 4.040361E-05 3.358701E-05 2.277499E-05 1.174396E-05 5.548506E-06
205 7.867857E+01 5.178571E-01 2.504752E+00 2.107037E-03 2.283529E-03 2.467487E-03 2.485880E-03 4.038142E-05 3.356856E-05 2.276248E-05 1.173751E-05 5.545458E-06
206 7.919643E+01 5.178571E-01 2.504752E+00 2.104284E-03 2.280546E-03 2.464264E-03 2.482633E-03 4.032860E-05 3.352465E-05 2.273271E-05 1.172215E-05 5.538205E-06
207 7.971429E+01 5.178571E-01 2.504752E+00 2.099952E-03 2.275850E-03 2.459190E-03 2.477521E-03 4.024550E-05 3.345557E-05 2.268586E-05 1.169800E-05 5.526792E-06
208 8.023214E+01 5.178571E-01 2.504752E+00 2.094061E-03 2.269466E-03 2.452291E-03 2.470570E-03 4.013254E-05 3.336166E-05 2.262219E-05 1.166516E-05 5.511279E-06
209 8.075000E+01 5.178571E-01 2.504752E+00 2.086638E-03 2.261422E-03 2.443599E-03 2.461814E-03 3.999023E-05 3.324337E-05 2.254197E-05 1.162380E-05 5.491737E-06
210 8.126786E+01 5.178571E-01 2.504752E+00 2.077716E-03 2.251752E-03 2.433151E-03 2.451287E-03 3.981918E-05 3.310118E-05 2.244555E-05 1.157408E-05 5.468248E-06
211 8.178571E+01 5.178571E-01 2.504752E+00 2.067329E-03 2.240495E-03 2.420987E-03 2.439033E-03 3.962007E-05 3.293566E-05 2.233332E-05 1.151621E-05 5.440904E-06
212 8.230357E+01 5.178571E-01 2.504752E+00 2.055518E-03 2.227694E-03 2.407155E-03 2.425097E-03 3.939365E-05 3.274744E-05 2.220569E-05 1.145040E-05 5.409811E-06
213 8.282143E+01 5.178571E-01 2.504752E+00 2.042324E-03 2.213395E-03 2.391704E-03 2.409531E-03 3.914075E-05 3.253720E-05 2.206313E-05 1.137689E-05 5.375080E-06
214 8.333929E+01 5.178571E-01 2.504752E+00 2.027794E-03 2.197648E-03 2.374689E-03 2.392389E-03 3.886225E-05 3.230569E-05 2.190614E-05 1.129594E-05 5.336835E-06
215 8.385714E+01 5.178571E-01 2.504752E+00 2.011978E-03 2.180508E-03 2.356167E-03 2.373729E-03 3.855910E-05 3.205368E-05 2.173526E-05 1.120782E-05 5.295204E-06
216 8.437500E+01 5.178571E-01 2.504752E+00 1.994927E-03 2.162029E-03 2.336200E-03 2.353613E-03 3.823229E-05 3.178202E-05 2.155104E-05 1.111283E-05 5.250325E-06
217 8.489286E+01 5.178571E-01 2.504752E+00 1.976697E-03 2.142272E-03 2.314851E-03 2.332105E-03 3.788288E-05 3.149155E-05 2.135408E-05 1.101127E-05 5.202341E-06
218 8.541071E+01 5.178571E-01 2.504752E+00 1.957344E-03 2.121297E-03 2.292186E-03 2.309272E-03 3.751194E-05 3.118320E-05 2.114499E-05 1.090345E-05 5.151401E-06
219 8.592857E+01 5.178571E-01 2.504752E+00 1.936925E-03 2.099168E-03 2.268275E-03 2.285182E-03 3.712059E-05 3.085788E-05 2.092439E-05 1.078970E-05 5.097659E-06
220 8.644643E+01 5.178571E-01 2.504752E+00 1.915502E-03 2.075950E-03 2.243186E-03 2.259907E-03 3.670999E-05 3.051654E-05 2.069294E-05 1.067035E-05 5.041271E-06
221 8.696429E+01 5.178571E-01 2.504752E+00 1.893134E-03 2.051708E-03 2.216992E-03 2.233517E-03 3.628128E-05 3.016017E-05 2.045129E-05 1.054574E-05 4.982399E-06
222 8.748214E+01 5.178571E-01 2.504752E+00 1.869883E-03 2.026510E-03 2.189764E-03 2.206086E-03 3.583567E-05 2.978973E-05 2.020010E-05 1.041621E-05 4.921203E-06
223 8.800000E+01 5.178571E-01 2.504752E+00 1.845812E-03 2.000423E-03 2.161575E-03 2.177687E-03 3.537432E-05 2.940622E-05 1.994004E-05 1.028211E-05 4.857849E-06
224 8.851786E+01 5.178571E-01 2.504752E+00 1.820982E-03 1.973514E-03 2.132498E-03 2.148393E-03 3.489846E-05 2.901064E-05 1.967180E-05 1.014380E-05 4.792499E-06
225 8.903571E+01 5.178571E-01 2.504752E+00 1.795457E-03 1.945850E-03 2.102606E-03 2.118278E-03 3.440925E-05 2.860397E-05 1.939605E-05 1.000160E-05 4.725318E-06
226 8.955357E+01 5.178571E-01 2.504752E+00 1.769298E-03 1.917500E-03 2.071971E-03 2.087416E-03 3.390790E-05 2.818720E-05 1.911344E-05 9.855875E-06 4.656469E-06
227 9.007143E+01 5.178571E-01 2.504752E+00 1.742566E-03 1.888529E-03 2.040667E-03 2.055878E-03 3.339558E-05 2.776132E-05 1.882465E-05 9.706959E-06 4.586113E-06
228 9.058929E+01 5.178571E-01 2.504752E+00 1.715322E-03 1.859003E-03 2.008762E-03 2.023735E-03 3.287344E-05 2.732727E-05 1.853033E-05 9.555192E-06 4.514410E-06
229 9.110714E+01 5.178571E-01 2.504752E+00 1.687626E-03 1.828987E-03 1.976328E-03 1.991059E-03 3.234263E-05 2.688602E-05 1.823112E-05 9.400904E-06 4.441516E-06
230 9.162500E+01 5.178571E-01 2.504752E+00 1.659535E-03 1.798543E-03 1.943431E-03 1.957918E-03 3.180427E-05 2.643848E-05 1.792765E-05 9.244421E-06 4.367584E-06
231 9.214286E+01 5.178571E-01 2.504752E+00 1.631107E-03 1.767733E-03 1.910140E-03 1.924378E-03 3.125944E-05 2.598557E-05 1.762054E-05 9.086057E-06 4.292764E-06
232 9.266071E+01 5.178571E-01 2.504752E+00 1.602396E-03 1.736618E-03 1.876518E-03 1.890505E-03 3.070920E-05 2.552817E-05 1.731038E-05 8.926122E-06 4.217202E-06
233 9.317857E+01 5.178571E-01 2.504752E+00 1.573457E-03 1.705255E-03 1.842629E-03 1.856363E-03 3.015459E-05 2.506712E-05 1.699775E-05 8.764914E-06 4.141038E-06
234 9.369643E+01 5.178571E-01 2.504752E+00 1.544341E-03 1.673700E-03 1.808532E-03 1.822012E-03 2.959658E-05 2.460326E-05 1.668321E-05 8.602721E-06 4.064409E-06
235 9.421429E+01 5.178571E-01 2.504752E+00 1.515098E-03 1.642008E-03 1.774286E-03 1.787511E-03 2.903614E-05 2.413737E-05 1.636729E-05 8.439820E-06 3.987445E-06
236 9.473214E+01 5.178571E-01 2.504752E+00 1.485776E-03 1.610229E-03 1.739948E-03 1.752917E-03 2.847418E-05 2.367022E-05 1.605052E-05 8.276477E-06 3.910273E-06
237 9.525000E+01 5.178571E-01 2.504752E+00 1.456420E-03 1.578414E-03 1.705570E-03 1.718283E-03 2.791158E-05 2.320254E-05 1.573339E-05 8.112947E-06 3.833012E-06
238 9.576786E+01 5.178571E-01 2.504752E+00 1.427074E-03 1.546610E-03 1.671203E-03 1.683660E-03 2.734916E-05 2.273501E-05 1.541636E-05 7.949471E-06 3.755777E-06
239 9.628571E+01 5.178571E-01 2.504752E+00 1.397778E-03 1.514861E-03 1.636896E-03 1.649098E-03 2.678772E-05 2.226829E-05 1.509989E-05 7.786281E-06 3.678677E-06
240 9.680357E+01 5.178571E-01 2.504752E+00 1.368574E-03 1.483210E-03 1.602695E-03 1.614642E-03 2.622802E-05 2.180301E-05 1.478439E-05 7.623593E-06 3.601814E-06
241 9.732143E+01 5.178571E-01 2.504752E+00 1.339496E-03 1.451696E-03 1.568643E-03 1.580336E-03 2.567075E-05 2.133976E-05 1.447026E-05 7.461614E-06 3.525286E-06
242 9.783929E+01 5.178571E-01 2.504752E+00 1.310580E-03 1.420358E-03 1.534780E-03 1.546220E-03 2.511657E-05 2.087909E-05 1.415788E-05 7.300535E-06 3.449183E-06
243 9.835714E+01 5.178571E-01 2.504752E+00 1.281857E-03 1.389230E-03 1.501145E-03 1.512334E-03 2.456612E-05 2.042150E-05 1.384760E-05 7.140537E-06 3.373591E-06
244 9.887500E+01 5.178571E-01 2.504752E+00 1.253360E-03 1.358345E-03 1.467772E-03 1.478712E-03 2.401997E-05 1.996750E-05 1.353974E-05 6.981790E-06 3.298590E-06
245 9.939286E+01 5.178571E-01 2.504752E+00 1.225114E-03 1.327734E-03 1.434695E-03 1.445389E-03 2.347866E-05 1.951751E-05 1.323461E-05 6.824448E-06 3.224253E-06
246 9.991071E+01 5.178571E-01 2.504752E+00 1.197147E-03 1.297424E-03 1.401943E-03 1.412393E-03 2.294268E-05 1.907196E-05 1.293249E-05 6.668657E-06 3.150648E-06
247 1.004286E+02 5.178571E-01 2.504752E+00 1.169482E-03 1.267442E-03 1.369546E-03 1.379754E-03 2.241249E-05 1.863122E-05 1.263363E-05 6.514550E-06 3.077839E-06
248 1.009464E+02 5.178571E-01 2.504752E+00 1.142141E-03 1.237811E-03 1.337528E-03 1.347497E-03 2.188851E-05 1.819564E-05 1.233827E-05 6.362247E-06 3.005883E-06
249 1.014643E+02 5.178571E-01 2.504752E+00 1.115144E-03 1.208552E-03 1.305912E-03 1.315646E-03 2.137112E-05 1.776554E-05 1.204662E-05 6.211859E-06 2.934831E-06
250 1.019821E+02 5.178571E-01 2.504752E+00 1.088509E-03 1.179686E-03 1.274720E-03 1.284222E-03 2.086067E-05 1.734121E-05 1.175889E-05 6.063488E-06 2.864732E-06
251 1.025000E+02 5.178571E-01 2.504752E+00 1.062252E-03 1.151230E-03 1.243971E-03 1.253244E-03 2.035746E-05 1.692290E-05 1.147523E-05 5.917222E-06 2.795628E-06
252 1.030179E+02 5.178571E-01 2.504752E+00 1.036387E-03 1.123198E-03 1.213682E-03 1.222729E-03 1.986177E-05 1.651084E-05 1.119582E-05 5.773142E-06 2.727557E-06
253 1.035357E+02 5.178571E-01 2.504752E+00 1.010927E-03 1.095606E-03 1.183867E-03 1.192691E-03 1.937385E-05 1.610523E-05 1.092078E-05 5.631319E-06 2.660552E-06
254 1.040536E+02 5.178571E-01 2.504752E+00 9.858840E-04 1.068465E-03 1.154539E-03 1.163145E-03 1.889390E-05 1.570626E-05 1.065024E-05 5.491814E-06 2.594642E-06
255 1.045714E+02 5.178571E-01 2.504752E+00 9.612662E-04 1.041785E-03 1.125710E-03 1.134101E-03 1.842211E-05 1.531406E-05 1.038430E-05 5.354681E-06 2.529852E-06
256 1.050893E+02 5.178571E-01 2.504752E+00 9.370823E-04 1.015575E-03 1.097389E-03 1.105569E-03 1.795864E-05 1.492878E-05 1.012305E-05 5.219965E-06 2.466205E-06
257 1.056071E+02 5.178571E-01 2.504752E+00 9.133391E-04 9.898433E-04 1.069584E-03 1.077557E-03 1.750361E-05 1.455053E-05 9.866555E-06 5.087704E-06 2.403717E-06
258 1.061250E+02 5.178571E-01 2.504752E+00 8.900420E-04 9.645948E-04 1.042301E-03 1.050071E-03 1.705713E-05 1.417937E-05 9.614881E-06 4.957928E-06 2.342404E-06
259 1.066429E+02 5.178571E-01 2.504752E+00 8.671952E-04 9.398343E-04 1.015546E-03 1.023116E-03 1.661928E-05 1.381540E-05 9.368072E-06 4.830660E-06 2.282275E-06
260 1.071607E+02 5.178571E-01 2.504752E+00 8.448019E-04 9.155652E-04 9.893221E-04 9.966963E-04 1.619012E-05 1.345864E-05 9.126161E-06 4.705919E-06 2.223340E-06
261 1.076786E+02 5.178571E-01 2.504752E+00 8.228639E-04 8.917896E-04 9.636312E-04 9.708140E-04 1.576969E-05 1.310914E-05 8.889170E-06 4.583714E-06 2.165604E-06
262 1.081964E+02 5.178571E-01 2.504752E+00 8.013825E-04 8.685088E-04 9.384749E-04 9.454702E-04 1.535801E-05 1.276692E-05 8.657110E-06 4.464052E-06 2.109069E-06
263 1.087143E+02 5.178571E-01 2.504752E+00 7.803576E-04 8.457228E-04 9.138533E-04 9.206650E-04 1.495508E-05 1.243197E-05 8.429983E-06 4.346933E-06 2.053736E-06
264 1.092321E+02 5.178571E-01 2.504752E+00 7.597885E-04 8.234308E-04 8.897654E-04 8.963976E-04 1.456088E-05 1.210428E-05 8.207779E-06 4.232354E-06 1.999602E-06
265 1.097500E+02 5.178571E-01 2.504752E+00 7.396736E-04 8.016310E-04 8.662095E-04 8.726661E-04 1.417539E-05 1.178382E-05 7.990483E-06 4.120304E-06 1.946663E-06
266 1.102679E+02 5.178571E-01 2.504752E+00 7.200106E-04 7.803210E-04 8.431828E-04 8.494678E-04 1.379856E-05 1.147057E-05 7.778068E-06 4.010773E-06 1.894914E-06
267 1.107857E+02 5.178571E-01 2.504752E+00 7.007967E-04 7.594976E-04 8.206819E-04 8.267992E-04 1.343033E-05 1.116447E-05 7.570504E-06 3.903742E-06 1.844347E-06
268 1.113036E+02 5.178571E-01 2.504752E+00 6.820281E-04 7.391569E-04 7.987026E-04 8.046560E-04 1.307064E-05 1.086546E-05 7.367752E-06 3.799192E-06 1.794952E-06
269 1.118214E+02 5.178571E-01 2.504752E+00 6.637008E-04 7.192945E-04 7.772401E-04 7.830335E-04 1.271941E-05 1.057348E-05 7.169766E-06 3.697101E-06 1.746718E-06
270 1.123393E+02 5.178571E-01 2.504752E+00 6.458101E-04 6.999053E-04 7.562888E-04 7.619261E-04 1.237655E-05 1.028846E-05 6.976498E-06 3.597442E-06 1.699634E-06
271 1.128571E+02 5.178571E-01 2.504752E+00 6.283510E-04 6.809837E-04 7.358430E-04 7.413279E-04 1.204195E-05 1.001032E-05 6.787891E-06 3.500186E-06 1.653685E-06
272 1.133750E+02 5.178571E-01 2.504752E+00 6.113180E-04 6.625240E-04 7.158961E-04 7.212323E-04 1.171552E-05 9.738965E-06 6.603887E-06 3.405305E-06 1.608857E-06
273 1.138929E+02 5.178571E-01 2.504752E+00 5.947052E-04 6.445196E-04 6.964414E-04 7.016325E-04 1.139715E-05 9.474303E-06 6.424423E-06 3.312764E-06 1.565136E-06
274 1.144107E+02 5.178571E-01 2.504752E+00 5.785064E-04 6.269639E-04 6.774714E-04 6.825212E-04 1.108671E-05 9.216237E-06 6.249432E-06 3.222529E-06 1.522504E-06
275 1.149286E+02 5.178571E-01 2.504752E+00 5.627152E-04 6.098500E-04 6.589788E-04 6.638908E-04 1.078408E-05 8.964665E-06 6.078843E-06 3.134565E-06 1.480945E-06
276 1.154464E+02 5.178571E-01 2.504752E+00 5.473249E-04 5.931706E-04 6.409557E-04 6.457333E-04 1.048913E-05 8.719480E-06 5.912586E-06 3.048834E-06 1.440440E-06
277 1.159643E+02 5.178571E-01 2.504752E+00 5.323286E-04 5.769181E-04 6.233940E-04 6.280407E-04 1.020173E-05 8.480571E-06 5.750584E-06 2.965298E-06 1.400973E-06
278 1.164821E+02 5.178571E-01 2.504752E+00 5.177192E-04 5.610850E-04 6.062854E-04 6.108046E-04 9.921754E-06 8.247827E-06 5.592763E-06 2.883917E-06 1.362524E-06
279 1.170000E+02 5.178571E-01 2.504752E+00 5.034896E-04 5.456635E-04 5.896215E-04 5.940165E-04 9.649051E-06 8.021132E-06 5.439044E-06 2.804651E-06 1.325075E-06
280 1.175179E+02 5.178571E-01 2.504752E+00 4.896323E-04 5.306454E-04 5.733936E-04 5.776676E-04 9.383484E-06 7.800370E-06 5.289347E-06 2.727460E-06 1.288605E-06
281 1.180357E+02 5.178571E-01 2.504752E+00 4.761400E-04 5.160230E-04 5.575932E-04 5.617494E-04 9.124911E-06 7.585422E-06 5.143593E-06 2.652302E-06 1.253096E-06
282 1.185536E+02 5.178571E-01 2.504752E+00 4.630051E-04 5.017879E-04 5.422114E-04 5.462529E-04 8.873189E-06 7.376169E-06 5.001701E-06 2.579135E-06 1.218528E-06
283 1.190714E+02 5.178571E-01 2.504752E+00 4.502202E-04 4.879321E-04 5.272393E-04 5.311693E-04 8.628174E-06 7.172490E-06 4.863589E-06 2.507917E-06 1.184881E-06
284 1.195893E+02 5.178571E-01 2.504752E+00 4.377776E-04 4.744473E-04 5.126682E-04 5.164896E-04 8.389720E-06 6.974267E-06 4.729175E-06 2.438606E-06 1.152135E-06
285 1.201071E+02 5.178571E-01 2.504752E+00 4.256699E-04 4.613254E-04 4.984893E-04 5.022049E-04 8.157682E-06 6.781377E-06 4.598379E-06 2.371161E-06 1.120270E-06
286 1.206250E+02 5.178571E-01 2.504752E+00 4.138895E-04 4.485582E-04 4.846935E-04 4.883064E-04 7.931917E-06 6.593701E-06 4.471118E-06 2.305539E-06 1.089266E-06
287 1.211429E+02 5.178571E-01 2.504752E+00 4.024288E-04 4.361375E-04 4.712723E-04 4.747851E-04 7.712280E-06 6.411120E-06 4.347311E-06 2.241698E-06 1.059104E-06
288 1.216607E+02 5.178571E-01 2.504752E+00 3.912804E-04 4.240553E-04 4.582167E-04 4.616322E-04 7.498627E-06 6.233513E-06 4.226878E-06 2.179596E-06 1.029764E-06
289 1.221786E+02 5.178571E-01 2.504752E+00 3.804368E-04 4.123034E-04 4.455181E-04 4.488390E-04 7.290816E-06 6.060763E-06 4.109738E-06 2.119193E-06 1.001226E-06
290 1.226964E+02 5.178571E-01 2.504752E+00 3.698907E-04 4.008740E-04 4.331679E-04 4.363967E-04 7.088707E-06 5.892752E-06 3.995812E-06 2.060446E-06 9.734706E-07
291 1.232143E+02 5.178571E-01 2.504752E+00 3.596349E-04 3.897590E-04 4.211576E-04 4.242968E-04 6.892160E-06 5.729364E-06 3.885020E-06 2.003317E-06 9.464794E-07
292 1.237321E+02 5.178571E-01 2.504752E+00 3.496620E-04 3.789508E-04 4.094787E-04 4.125309E-04 6.701036E-06 5.570485E-06 3.777286E-06 1.947763E-06 9.202329E-07
293 1.242500E+02 5.178571E-01 2.504752E+00 3.399650E-04 3.684416E-04 3.981228E-04 4.010904E-04 6.515199E-06 5.416002E-06 3.672533E-06 1.893747E-06 8.947125E-07
294 1.247679E+02 5.178571E-01 2.504752E+00 3.305370E-04 3.582238E-04 3.870819E-04 3.899672E-04 6.334516E-06 5.265802E-06 3.570684E-06 1.841229E-06 8.698998E-07
295 1.252857E+02 5.178571E-01 2.504752E+00 3.213709E-04 3.482899E-04 3.763478E-04 3.791530E-04 6.158854E-06 5.119776E-06 3.471665E-06 1.790169E-06 8.457767E-07
296 1.258036E+02 5.178571E-01 2.504752E+00 3.124600E-04 3.386326E-04 3.659125E-04 3.686400E-04 5.988082E-06 4.977816E-06 3.375404E-06 1.740532E-06 8.223251E-07
297 1.263214E+02 5.178571E-01 2.504752E+00 3.037977E-04 3.292447E-04 3.557683E-04 3.584202E-04 5.822074E-06 4.839815E-06 3.281827E-06 1.692279E-06 7.995277E-07
298 1.268393E+02 5.178571E-01 2.504752E+00 2.953773E-04 3.201190E-04 3.459075E-04 3.484858E-04 5.660702E-06 4.705670E-06 3.190864E-06 1.645374E-06 7.773671E-07
299 1.273571E+02 5.178571E-01 2.504752E+00 2.871925E-04 3.112486E-04 3.363225E-04 3.388294E-04 5.503846E-06 4.575276E-06 3.102446E-06 1.599781E-06 7.558264E-07
300 1.278750E+02 5.178571E-01 2.504752E+00 2.792369E-04 3.026267E-04 3.270059E-04 3.294434E-04 5.351382E-06 4.448535E-06 3.016504E-06 1.555465E-06 7.348890E-07
301 1.283929E+02 5.178571E-01 2.504752E+00 2.715044E-04 2.942465E-04 3.179506E-04 3.203206E-04 5.203193E-06 4.325348E-06 2.932972E-06 1.512391E-06 7.145387E-07
302 1.289107E+02 5.178571E-01 2.504752E+00 2.639889E-04 2.861014E-04 3.091495E-04 3.114538E-04 5.059164E-06 4.205618E-06 2.851784E-06 1.470527E-06 6.947596E-07
303 1.294286E+02 5.178571E-01 2.504752E+00 2.566845E-04 2.781852E-04 3.005955E-04 3.028361E-04 4.919179E-06 4.089251E-06 2.772877E-06 1.429838E-06 6.755360E-07
304 1.299464E+02 5.178571E-01 2.504752E+00 2.495854E-04 2.704915E-04 2.922820E-04 2.944606E-04 4.783130E-06 3.976155E-06 2.696188E-06 1.390293E-06 6.568527E-07
305 1.304643E+02 5.178571E-01 2.504752E+00 2.426860E-04 2.630142E-04 2.842023E-04 2.863207E-04 4.650907E-06 3.866240E-06 2.621656E-06 1.351861E-06 6.386950E-07
306 1.309821E+02 5.178571E-01 2.504752E+00 2.359807E-04 2.557472E-04 2.763499E-04 2.784098E-04 4.522404E-06 3.759417E-06 2.549220E-06 1.314509E-06 6.210481E-07
307 1.315000E+02 5.178571E-01 2.504752E+00 2.294642E-04 2.486848E-04 2.687186E-04 2.707216E-04 4.397519E-06 3.655601E-06 2.478824E-06 1.278209E-06 6.038979E-07
308 1.320179E+02 5.178571E-01 2.504752E+00 2.231311E-04 2.418212E-04 2.613021E-04 2.632498E-04 4.276149E-06 3.554708E-06 2.410410E-06 1.242931E-06 5.872306E-07
309 1.325357E+02 5.178571E-01 2.504752E+00 2.169763E-04 2.351510E-04 2.540945E-04 2.559884E-04 4.158198E-06 3.456657E-06 2.343922E-06 1.208647E-06 5.710327E-07
310 1.330536E+02 5.178571E-01 2.504752E+00 2.109949E-04 2.286685E-04 2.470898E-04 2.489316E-04 4.043568E-06 3.361366E-06 2.279306E-06 1.175328E-06 5.552909E-07
311 1.335714E+02 5.178571E-01 2.504752E+00 2.051819E-04 2.223686E-04 2.402824E-04 2.420734E-04 3.932166E-06 3.268759E-06 2.216510E-06 1.142947E-06 5.399924E-07
312 1.340893E+02 5.178571E-01 2.504752E+00 1.995327E-04 2.162461E-04 2.336667E-04 2.354084E-04 3.823901E-06 3.178760E-06 2.155483E-06 1.111478E-06 5.251247E-07
313 1.346071E+02 5.178571E-01 2.504752E+00 1.940424E-04 2.102960E-04 2.272372E-04 2.289310E-04 3.718684E-06 3.091295E-06 2.096174E-06 1.080895E-06 5.106756E-07
314 1.351250E+02 5.178571E-01 2.504752E+00 1.887067E-04 2.045134E-04 2.209888E-04 2.226360E-04 3.616429E-06 3.006292E-06 2.038534E-06 1.051173E-06 4.966333E-07
315 1.356429E+02 5.178571E-01 2.504752E+00 1.835212E-04 1.988935E-04 2.149162E-04 2.165181E-04 3.517052E-06 2.923681E-06 1.982516E-06 1.022288E-06 4.829861E-07
316 1.361607E+02 5.178571E-01 2.504752E+00 1.784816E-04 1.934317E-04 2.090144E-04 2.105724E-04 3.420471E-06 2.843393E-06 1.928075E-06 9.942146E-07 4.697228E-07
317 1.366786E+02 5.178571E-01 2.504752E+00 1.735836E-04 1.881235E-04 2.032786E-04 2.047938E-04 3.326605E-06 2.765364E-06 1.875164E-06 9.669310E-07 4.568325E-07
318 1.371964E+02 5.178571E-01 2.504752E+00 1.688234E-04 1.829645E-04 1.977040E-04 1.991776E-04 3.235378E-06 2.689528E-06 1.823740E-06 9.404143E-07 4.443046E-07
319 1.377143E+02 5.178571E-01 2.504752E+00 1.641968E-04 1.779505E-04 1.922860E-04 1.937192E-04 3.146713E-06 2.615822E-06 1.773761E-06 9.146426E-07 4.321286E-07
320 1.382321E+02 5.178571E-01 2.504752E+00 1.597002E-04 1.730772E-04 1.870201E-04 1.884141E-04 3.060538E-06 2.544186E-06 1.725186E-06 8.895946E-07 4.202945E-07
321 1.387500E+02 5.178571E-01 2.504752E+00 1.553298E-04 1.683407E-04 1.819020E-04 1.832579E-04 2.976782E-06 2.474561E-06 1.677973E-06 8.652494E-07 4.087924E-07
322 1.392679E+02 5.178571E-01 2.504752E+00 1.510819E-04 1.637370E-04 1.769275E-04 1.782463E-04 2.895375E-06 2.406888E-06 1.632085E-06 8.415871E-07 3.976130E-07
323 1.397857E+02 5.178571E-01 2.504752E+00 1.469531E-04 1.592624E-04 1.720924E-04 1.733751E-04 2.816249E-06 2.341112E-06 1.587483E-06 8.185879E-07 3.867469E-07
324 1.403036E+02 5.178571E-01 2.504752E+00 1.429400E-04 1.549131E-04 1.673927E-04 1.686404E-04 2.739339E-06 2.277178E-06 1.544130E-06 7.962329E-07 3.761852E-07
325 1.408214E+02 5.178571E-01 2.504752E+00 1.390391E-04 1.506855E-04 1.628245E-04 1.640382E-04 2.664583E-06 2.215033E-06 1.501990E-06 7.745036E-07 3.659190E-07
326 1.413393E+02 5.178571E-01 2.504752E+00 1.352474E-04 1.465761E-04 1.583841E-04 1.595647E-04 2.591917E-06 2.154627E-06 1.461030E-06 7.533821E-07 3.559400E-07
327 1.418571E+02 5.178571E-01 2.504752E+00 1.315616E-04 1.425816E-04 1.540679E-04 1.552163E-04 2.521281E-06 2.095909E-06 1.421213E-06 7.328509E-07 3.462399E-07
328 1.423750E+02 5.178571E-01 2.504752E+00 1.279788E-04 1.386987E-04 1.498721E-04 1.509892E-04 2.452619E-06 2.038831E-06 1.382509E-06 7.128930E-07 3.368107E-07
329 1.428929E+02 5.178571E-01 2.504752E+00 1.244959E-04 1.349241E-04 1.457934E-04 1.468802E-04 2.385872E-06 1.983345E-06 1.344885E-06 6.934920E-07 3.276446E-07
330 1.434107E+02 5.178571E-01 2.504752E+00 1.211102E-04 1.312547E-04 1.418285E-04 1.428856E-04 2.320986E-06 1.929406E-06 1.308310E-06 6.746319E-07 3.187340E-07
331 1.439286E+02 5.178571E-01 2.504752E+00 1.178187E-04 1.276876E-04 1.379740E-04 1.390024E-04 2.257908E-06 1.876970E-06 1.272753E-06 6.562972E-07 3.100717E-07
332 1.444464E+02 5.178571E-01 2.504752E+00 1.146189E-04 1.242197E-04 1.342267E-04 1.352273E-04 2.196586E-06 1.825994E-06 1.238187E-06 6.384729E-07 3.016505E-07
333 1.449643E+02 5.178571E-01 2.504752E+00 1.115081E-04 1.208483E-04 1.305837E-04 1.315571E-04 2.136969E-06 1.776435E-06 1.204581E-06 6.211442E-07 2.934634E-07
334 1.454821E+02 5.178571E-01 2.504752E+00 1.084837E-04 1.175706E-04 1.270420E-04 1.279889E-04 2.079008E-06 1.728253E-06 1.171910E-06 6.042971E-07 2.855039E-07
335 1.460000E+02 5.178571E-01 2.504752E+00 1.055432E-04 1.143839E-04 1.235985E-04 1.245198E-04 2.022657E-06 1.681409E-06 1.140145E-06 5.879177E-07 2.777654E-07
336 1.465179E+02 5.178571E-01 2.504752E+00 1.026844E-04 1.112855E-04 1.202506E-04 1.211469E-04 1.967869E-06 1.635864E-06 1.109262E-06 5.719927E-07 2.702415E-07
337 1.470357E+02 5.178571E-01 2.504752E+00 9.990474E-05 1.082731E-04 1.169954E-04 1.178675E-04 1.914599E-06 1.591582E-06 1.079235E-06 5.565090E-07 2.629261E-07
338 1.475536E+02 5.178571E-01 2.504752E+00 9.720208E-05 1.053440E-04 1.138304E-04 1.146789E-04 1.862805E-06 1.548526E-06 1.050039E-06 5.414540E-07 2.558133E-07
339 1.480714E+02 5.178571E-01 2.504752E+00 9.457418E-05 1.024960E-04 1.107530E-04 1.115785E-04 1.812443E-06 1.506660E-06 1.021650E-06 5.268155E-07 2.488973E-07
340 1.485893E+02 5.178571E-01 2.504752E+00 9.201892E-05 9.972672E-05 1.077606E-04 1.085638E-04 1.763473E-06 1.465953E-06 9.940467E-07 5.125817E-07 2.421724E-07
341 1.491071E+02 5.178571E-01 2.504752E+00 8.953422E-05 9.703389E-05 1.048508E-04 1.056324E-04 1.715856E-06 1.426369E-06 9.672053E-07 4.987409E-07 2.356332E-07
342 1.496250E+02 5.178571E-01 2.504752E+00 8.711808E-05 9.441537E-05 1.020214E-04 1.027818E-04 1.669552E-06 1.387877E-06 9.411046E-07 4.852820E-07 2.292745E-07
343 1.501429E+02 5.178571E-01 2.504752E+00 8.476855E-05 9.186904E-05 9.926990E-05 1.000098E-04 1.624525E-06 1.350447E-06 9.157234E-07 4.721942E-07 2.230911E-07
344 1.506607E+02 5.178571E-01 2.504752E+00 8.248373E-05 8.939283E-05 9.659422E-05 9.731422E-05 1.580738E-06 1.314047E-06 8.910413E-07 4.594668E-07 2.170779E-07
345 1.511786E+02 5.178571E-01 2.504752E+00 8.026179E-05 8.698477E-05 9.399217E-05 9.469277E-05 1.538156E-06 1.278649E-06 8.670384E-07 4.470897E-07 2.112303E-07
346 1.516964E+02 5.178571E-01 2.504752E+00 7.810093E-05 8.464292E-05 9.146166E-05 9.214340E-05 1.496745E-06 1.244225E-06 8.436954E-07 4.350528E-07 2.055434E-07
347 1.522143E+02 5.178571E-01 2.504752E+00 7.599944E-05 8.236540E-05 8.900066E-05 8.966406E-05 1.456471E-06 1.210746E-06 8.209937E-07 4.233467E-07 2.000128E-07
348 1.527321E+02 5.178571E-01 2.504752E+00 7.395563E-05 8.015039E-05 8.660721E-05 8.725277E-05 1.417303E-06 1.178186E-06 7.989151E-07 4.119618E-07 1.946339E-07
349 1.532500E+02 5.178571E-01 2.504752E+00 7.196786E-05 7.799612E-05 8.427940E-05 8.490761E-05 1.379209E-06 1.146519E-06 7.774420E-07 4.008891E-07 1.894026E-07
350 1.537679E+02 5.178571E-01 2.504752E+00 7.003456E-05 7.590088E-05 8.201537E-05 8.262670E-05 1.342158E-06 1.115719E-06 7.565572E-07 3.901199E-07 1.843145E-07
351 1.542857E+02 5.178571E-01 2.504752E+00 6.815419E-05 7.386300E-05 7.981332E-05 8.040824E-05 1.306122E-06 1.085763E-06 7.362442E-07 3.796454E-07 1.793658E-07
352 1.548036E+02 5.178571E-01 2.504752E+00 6.632525E-05 7.188087E-05 7.767151E-05 7.825046E-05 1.271072E-06 1.056626E-06 7.164868E-07 3.694575E-07 1.745525E-07
353 1.553214E+02 5.178571E-01 2.504752E+00 6.454630E-05 6.995290E-05 7.558823E-05 7.615166E-05 1.236980E-06 1.028286E-06 6.972694E-07 3.595480E-07 1.698707E-07
354 1.558393E+02 5.178571E-01 2.504752E+00 6.281593E-05 6.807760E-05 7.356185E-05 7.411017E-05 1.203819E-06 1.000719E-06 6.785769E-07 3.499092E-07 1.653168E-07
355 1.563571E+02 5.178571E-01 2.504752E+00 6.113278E-05 6.625346E-05 7.159076E-05 7.212439E-05 1.171562E-06 9.739048E-07 6.603944E-07 3.405334E-07 1.608871E-07
356 1.568750E+02 5.178571E-01 2.504752E+00 5.949552E-05 6.447905E-05 6.967341E-05 7.019275E-05 1.140185E-06 9.478215E-07 6.427076E-07 3.314132E-07 1.565782E-07
357 1.573929E+02 5.178571E-01 2.504752E+00 5.790286E-05 6.275299E-05 6.780830E-05 6.831374E-05 1.109663E-06 9.224489E-07 6.255027E-07 3.225414E-07 1.523867E-07
358 1.579107E+02 5.178571E-01 2.504752E+00 5.635356E-05 6.107392E-05 6.599396E-05 6.648588E-05 1.079972E-06 8.977670E-07 6.087662E-07 3.139112E-07 1.483093E-07
359 1.584286E+02 5.178571E-01 2.504752E+00 5.484641E-05 5.944052E-05 6.422898E-05 6.470773E-05 1.051089E-06 8.737565E-07 5.924849E-07 3.055157E-07 1.443428E-07
360 1.589464E+02 5.178571E-01 2.504752E+00 5.338021E-05 5.785151E-05 6.251196E-05 6.297792E-05 1.022990E-06 8.503986E-07 5.766461E-07 2.973485E-07 1.404841E-07
361 1.594643E+02 5.178571E-01 2.504752E+00 5.195384E-05 5.630566E-05 6.084158E-05 6.129509E-05 9.956547E-07 8.276750E-07 5.612376E-07 2.894030E-07 1.367302E-07
362 1.599821E+02 5.178571E-01 2.504752E+00 5.056619E-05 5.480177E-05 5.921654E-05 5.965793E-05 9.690613E-07 8.055683E-07 5.462472E-07 2.816732E-07 1.330782E-07
363 1.605000E+02 5.178571E-01 2.504752E+00 4.921616E-05 5.333866E-05 5.763557E-05 5.806518E-05 9.431891E-07 7.840610E-07 5.316634E-07 2.741530E-07 1.295253E-07
364 1.610179E+02 5.178571E-01 2.504752E+00 4.790272E-05 5.191521E-05 5.609744E-05 5.651558E-05 9.180180E-07 7.631366E-07 5.174748E-07 2.668367E-07 1.260686E-07
365 1.615357E+02 5.178571E-01 2.504752E+00 4.662486E-05 5.053030E-05 5.460097E-05 5.500796E-05 8.935286E-07 7.427789E-07 5.036704E-07 2.597184E-07 1.227056E-07
366 1.620536E+02 5.178571E-01 2.504752E+00 4.538157E-05 4.918288E-05 5.314499E-05 5.354113E-05 8.697020E-07 7.229722E-07 4.902397E-07 2.527928E-07 1.194335E-07
367 1.625714E+02 5.178571E-01 2.504752E+00 4.417191E-05 4.787189E-05 5.172840E-05 5.211397E-05 8.465198E-07 7.037011E-07 4.771721E-07 2.460545E-07 1.162500E-07
368 1.630893E+02 5.178571E-01 2.504752E+00 4.299494E-05 4.659634E-05 5.035009E-05 5.072539E-05 8.239641E-07 6.849508E-07 4.644578E-07 2.394984E-07 1.131525E-07
369 1.636071E+02 5.178571E-01 2.504752E+00 4.184976E-05 4.535523E-05 4.900900E-05 4.937431E-05 8.020176E-07 6.667069E-07 4.520868E-07 2.331193E-07 1.101386E-07
370 1.641250E+02 5.178571E-01 2.504752E+00 4.073549E-05 4.414763E-05 4.770411E-05 4.805969E-05 7.806634E-07 6.489555E-07 4.400498E-07 2.269123E-07 1.072061E-07
371 1.646429E+02 5.178571E-01 2.504752E+00 3.965128E-05 4.297260E-05 4.643442E-05 4.678054E-05 7.598852E-07 6.316829E-07 4.283374E-07 2.208728E-07 1.043527E-07
372 1.651607E+02 5.178571E-01 2.504752E+00 3.859629E-05 4.182924E-05 4.519895E-05 4.553586E-05 7.396672E-07 6.148759E-07 4.169407E-07 2.149961E-07 1.015763E-07
373 1.656786E+02 5.178571E-01 2.504752E+00 3.756972E-05 4.071668E-05 4.399677E-05 4.432472E-05 7.199938E-07 5.985217E-07 4.058511E-07 2.092777E-07 9.887457E-08
374 1.661964E+02 5.178571E-01 2.504752E+00 3.657080E-05 3.963408E-05 4.282696E-05 4.314619E-05 7.008501E-07 5.826078E-07 3.950601E-07 2.037133E-07 9.624562E-08
375 1.667143E+02 5.178571E-01 2.504752E+00 3.559875E-05 3.858061E-05 4.168862E-05 4.199936E-05 6.822216E-07 5.671221E-07 3.845594E-07 1.982986E-07 9.368742E-08
376 1.672321E+02 5.178571E-01 2.504752E+00 3.465284E-05 3.755547E-05 4.058090E-05 4.088338E-05 6.640939E-07 5.520528E-07 3.743411E-07 1.930295E-07 9.119801E-08
377 1.677500E+02 5.178571E-01 2.504752E+00 3.373235E-05 3.655788E-05 3.950294E-05 3.979740E-05 6.464535E-07 5.373886E-07 3.643974E-07 1.879021E-07 8.877550E-08
378 1.682679E+02 5.178571E-01 2.504752E+00 3.283659E-05 3.558709E-05 3.845395E-05 3.874058E-05 6.292870E-07 5.231182E-07 3.547209E-07 1.829124E-07 8.641807E-08
379 1.687857E+02 5.178571E-01 2.504752E+00 3.196488E-05 3.464236E-05 3.743311E-05 3.771213E-05 6.125813E-07 5.092310E-07 3.453041E-07 1.780566E-07 8.412393E-08
380 1.693036E+02 5.178571E-01 2.504752E+00 3.111656E-05 3.372298E-05 3.643967E-05 3.671129E-05 5.963239E-07 4.957164E-07 3.361400E-07 1.733311E-07 8.189135E-08
381 1.698214E+02 5.178571E-01 2.504752E+00 3.029099E-05 3.282826E-05 3.547287E-05 3.573728E-05 5.805024E-07 4.825643E-07 3.272216E-07 1.687323E-07 7.971864E-08
382 1.703393E+02 5.178571E-01 2.504752E+00 2.948755E-05 3.195752E-05 3.453198E-05 3.478938E-05 5.651051E-07 4.697646E-07 3.185424E-07 1.642569E-07 7.760417E-08
383 1.708571E+02 5.178571E-01 2.504752E+00 2.870563E-05 3.111011E-05 3.361630E-05 3.386687E-05 5.501203E-07 4.573079E-07 3.100956E-07 1.599013E-07 7.554634E-08
384 1.713750E+02 5.178571E-01 2.504752E+00 2.794465E-05 3.028538E-05 3.272514E-05 3.296907E-05 5.355367E-07 4.451848E-07 3.018750E-07 1.556623E-07 7.354362E-08
385 1.718929E+02 5.178571E-01 2.504752E+00 2.720404E-05 2.948274E-05 3.185783E-05 3.209530E-05 5.213434E-07 4.333861E-07 2.938745E-07 1.515368E-07 7.159451E-08
386 1.724107E+02 5.178571E-01 2.504752E+00 2.648324E-05 2.870156E-05 3.101372E-05 3.124490E-05 5.075298E-07 4.219030E-07 2.860879E-07 1.475217E-07 6.969753E-08
387 1.729286E+02 5.178571E-01 2.504752E+00 2.578171E-05 2.794127E-05 3.019219E-05 3.041724E-05 4.940856E-07 4.107270E-07 2.785096E-07 1.436139E-07 6.785128E-08
388 1.734464E+02 5.178571E-01 2.504752E+00 2.509893E-05 2.720130E-05 2.939261E-05 2.961170E-05 4.810007E-07 3.998497E-07 2.711338E-07 1.398106E-07 6.605437E-08
389 1.739643E+02 5.178571E-01 2.504752E+00 2.443440E-05 2.648110E-05 2.861439E-05 2.882768E-05 4.682654E-07 3.892630E-07 2.639551E-07 1.361088E-07 6.430546E-08
390 1.744821E+02 5.178571E-01 2.504752E+00 2.378761E-05 2.578013E-05 2.785695E-05 2.806459E-05 4.558701E-07 3.789590E-07 2.569680E-07 1.325060E-07 6.260326E-08
391 1.750000E+02 5.178571E-01 2.504752E+00 2.315808E-05 2.509787E-05 2.711973E-05 2.732188E-05 4.438057E-07 3.689300E-07 2.501675E-07 1.289992E-07 6.094649E-08
392 1.755179E+02 5.178571E-01 2.504752E+00 2.254535E-05 2.443382E-05 2.640218E-05 2.659898E-05 4.320632E-07 3.591686E-07 2.435484E-07 1.255861E-07 5.933393E-08
393 1.760357E+02 5.178571E-01 2.504752E+00 2.194896E-05 2.378747E-05 2.570376E-05 2.589535E-05 4.206338E-07 3.496675E-07 2.371058E-07 1.222640E-07 5.776437E-08
394 1.765536E+02 5.178571E-01 2.504752E+00 2.136846E-05 2.315835E-05 2.502397E-05 2.521049E-05 4.095092E-07 3.404197E-07 2.308350E-07 1.190304E-07 5.623665E-08
395 1.770714E+02 5.178571E-01 2.504752E+00 2.080344E-05 2.254600E-05 2.436228E-05 2.454388E-05 3.986810E-07 3.314184E-07 2.247312E-07 1.158830E-07 5.474965E-08
396 1.775893E+02 5.178571E-01 2.504752E+00 2.025347E-05 2.194997E-05 2.371823E-05 2.389502E-05 3.881412E-07 3.226568E-07 2.187901E-07 1.128195E-07 5.330225E-08
397 1.781071E+02 5.178571E-01 2.504752E+00 1.971814E-05 2.136980E-05 2.309133E-05 2.326345E-05 3.778821E-07 3.141285E-07 2.130072E-07 1.098375E-07 5.189340E-08
398 1.786250E+02 5.178571E-01 2.504752E+00 1.919707E-05 2.080507E-05 2.248111E-05 2.264868E-05 3.678960E-07 3.058273E-07 2.073782E-07 1.069349E-07 5.052205E-08
399 1.791429E+02 5.178571E-01 2.504752E+00 1.868985E-05 2.025538E-05 2.188713E-05 2.205027E-05 3.581757E-07 2.977469E-07 2.018990E-07 1.041095E-07 4.918719E-08
400 1.796607E+02 5.178571E-01 2.504752E+00 1.819613E-05 1.972030E-05 2.130895E-05 2.146778E-05 3.487140E-07 2.898815E-07 1.965655E-07 1.013593E-07 4.788783E-08
401 1.801786E+02 5.178571E-01 2.504752E+00 1.771554E-05 1.919945E-05 2.074614E-05 2.090078E-05 3.395038E-07 2.822252E-07 1.913739E-07 9.868222E-08 4.662303E-08
402 1.806964E+02 5.178571E-01 2.504752E+00 1.724772E-05 1.869245E-05 2.019829E-05 2.034885E-05 3.305384E-07 2.747724E-07 1.863202E-07 9.607630E-08 4.539184E-08
403 1.812143E+02 5.178571E-01 2.504752E+00 1.679234E-05 1.819892E-05 1.966500E-05 1.981158E-05 3.218113E-07 2.675176E-07 1.814008E-07 9.353962E-08 4.419337E-08
404 1.817321E+02 5.178571E-01 2.504752E+00 1.634905E-05 1.771850E-05 1.914588E-05 1.928859E-05 3.133160E-07 2.604556E-07 1.766122E-07 9.107033E-08 4.302674E-08
405 1.822500E+02 5.178571E-01 2.504752E+00 1.591753E-05 1.725083E-05 1.864054E-05 1.877949E-05 3.050463E-07 2.535811E-07 1.719506E-07 8.866661E-08 4.189109E-08
406 1.827679E+02 5.178571E-01 2.504752E+00 1.549747E-05 1.679559E-05 1.814862E-05 1.828390E-05 2.969962E-07 2.468891E-07 1.674129E-07 8.632670E-08 4.078559E-08
407 1.832857E+02 5.178571E-01 2.504752E+00 1.508856E-05 1.635242E-05 1.766975E-05 1.780146E-05 2.891597E-07 2.403748E-07 1.629955E-07 8.404890E-08 3.970942E-08
408 1.838036E+02 5.178571E-01 2.504752E+00 1.469049E-05 1.592101E-05 1.720359E-05 1.733183E-05 2.815311E-07 2.340332E-07 1.586954E-07 8.183153E-08 3.866181E-08
409 1.843214E+02 5.178571E-01 2.504752E+00 1.430299E-05 1.550105E-05 1.674980E-05 1.687465E-05 2.741049E-07 2.278599E-07 1.545093E-07 7.967298E-08 3.764199E-08
410 1.848393E+02 5.178571E-01 2.504752E+00 1.392576E-05 1.509222E-05 1.630803E-05 1.642959E-05 2.668756E-07 2.218502E-07 1.504343E-07 7.757166E-08 3.664921E-08
411 1.853571E+02 5.178571E-01 2.504752E+00 1.355853E-05 1.469423E-05 1.587798E-05 1.599633E-05 2.598379E-07 2.159999E-07 1.464672E-07 7.552605E-08 3.568275E-08
412 1.858750E+02 5.178571E-01 2.504752E+00 1.320103E-05 1.430679E-05 1.545933E-05 1.557456E-05 2.529868E-07 2.103047E-07 1.426053E-07 7.353466E-08 3.474190E-08
413 1.863929E+02 5.178571E-01 2.504752E+00 1.285300E-05 1.392961E-05 1.505177E-05 1.516396E-05 2.463171E-07 2.047603E-07 1.388458E-07 7.159602E-08 3.382599E-08
414 1.869107E+02 5.178571E-01 2.504752E+00 1.251420E-05 1.356243E-05 1.465500E-05 1.476424E-05 2.398242E-07 1.993628E-07 1.351858E-07 6.970875E-08 3.293433E-08
415 1.874286E+02 5.178571E-01 2.504752E+00 1.218436E-05 1.320497E-05 1.426874E-05 1.437510E-05 2.335032E-07 1.941082E-07 1.316227E-07 6.787145E-08 3.206629E-08
416 1.879464E+02 5.178571E-01 2.504752E+00 1.186326E-05 1.285697E-05 1.389271E-05 1.399627E-05 2.273496E-07 1.889928E-07 1.281540E-07 6.608280E-08 3.122123E-08
417 1.884643E+02 5.178571E-01 2.504752E+00 1.155066E-05 1.251818E-05 1.352663E-05 1.362746E-05 2.213588E-07 1.840128E-07 1.247771E-07 6.434149E-08 3.039854E-08
418 1.889821E+02 5.178571E-01 2.504752E+00 1.124634E-05 1.218836E-05 1.317024E-05 1.326841E-05 2.155266E-07 1.791645E-07 1.214895E-07 6.264627E-08 2.959762E-08
419 1.895000E+02 5.178571E-01 2.504752E+00 1.095006E-05 1.186727E-05 1.282328E-05 1.291887E-05 2.098487E-07 1.744446E-07 1.182890E-07 6.099590E-08 2.881789E-08
420 1.900179E+02 5.178571E-01 2.504752E+00 1.066162E-05 1.155467E-05 1.248550E-05 1.257857E-05 2.043210E-07 1.698495E-07 1.151731E-07 5.938918E-08 2.805879E-08
421 1.905357E+02 5.178571E-01 2.504752E+00 1.038081E-05 1.125034E-05 1.215665E-05 1.224727E-05 1.989395E-07 1.653759E-07 1.121396E-07 5.782496E-08 2.731976E-08
422 1.910536E+02 5.178571E-01 2.504752E+00 1.010742E-05 1.095405E-05 1.183650E-05 1.192473E-05 1.937003E-07 1.610206E-07 1.091863E-07 5.630210E-08 2.660028E-08
423 1.915714E+02 5.178571E-01 2.504752E+00 9.841265E-06 1.066560E-05 1.152481E-05 1.161071E-05 1.885996E-07 1.567804E-07 1.063111E-07 5.481949E-08 2.589981E-08
424 1.920893E+02 5.178571E-01 2.504752E+00 9.582141E-06 1.038477E-05 1.122136E-05 1.130500E-05 1.836337E-07 1.526523E-07 1.035119E-07 5.337608E-08 2.521786E-08
425 1.926071E+02 5.178571E-01 2.504752E+00 9.329865E-06 1.011136E-05 1.092592E-05 1.100736E-05 1.787990E-07 1.486333E-07 1.007867E-07 5.197080E-08 2.455393E-08
426 1.931250E+02 5.178571E-01 2.504752E+00 9.084254E-06 9.845180E-06 1.063830E-05 1.071759E-05 1.740921E-07 1.447205E-07 9.813344E-08 5.060266E-08 2.390754E-08
427 1.936429E+02 5.178571E-01 2.504752E+00 8.845131E-06 9.586028E-06 1.035827E-05 1.043548E-05 1.695095E-07 1.409111E-07 9.555029E-08 4.927065E-08 2.327823E-08
428 1.941607E+02 5.178571E-01 2.504752E+00 8.612324E-06 9.333719E-06 1.008563E-05 1.016081E-05 1.650479E-07 1.372022E-07 9.303537E-08 4.797383E-08 2.266553E-08
429 1.946786E+02 5.178571E-01 2.504752E+00 8.385664E-06 9.088074E-06 9.820199E-06 9.893397E-06 1.607042E-07 1.335913E-07 9.058685E-08 4.671125E-08 2.206902E-08
430 1.951964E+02 5.178571E-01 2.504752E+00 8.164988E-06 8.848914E-06 9.561772E-06 9.633045E-06 1.564751E-07 1.300758E-07 8.820298E-08 4.548200E-08 2.148825E-08
431 1.957143E+02 5.178571E-01 2.504752E+00 7.950138E-06 8.616067E-06 9.310168E-06 9.379565E-06 1.523577E-07 1.266530E-07 8.588204E-08 4.428521E-08 2.092282E-08
432 1.962321E+02 5.178571E-01 2.504752E+00 7.740958E-06 8.389366E-06 9.065204E-06 9.132775E-06 1.483489E-07 1.233206E-07 8.362236E-08 4.312000E-08 2.037231E-08
433 1.967500E+02 5.178571E-01 2.504752E+00 7.537299E-06 8.168647E-06 8.826704E-06 8.892497E-06 1.444460E-07 1.200761E-07 8.142231E-08 4.198554E-08 1.983633E-08
434 1.972679E+02 5.178571E-01 2.504752E+00 7.339013E-06 7.953752E-06 8.594497E-06 8.658560E-06 1.406460E-07 1.169172E-07 7.928030E-08 4.088101E-08 1.931449E-08
435 1.977857E+02 5.178571E-01 2.504752E+00 7.145958E-06 7.744526E-06 8.368416E-06 8.430794E-06 1.369462E-07 1.138417E-07 7.719481E-08 3.980562E-08 1.880641E-08
436 1.983036E+02 5.178571E-01 2.504752E+00 6.957995E-06 7.540819E-06 8.148299E-06 8.209035E-06 1.333441E-07 1.108472E-07 7.516432E-08 3.875860E-08 1.831174E-08
437 1.988214E+02 5.178571E-01 2.504752E+00 6.774989E-06 7.342484E-06 7.933986E-06 7.993125E-06 1.298369E-07 1.079318E-07 7.318739E-08 3.773919E-08 1.783011E-08
438 1.993393E+02 5.178571E-01 2.504752E+00 6.596810E-06 7.149380E-06 7.725326E-06 7.782909E-06 1.264223E-07 1.050932E-07 7.126258E-08 3.674666E-08 1.736119E-08
439 1.998571E+02 5.178571E-01 2.504752E+00 6.423328E-06 6.961366E-06 7.522166E-06 7.578235E-06 1.230976E-07 1.023295E-07 6.938853E-08 3.578030E-08 1.690462E-08
440 2.003750E+02 5.178571E-01 2.504752E+00 6.254419E-06 6.778310E-06 7.324363E-06 7.378958E-06 1.198606E-07 9.963862E-08 6.756388E-08 3.483942E-08 1.646010E-08
441 2.008929E+02 5.178571E-01 2.504752E+00 6.089963E-06 6.600078E-06 7.131773E-06 7.184932E-06 1.167090E-07 9.701868E-08 6.578733E-08 3.392334E-08 1.602729E-08
442 2.014107E+02 5.178571E-01 2.504752E+00 5.929842E-06 6.426544E-06 6.944259E-06 6.996021E-06 1.136404E-07 9.446779E-08 6.405760E-08 3.303140E-08 1.560589E-08
443 2.019286E+02 5.178571E-01 2.504752E+00 5.773940E-06 6.257583E-06 6.761687E-06 6.812088E-06 1.106526E-07 9.198413E-08 6.237345E-08 3.216297E-08 1.519559E-08
444 2.024464E+02 5.178571E-01 2.504752E+00 5.622146E-06 6.093074E-06 6.583926E-06 6.633001E-06 1.077436E-07 8.956591E-08 6.073368E-08 3.131742E-08 1.479611E-08
445 2.029643E+02 5.178571E-01 2.504752E+00 5.474351E-06 5.932900E-06 6.410847E-06 6.458633E-06 1.049113E-07 8.721140E-08 5.913711E-08 3.049414E-08 1.440715E-08
446 2.034821E+02 5.178571E-01 2.504752E+00 5.330449E-06 5.776945E-06 6.242329E-06 6.288858E-06 1.021535E-07 8.491892E-08 5.758261E-08 2.969256E-08 1.402843E-08
447 2.040000E+02 5.178571E-01 2.504752E+00 5.190338E-06 5.625097E-06 6.078249E-06 6.123556E-06 9.946841E-08 8.268682E-08 5.606904E-08 2.891209E-08 1.365969E-08
448 2.045179E+02 5.178571E-01 2.504752E+00 5.053917E-06 5.477250E-06 5.918491E-06 5.962606E-06 9.685402E-08 8.051351E-08 5.459535E-08 2.815217E-08 1.330067E-08
449 2.050357E+02 5.178571E-01 2.504752E+00 4.921089E-06 5.333295E-06 5.762940E-06 5.805896E-06 9.430848E-08 7.839743E-08 5.316046E-08 2.741227E-08 1.295110E-08
450 2.055536E+02 5.178571E-01 2.504752E+00 4.791759E-06 5.193132E-06 5.611485E-06 5.653312E-06 9.182997E-08 7.633708E-08 5.176335E-08 2.669185E-08 1.261073E-08
451 2.060714E+02 5.178571E-01 2.504752E+00 4.665833E-06 5.056659E-06 5.464017E-06 5.504745E-06 8.941671E-08 7.433097E-08 5.040303E-08 2.599040E-08 1.227933E-08
452 2.065893E+02 5.178571E-01 2.504752E+00 4.543223E-06 4.923778E-06 5.320432E-06 5.360090E-06 8.706700E-08 7.237768E-08 4.907853E-08 2.530742E-08 1.195665E-08
453 2.071071E+02 5.178571E-01 2.504752E+00 4.423841E-06 4.794396E-06 5.180627E-06 5.219243E-06 8.477913E-08 7.047581E-08 4.778889E-08 2.464241E-08 1.164246E-08
454 2.076250E+02 5.178571E-01 2.504752E+00 4.307601E-06 4.668419E-06 5.044502E-06 5.082103E-06 8.255149E-08 6.862400E-08 4.653320E-08 2.399491E-08 1.133655E-08
455 2.081429E+02 5.178571E-01 2.504752E+00 4.194420E-06 4.545758E-06 4.911960E-06 4.948573E-06 8.038248E-08 6.682093E-08 4.531055E-08 2.336446E-08 1.103868E-08
456 2.086607E+02 5.178571E-01 2.504752E+00 4.084218E-06 4.426326E-06 4.782905E-06 4.818557E-06 7.827055E-08 6.506531E-08 4.412009E-08 2.275059E-08 1.074866E-08
457 2.091786E+02 5.178571E-01 2.504752E+00 3.976916E-06 4.310036E-06 4.657247E-06 4.691962E-06 7.621420E-08 6.335589E-08 4.296095E-08 2.215288E-08 1.046626E-08
458 2.096964E+02 5.178571E-01 2.504752E+00 3.872438E-06 4.196806E-06 4.534896E-06 4.568698E-06 7.421195E-08 6.169145E-08 4.183231E-08 2.157089E-08 1.019130E-08
459 2.102143E+02 5.178571E-01 2.504752E+00 3.770708E-06 4.086555E-06 4.415763E-06 4.448678E-06 7.226239E-08 6.007080E-08 4.073336E-08 2.100422E-08 9.923575E-09
460 2.107321E+02 5.178571E-01 2.504752E+00 3.671655E-06 3.979204E-06 4.299765E-06 4.331815E-06 7.036412E-08 5.849279E-08 3.966333E-08 2.045246E-08 9.662891E-09
461 2.112500E+02 5.178571E-01 2.504752E+00 3.575207E-06 3.874678E-06 4.186818E-06 4.218026E-06 6.851578E-08 5.695629E-08 3.862145E-08 1.991521E-08 9.409064E-09
462 2.117679E+02 5.178571E-01 2.504752E+00 3.481297E-06 3.772901E-06 4.076842E-06 4.107230E-06 6.671607E-08 5.546021E-08 3.760697E-08 1.939209E-08 9.161915E-09
463 2.122857E+02 5.178571E-01 2.504752E+00 3.389857E-06 3.673802E-06 3.969759E-06 3.999349E-06 6.496369E-08 5.400348E-08 3.661918E-08 1.888274E-08 8.921266E-09
464 2.128036E+02 5.178571E-01 2.504752E+00 3.300821E-06 3.577308E-06 3.865492E-06 3.894305E-06 6.325740E-08 5.258507E-08 3.565737E-08 1.838678E-08 8.686947E-09
465 2.133214E+02 5.178571E-01 2.504752E+00 3.214127E-06 3.483353E-06 3.763968E-06 3.792024E-06 6.159598E-08 5.120395E-08 3.472085E-08 1.790386E-08 8.458789E-09
466 2.138393E+02 5.178571E-01 2.504752E+00 3.129713E-06 3.391868E-06 3.665113E-06 3.692432E-06 5.997826E-08 4.985916E-08 3.380896E-08 1.743364E-08 8.236632E-09
467 2.143571E+02 5.178571E-01 2.504752E+00 3.047519E-06 3.302789E-06 3.568858E-06 3.595459E-06 5.840307E-08 4.854973E-08 3.292105E-08 1.697579E-08 8.020317E-09
468 2.148750E+02 5.178571E-01 2.504752E+00 2.967486E-06 3.216052E-06 3.475133E-06 3.501036E-06 5.686931E-08 4.727473E-08 3.205648E-08 1.652998E-08 7.809689E-09
469 2.153929E+02 5.178571E-01 2.504752E+00 2.889557E-06 3.131595E-06 3.383873E-06 3.409096E-06 5.537586E-08 4.603325E-08 3.121465E-08 1.609588E-08 7.604599E-09
470 2.159107E+02 5.178571E-01 2.504752E+00 2.813677E-06 3.049359E-06 3.295012E-06 3.319573E-06 5.392169E-08 4.482441E-08 3.039495E-08 1.567320E-08 7.404902E-09
471 2.164286E+02 5.178571E-01 2.504752E+00 2.739791E-06 2.969285E-06 3.208487E-06 3.232403E-06 5.250574E-08 4.364735E-08 2.959680E-08 1.526163E-08 7.210453E-09
472 2.169464E+02 5.178571E-01 2.504752E+00 2.667848E-06 2.891316E-06 3.124237E-06 3.147525E-06 5.112701E-08 4.250123E-08 2.881963E-08 1.486088E-08 7.021117E-09
473 2.174643E+02 5.178571E-01 2.504752E+00 2.597796E-06 2.815396E-06 3.042201E-06 3.064877E-06 4.978452E-08 4.138524E-08 2.806289E-08 1.447067E-08 6.836757E-09
474 2.179821E+02 5.178571E-01 2.504752E+00 2.529586E-06 2.741472E-06 2.962322E-06 2.984402E-06 4.847732E-08 4.029858E-08 2.732603E-08 1.409071E-08 6.657244E-09
475 2.185000E+02 5.178571E-01 2.504752E+00 2.463168E-06 2.669491E-06 2.884542E-06 2.906043E-06 4.720448E-08 3.924048E-08 2.660855E-08 1.372074E-08 6.482448E-09
476 2.190179E+02 5.178571E-01 2.504752E+00 2.398495E-06 2.599401E-06 2.808806E-06 2.829742E-06 4.596509E-08 3.821019E-08 2.590992E-08 1.336049E-08 6.312247E-09
477 2.195357E+02 5.178571E-01 2.504752E+00 2.335523E-06 2.531154E-06 2.735060E-06 2.755447E-06 4.475827E-08 3.720698E-08 2.522965E-08 1.300971E-08 6.146518E-09
478 2.200536E+02 5.178571E-01 2.504752E+00 2.274205E-06 2.464700E-06 2.663253E-06 2.683105E-06 4.358317E-08 3.623013E-08 2.456726E-08 1.266815E-08 5.985144E-09
479 2.205714E+02 5.178571E-01 2.504752E+00 2.214498E-06 2.399992E-06 2.593333E-06 2.612663E-06 4.243894E-08 3.527895E-08 2.392228E-08 1.233556E-08 5.828012E-09
480 2.210893E+02 5.178571E-01 2.504752E+00 2.156361E-06 2.336984E-06 2.525249E-06 2.544072E-06 4.132479E-08 3.435277E-08 2.329424E-08 1.201171E-08 5.675008E-09
481 2.216071E+02 5.178571E-01 2.504752E+00 2.099751E-06 2.275633E-06 2.458955E-06 2.477284E-06 4.023990E-08 3.345092E-08 2.268271E-08 1.169637E-08 5.526024E-09
482 2.221250E+02 5.178571E-01 2.504752E+00 2.044628E-06 2.215893E-06 2.394402E-06 2.412250E-06 3.918352E-08 3.257276E-08 2.208724E-08 1.138932E-08 5.380954E-09
483 2.226429E+02 5.178571E-01 2.504752E+00 1.990954E-06 2.157722E-06 2.331546E-06 2.348925E-06 3.815490E-08 3.171768E-08 2.150742E-08 1.109033E-08 5.239697E-09
484 2.231607E+02 5.178571E-01 2.504752E+00 1.938689E-06 2.101080E-06 2.270341E-06 2.287264E-06 3.715330E-08 3.088506E-08 2.094283E-08 1.079920E-08 5.102150E-09
485 2.236786E+02 5.178571E-01 2.504752E+00 1.887798E-06 2.045926E-06 2.210744E-06 2.227222E-06 3.617801E-08 3.007432E-08 2.039307E-08 1.051572E-08 4.968216E-09
486 2.241964E+02 5.178571E-01 2.504752E+00 1.838244E-06 1.992221E-06 2.152712E-06 2.168758E-06 3.522834E-08 2.928487E-08 1.985776E-08 1.023968E-08 4.837802E-09
487 2.247143E+02 5.178571E-01 2.504752E+00 1.789991E-06 1.939926E-06 2.096205E-06 2.111830E-06 3.430362E-08 2.851616E-08 1.933650E-08 9.970898E-09 4.710813E-09
488 2.252321E+02 5.178571E-01 2.504752E+00 1.743006E-06 1.889006E-06 2.041182E-06 2.056397E-06 3.340319E-08 2.776765E-08 1.882894E-08 9.709174E-09 4.587159E-09
489 2.257500E+02 5.178571E-01 2.504752E+00 1.697255E-06 1.839422E-06 1.987604E-06 2.002420E-06 3.252642E-08 2.703879E-08 1.833472E-08 9.454324E-09 4.466754E-09
490 2.262679E+02 5.178571E-01 2.504752E+00 1.652706E-06 1.791141E-06 1.935434E-06 1.949860E-06 3.167267E-08 2.632908E-08 1.785347E-08 9.206168E-09 4.349511E-09
491 2.267857E+02 5.178571E-01 2.504752E+00 1.609326E-06 1.744129E-06 1.884634E-06 1.898682E-06 3.084134E-08 2.563801E-08 1.738486E-08 8.964530E-09 4.235348E-09
492 2.273036E+02 5.178571E-01 2.504752E+00 1.567086E-06 1.698351E-06 1.835168E-06 1.848847E-06 3.003185E-08 2.496509E-08 1.692856E-08 8.729238E-09 4.124183E-09
493 2.278214E+02 5.178571E-01 2.504752E+00 1.525956E-06 1.653775E-06 1.787001E-06 1.800321E-06 2.924362E-08 2.430984E-08 1.648424E-08 8.500126E-09 4.015937E-09
494 2.283393E+02 5.178571E-01 2.504752E+00 1.485906E-06 1.610370E-06 1.740099E-06 1.753070E-06 2.847609E-08 2.367181E-08 1.605160E-08 8.277031E-09 3.910534E-09
495 2.288571E+02 5.178571E-01 2.504752E+00 1.446907E-06 1.568104E-06 1.694429E-06 1.707059E-06 2.772871E-08 2.305052E-08 1.563031E-08 8.059794E-09 3.807900E-09
496 2.293750E+02 5.178571E-01 2.504752E+00 1.408932E-06 1.526949E-06 1.649958E-06 1.662257E-06 2.700096E-08 2.244556E-08 1.522009E-08 7.848263E-09 3.707960E-09
497 2.298929E+02 5.178571E-01 2.504752E+00 1.371955E-06 1.486875E-06 1.606655E-06 1.618631E-06 2.629233E-08 2.185647E-08 1.482064E-08 7.642286E-09 3.610645E-09
498 2.304107E+02 5.178571E-01 2.504752E+00 1.335949E-06 1.447852E-06 1.564490E-06 1.576151E-06 2.560230E-08 2.128286E-08 1.443168E-08 7.441718E-09 3.515886E-09
499 2.309286E+02 5.178571E-01 2.504752E+00 1.300888E-06 1.409855E-06 1.523431E-06 1.534786E-06 2.493039E-08 2.072431E-08 1.405293E-08 7.246416E-09 3.423614E-09
500 2.314464E+02 5.178571E-01 2.504752E+00 1.266748E-06 1.372855E-06 1.483450E-06 1.494508E-06 2.427612E-08 2.018043E-08 1.368413E-08 7.056243E-09 3.333766E-09
501 2.319643E+02 5.178571E-01 2.504752E+00 1.233504E-06 1.336826E-06 1.444520E-06 1.455287E-06 2.363903E-08 1.965082E-08 1.332501E-08 6.871063E-09 3.246276E-09
502 2.324821E+02 5.178571E-01 2.504752E+00 1.201133E-06 1.301744E-06 1.406611E-06 1.417096E-06 2.301867E-08 1.913512E-08 1.297532E-08 6.690745E-09 3.161084E-09
503 2.330000E+02 5.178571E-01 2.504752E+00 1.169612E-06 1.267583E-06 1.369698E-06 1.379907E-06 2.241459E-08 1.863297E-08 1.263481E-08 6.515161E-09 3.078128E-09
504 2.335179E+02 5.178571E-01 2.504752E+00 1.138919E-06 1.234318E-06 1.333753E-06 1.343695E-06 2.182638E-08 1.814399E-08 1.230325E-08 6.344188E-09 2.997351E-09
505 2.340357E+02 5.178571E-01 2.504752E+00 1.109031E-06 1.201927E-06 1.298753E-06 1.308434E-06 2.125361E-08 1.766786E-08 1.198038E-08 6.177703E-09 2.918694E-09
506 2.345536E+02 5.178571E-01 2.504752E+00 1.079928E-06 1.170386E-06 1.264671E-06 1.274098E-06 2.069588E-08 1.720422E-08 1.166600E-08 6.015589E-09 2.842102E-09
507 2.350714E+02 5.178571E-01 2.504752E+00 1.051589E-06 1.139674E-06 1.231485E-06 1.240664E-06 2.015279E-08 1.675275E-08 1.135986E-08 5.857731E-09 2.767521E-09
508 2.355893E+02 5.178571E-01 2.504752E+00 1.023994E-06 1.109767E-06 1.199169E-06 1.208107E-06 1.962395E-08 1.631314E-08 1.106177E-08 5.704017E-09 2.694898E-09
509 2.361071E+02 5.178571E-01 2.504752E+00 9.971237E-07 1.080646E-06 1.167702E-06 1.176406E-06 1.910900E-08 1.588507E-08 1.077150E-08 5.554338E-09 2.624181E-09
510 2.366250E+02 5.178571E-01 2.504752E+00 9.709586E-07 1.052289E-06 1.137060E-06 1.145536E-06 1.860757E-08 1.546824E-08 1.048884E-08 5.408589E-09 2.555321E-09
511 2.371429E+02 5.178571E-01 2.504752E+00 9.454803E-07 1.024677E-06 1.107224E-06 1.115477E-06 1.811930E-08 1.506234E-08 1.021361E-08 5.266665E-09 2.488269E-09
512 2.376607E+02 5.178571E-01 2.504752E+00 9.206708E-07 9.977891E-07 1.078170E-06 1.086206E-06 1.764385E-08 1.466711E-08 9.945607E-09 5.128467E-09 2.422976E-09
513 2.381786E+02 5.178571E-01 2.504752E+00 8.965125E-07 9.716073E-07 1.049879E-06 1.057705E-06 1.718088E-08 1.428224E-08 9.684636E-09 4.993897E-09 2.359398E-09
514 2.386964E+02 5.178571E-01 2.504752E+00 8.729884E-07 9.461127E-07 1.022330E-06 1.029951E-06 1.673006E-08 1.390748E-08 9.430515E-09 4.862859E-09 2.297488E-09
515 2.392143E+02 5.178571E-01 2.504752E+00 8.500818E-07 9.212873E-07 9.955052E-07 1.002926E-06 1.629107E-08 1.354256E-08 9.183064E-09 4.735261E-09 2.237203E-09
516 2.397321E+02 5.178571E-01 2.504752E+00 8.277764E-07 8.971136E-07 9.693840E-07 9.766097E-07 1.586361E-08 1.318721E-08 8.942109E-09 4.611012E-09 2.178501E-09
517 2.402500E+02 5.178571E-01 2.504752E+00 8.060565E-07 8.735743E-07 9.439485E-07 9.509846E-07 1.544736E-08 1.284120E-08 8.707478E-09 4.490024E-09 2.121340E-09
518 2.407679E+02 5.178571E-01 2.504752E+00 7.849066E-07 8.506529E-07 9.191805E-07 9.260320E-07 1.504205E-08 1.250426E-08 8.479005E-09 4.372212E-09 2.065679E-09
519 2.412857E+02 5.178571E-01 2.504752E+00 7.643119E-07 8.283331E-07 8.950627E-07 9.017344E-07 1.464737E-08 1.217617E-08 8.256529E-09 4.257492E-09 2.011478E-09
520 2.418036E+02 5.178571E-01 2.504752E+00 7.442577E-07 8.065991E-07 8.715778E-07 8.780745E-07 1.426305E-08 1.185669E-08 8.039893E-09 4.145783E-09 1.958701E-09
521 2.423214E+02 5.178571E-01 2.504752E+00 7.247299E-07 7.854356E-07 8.487094E-07 8.550356E-07 1.388881E-08 1.154559E-08 7.828942E-09 4.037006E-09 1.907308E-09
522 2.428393E+02 5.178571E-01 2.504752E+00 7.057146E-07 7.648275E-07 8.264411E-07 8.326013E-07 1.352440E-08 1.124266E-08 7.623527E-09 3.931084E-09 1.857265E-09
523 2.433571E+02 5.178571E-01 2.504752E+00 6.871983E-07 7.447602E-07 8.047573E-07 8.107558E-07 1.316955E-08 1.094768E-08 7.423504E-09 3.827941E-09 1.808535E-09
524 2.438750E+02 5.178571E-01 2.504752E+00 6.691680E-07 7.252196E-07 7.836425E-07 7.894837E-07 1.282402E-08 1.066044E-08 7.228730E-09 3.727506E-09 1.761083E-09
525 2.443929E+02 5.178571E-01 2.504752E+00 6.516109E-07 7.061919E-07 7.630819E-07 7.687698E-07 1.248755E-08 1.038074E-08 7.039069E-09 3.629706E-09 1.714877E-09
526 2.449107E+02 5.178571E-01 2.504752E+00 6.345145E-07 6.876635E-07 7.430609E-07 7.485996E-07 1.215991E-08 1.010838E-08 6.854384E-09 3.534474E-09 1.669884E-09
527 2.454286E+02 5.178571E-01 2.504752E+00 6.178668E-07 6.696213E-07 7.235653E-07 7.289587E-07 1.184087E-08 9.843168E-09 6.674546E-09 3.441740E-09 1.626071E-09
528 2.459464E+02 5.178571E-01 2.504752E+00 6.016561E-07 6.520527E-07 7.045813E-07 7.098332E-07 1.153021E-08 9.584915E-09 6.499428E-09 3.351440E-09 1.583409E-09
529 2.464643E+02 5.178571E-01 2.504752E+00 5.858707E-07 6.349451E-07 6.860955E-07 6.912096E-07 1.122770E-08 9.333440E-09 6.328906E-09 3.263510E-09 1.541865E-09
530 2.469821E+02 5.178571E-01 2.504752E+00 5.704996E-07 6.182864E-07 6.680949E-07 6.730748E-07 1.093312E-08 9.088565E-09 6.162858E-09 3.177887E-09 1.501412E-09
531 2.475000E+02 5.178571E-01 2.504752E+00 5.555318E-07 6.020649E-07 6.505666E-07 6.554159E-07 1.064628E-08 8.850115E-09 6.001168E-09 3.094511E-09 1.462021E-09
532 2.480179E+02 5.178571E-01 2.504752E+00 5.409569E-07 5.862691E-07 6.334983E-07 6.382203E-07 1.036696E-08 8.617923E-09 5.843721E-09 3.013324E-09 1.423663E-09
533 2.485357E+02 5.178571E-01 2.504752E+00 5.267644E-07 5.708878E-07 6.168779E-07 6.214760E-07 1.009498E-08 8.391824E-09 5.690406E-09 2.934266E-09 1.386312E-09
534 2.490536E+02 5.178571E-01 2.504752E+00 5.129443E-07 5.559102E-07 6.006937E-07 6.051711E-07 9.830126E-09 8.171658E-09 5.541113E-09 2.857284E-09 1.349941E-09
535 2.495714E+02 5.178571E-01 2.504752E+00 4.994869E-07 5.413255E-07 5.849341E-07 5.892941E-07 9.572226E-09 7.957269E-09 5.395739E-09 2.782321E-09 1.314525E-09
536 2.500893E+02 5.178571E-01 2.504752E+00 4.863826E-07 5.271236E-07 5.695881E-07 5.738337E-07 9.321094E-09 7.748506E-09 5.254179E-09 2.709325E-09 1.280038E-09
537 2.506071E+02 5.178571E-01 2.504752E+00 4.736222E-07 5.132943E-07 5.546447E-07 5.587790E-07 9.076552E-09 7.545222E-09 5.116334E-09 2.638245E-09 1.246455E-09
538 2.511250E+02 5.178571E-01 2.504752E+00 4.611966E-07 4.998279E-07 5.400935E-07 5.441193E-07 8.838427E-09 7.347271E-09 4.982106E-09 2.569030E-09 1.213754E-09
539 2.516429E+02 5.178571E-01 2.504752E+00 4.490971E-07 4.867149E-07 5.259241E-07 5.298443E-07 8.606550E-09 7.154515E-09 4.851400E-09 2.501632E-09 1.181911E-09
540 2.521607E+02 5.178571E-01 2.504752E+00 4.373151E-07 4.739460E-07 5.121265E-07 5.159438E-07 8.380757E-09 6.966816E-09 4.724123E-09 2.436001E-09 1.150904E-09
541 2.526786E+02 5.178571E-01 2.504752E+00 4.258422E-07 4.615121E-07 4.986910E-07 5.024082E-07 8.160890E-09 6.784043E-09 4.600187E-09 2.372093E-09 1.120710E-09
542 2.531964E+02 5.178571E-01 2.504752E+00 4.146703E-07 4.494044E-07 4.856080E-07 4.892276E-07 7.946791E-09 6.606066E-09 4.479502E-09 2.309862E-09 1.091309E-09
543 2.537143E+02 5.178571E-01 2.504752E+00 4.037916E-07 4.376145E-07 4.728682E-07 4.763929E-07 7.738310E-09 6.432758E-09 4.361984E-09 2.249264E-09 1.062679E-09
544 2.542321E+02 5.178571E-01 2.504752E+00 3.931984E-07 4.261339E-07 4.604628E-07 4.638950E-07 7.535299E-09 6.263998E-09 4.247550E-09 2.190256E-09 1.034800E-09
545 2.547500E+02 5.178571E-01 2.504752E+00 3.828830E-07 4.149546E-07 4.483828E-07 4.517250E-07 7.337615E-09 6.099666E-09 4.136118E-09 2.132796E-09 1.007652E-09
546 2.552679E+02 5.178571E-01 2.504752E+00 3.728384E-07 4.040685E-07 4.366198E-07 4.398743E-07 7.145118E-09 5.939646E-09 4.027610E-09 2.076843E-09 9.812174E-10
547 2.557857E+02 5.178571E-01 2.504752E+00 3.630573E-07 3.934681E-07 4.251655E-07 4.283346E-07 6.957672E-09 5.783824E-09 3.921949E-09 2.022359E-09 9.554760E-10
548 2.563036E+02 5.178571E-01 2.504752E+00 3.535328E-07 3.831459E-07 4.140117E-07 4.170977E-07 6.775144E-09 5.632091E-09 3.819060E-09 1.969304E-09 9.304100E-10
549 2.568214E+02 5.178571E-01 2.504752E+00 3.442583E-07 3.730944E-07 4.031505E-07 4.061555E-07 6.597405E-09 5.484339E-09 3.718871E-09 1.917642E-09 9.060016E-10
550 2.573393E+02 5.178571E-01 2.504752E+00 3.352270E-07 3.633067E-07 3.925743E-07 3.955005E-07 6.424330E-09 5.340463E-09 3.621311E-09 1.867334E-09 8.822337E-10
551 2.578571E+02 5.178571E-01 2.504752E+00 3.264328E-07 3.537758E-07 3.822756E-07 3.851250E-07 6.255795E-09 5.200363E-09 3.526310E-09 1.818347E-09 8.590894E-10
552 2.583750E+02 5.178571E-01 2.504752E+00 3.178692E-07 3.444950E-07 3.722471E-07 3.750218E-07 6.091683E-09 5.063938E-09 3.433802E-09 1.770645E-09 8.365523E-10
553 2.588929E+02 5.178571E-01 2.504752E+00 3.095304E-07 3.354576E-07 3.624817E-07 3.651836E-07 5.931876E-09 4.931093E-09 3.343721E-09 1.724195E-09 8.146065E-10
554 2.594107E+02 5.178571E-01 2.504752E+00 3.014103E-07 3.266574E-07 3.529726E-07 3.556036E-07 5.776262E-09 4.801733E-09 3.256003E-09 1.678963E-09 7.932365E-10
555 2.599286E+02 5.178571E-01 2.504752E+00 2.935033E-07 3.180881E-07 3.437129E-07 3.462749E-07 5.624731E-09 4.675767E-09 3.170587E-09 1.634918E-09 7.724272E-10
556 2.604464E+02 5.178571E-01 2.504752E+00 2.858037E-07 3.097435E-07 3.346961E-07 3.371909E-07 5.477175E-09 4.553106E-09 3.087412E-09 1.592029E-09 7.521639E-10
557 2.609643E+02 5.178571E-01 2.504752E+00 2.783062E-07 3.016180E-07 3.259160E-07 3.283453E-07 5.333491E-09 4.433663E-09 3.006419E-09 1.550265E-09 7.324321E-10
558 2.614821E+02 5.178571E-01 2.504752E+00 2.710053E-07 2.937056E-07 3.173662E-07 3.197318E-07 5.193577E-09 4.317354E-09 2.927551E-09 1.509596E-09 7.132181E-10
559 2.620000E+02 5.178571E-01 2.504752E+00 2.638960E-07 2.860008E-07 3.090407E-07 3.113442E-07 5.057333E-09 4.204096E-09 2.850753E-09 1.469995E-09 6.945082E-10
560 2.625179E+02 5.178571E-01 2.504752E+00 2.569732E-07 2.784981E-07 3.009336E-07 3.031767E-07 4.924664E-09 4.093810E-09 2.775969E-09 1.431432E-09 6.762891E-10
561 2.630357E+02 5.178571E-01 2.504752E+00 2.502320E-07 2.711923E-07 2.930392E-07 2.952235E-07 4.795475E-09 3.986417E-09 2.703147E-09 1.393882E-09 6.585481E-10
562 2.635536E+02 5.178571E-01 2.504752E+00 2.436677E-07 2.640781E-07 2.853519E-07 2.874789E-07 4.669676E-09 3.881842E-09 2.632235E-09 1.357316E-09 6.412724E-10
563 2.640714E+02 5.178571E-01 2.504752E+00 2.372756E-07 2.571506E-07 2.778664E-07 2.799375E-07 4.547177E-09 3.780010E-09 2.563184E-09 1.321710E-09 6.244500E-10
564 2.645893E+02 5.178571E-01 2.504752E+00 2.310512E-07 2.504048E-07 2.705772E-07 2.725940E-07 4.427892E-09 3.680850E-09 2.495945E-09 1.287038E-09 6.080690E-10
565 2.651071E+02 5.178571E-01 2.504752E+00 2.249901E-07 2.438360E-07 2.634792E-07 2.654431E-07 4.311737E-09 3.584292E-09 2.430470E-09 1.253275E-09 5.921177E-10
566 2.656250E+02 5.178571E-01 2.504752E+00 2.190881E-07 2.374396E-07 2.565674E-07 2.584799E-07 4.198628E-09 3.490266E-09 2.366712E-09 1.220399E-09 5.765849E-10
567 2.661429E+02 5.178571E-01 2.504752E+00 2.133408E-07 2.312109E-07 2.498370E-07 2.516993E-07 4.088488E-09 3.398707E-09 2.304627E-09 1.188384E-09 5.614596E-10
568 2.666607E+02 5.178571E-01 2.504752E+00 2.077444E-07 2.251457E-07 2.432832E-07 2.450966E-07 3.981236E-09 3.309551E-09 2.244171E-09 1.157210E-09 5.467311E-10
569 2.671786E+02 5.178571E-01 2.504752E+00 2.022947E-07 2.192396E-07 2.369013E-07 2.386671E-07 3.876799E-09 3.222733E-09 2.185301E-09 1.126854E-09 5.323890E-10
570 2.676964E+02 5.178571E-01 2.504752E+00 1.969880E-07 2.134884E-07 2.306868E-07 2.324063E-07 3.775101E-09 3.138193E-09 2.127975E-09 1.097294E-09 5.184232E-10
571 2.682143E+02 5.178571E-01 2.504752E+00 1.918206E-07 2.078881E-07 2.246353E-07 2.263097E-07 3.676071E-09 3.055871E-09 2.072153E-09 1.068509E-09 5.048237E-10
572 2.687321E+02 5.178571E-01 2.504752E+00 1.867887E-07 2.024347E-07 2.187426E-07 2.203731E-07 3.579639E-09 2.975709E-09 2.017796E-09 1.040480E-09 4.915810E-10
573 2.692500E+02 5.178571E-01 2.504752E+00 1.818888E-07 1.971244E-07 2.130045E-07 2.145922E-07 3.485738E-09 2.897649E-09 1.964865E-09 1.013185E-09 4.786858E-10
574 2.697679E+02 5.178571E-01 2.504752E+00 1.771175E-07 1.919534E-07 2.074169E-07 2.089630E-07 3.394299E-09 2.821637E-09 1.913322E-09 9.866074E-10 4.661288E-10
575 2.702857E+02 5.178571E-01 2.504752E+00 1.724713E-07 1.869180E-07 2.019760E-07 2.034815E-07 3.305259E-09 2.747620E-09 1.863131E-09 9.607266E-10 4.539012E-10
576 2.708036E+02 5.178571E-01 2.504752E+00 1.679470E-07 1.820148E-07 1.966777E-07 1.981437E-07 3.218555E-09 2.675544E-09 1.814258E-09 9.355247E-10 4.419945E-10
577 2.713214E+02 5.178571E-01 2.504752E+00 1.635414E-07 1.772402E-07 1.915184E-07 1.929460E-07 3.134126E-09 2.605359E-09 1.766666E-09 9.109840E-10 4.304000E-10
578 2.718393E+02 5.178571E-01 2.504752E+00 1.592514E-07 1.725908E-07 1.864945E-07 1.878846E-07 3.051912E-09 2.537015E-09 1.720323E-09 8.870871E-10 4.191098E-10
579 2.723571E+02 5.178571E-01 2.504752E+00 1.550739E-07 1.680634E-07 1.816024E-07 1.829561E-07 2.971854E-09 2.470464E-09 1.675195E-09 8.638170E-10 4.081157E-10
580 2.728750E+02 5.178571E-01 2.504752E+00 1.510061E-07 1.636548E-07 1.768386E-07 1.781568E-07 2.893897E-09 2.405659E-09 1.631252E-09 8.411575E-10 3.974101E-10
581 2.733929E+02 5.178571E-01 2.504752E+00 1.470449E-07 1.593618E-07 1.721998E-07 1.734834E-07 2.817984E-09 2.342554E-09 1.588461E-09 8.190924E-10 3.869853E-10
582 2.739107E+02 5.178571E-01 2.504752E+00 1.431876E-07 1.551815E-07 1.676827E-07 1.689326E-07 2.744064E-09 2.281105E-09 1.546793E-09 7.976061E-10 3.768339E-10
583 2.744286E+02 5.178571E-01 2.504752E+00 1.394316E-07 1.511108E-07 1.632841E-07 1.645012E-07 2.672082E-09 2.221268E-09 1.506218E-09 7.766834E-10 3.669489E-10
584 2.749464E+02 5.178571E-01 2.504752E+00 1.357740E-07 1.471469E-07 1.590009E-07 1.601861E-07 2.601989E-09 2.163000E-09 1.466707E-09 7.563097E-10 3.573232E-10
585 2.754643E+02 5.178571E-01 2.504752E+00 1.322124E-07 1.432870E-07 1.548300E-07 1.559841E-07 2.533734E-09 2.106261E-09 1.428233E-09 7.364704E-10 3.479500E-10
586 2.759821E+02 5.178571E-01 2.504752E+00 1.287443E-07 1.395283E-07 1.507686E-07 1.518924E-07 2.467270E-09 2.051010E-09 1.390768E-09 7.171515E-10 3.388227E-10
587 2.765000E+02 5.178571E-01 2.504752E+00 1.253671E-07 1.358683E-07 1.468137E-07 1.479080E-07 2.402549E-09 1.997209E-09 1.354286E-09 6.983395E-10 3.299348E-10
588 2.770179E+02 5.178571E-01 2.504752E+00 1.220785E-07 1.323042E-07 1.429625E-07 1.440281E-07 2.339527E-09 1.944819E-09 1.318761E-09 6.800209E-10 3.212801E-10
589 2.775357E+02 5.178571E-01 2.504752E+00 1.188762E-07 1.288337E-07 1.392124E-07 1.402501E-07 2.278157E-09 1.893803E-09 1.284167E-09 6.621829E-10 3.128524E-10
590 2.780536E+02 5.178571E-01 2.504752E+00 1.157579E-07 1.254542E-07 1.355606E-07 1.365711E-07 2.218398E-09 1.844126E-09 1.250482E-09 6.448128E-10 3.046458E-10
591 2.785714E+02 5.178571E-01 2.504752E+00 1.127214E-07 1.221633E-07 1.320047E-07 1.329886E-07 2.160206E-09 1.795751E-09 1.217680E-09 6.278984E-10 2.966545E-10
592 2.790893E+02 5.178571E-01 2.504752E+00 1.097646E-07 1.189588E-07 1.285420E-07 1.295001E-07 2.103540E-09 1.748646E-09 1.185738E-09 6.114277E-10 2.888728E-10
593 2.796071E+02 5.178571E-01 2.504752E+00 1.068853E-07 1.158383E-07 1.251702E-07 1.261032E-07 2.048362E-09 1.702777E-09 1.154635E-09 5.953891E-10 2.812953E-10
594 2.801250E+02 5.178571E-01 2.504752E+00 1.040815E-07 1.127997E-07 1.218868E-07 1.227953E-07 1.994630E-09 1.658111E-09 1.124347E-09 5.797712E-10 2.739165E-10
