0 -2.748214E+01 5.178571E-01 5.800001E+00 1.383123E-01 1.498978E-01 1.619734E-01 1.631807E-01 1.369605E-01 1.138535E-01 7.720283E-02 3.980976E-02 1.880837E-02
1 -2.696429E+01 5.178571E-01 7.747934E+00 1.383122E-01 1.498977E-01 1.619733E-01 1.631806E-01 1.369604E-01 1.138534E-01 7.720277E-02 3.980973E-02 1.880835E-02
2 -2.644643E+01 5.178571E-01 9.977890E+00 1.383121E-01 1.498976E-01 1.619731E-01 1.631805E-01 1.369602E-01 1.138533E-01 7.720270E-02 3.980969E-02 1.880833E-02
3 -2.592857E+01 5.178571E-01 1.270145E+01 1.383119E-01 1.498973E-01 1.619729E-01 1.631802E-01 1.369600E-01 1.138531E-01 7.720259E-02 3.980963E-02 1.880831E-02
4 -2.541071E+01 5.178571E-01 1.297803E+01 1.383116E-01 1.498971E-01 1.619726E-01 1.631799E-01 1.369598E-01 1.138529E-01 7.720245E-02 3.980956E-02 1.880827E-02
5 -2.489286E+01 5.178571E-01 1.050289E+01 1.383114E-01 1.498968E-01 1.619723E-01 1.631796E-01 1.369595E-01 1.138527E-01 7.720229E-02 3.980948E-02 1.880823E-02
6 -2.437500E+01 5.178571E-01 8.523362E+00 1.383111E-01 1.498964E-01 1.619719E-01 1.631792E-01 1.369592E-01 1.138524E-01 7.720212E-02 3.980939E-02 1.880819E-02
7 -2.385714E+01 5.178571E-01 7.994298E+00 1.383107E-01 1.498960E-01 1.619715E-01 1.631788E-01 1.369588E-01 1.138521E-01 7.720190E-02 3.980928E-02 1.880814E-02
8 -2.333929E+01 5.178571E-01 7.311944E+00 1.383102E-01 1.498955E-01 1.619709E-01 1.631782E-01 1.369584E-01 1.138517E-01 7.720164E-02 3.980914E-02 1.880808E-02
9 -2.282143E+01 5.178571E-01 6.594895E+00 1.383097E-01 1.498949E-01 1.619703E-01 1.631776E-01 1.369578E-01 1.138513E-01 7.720134E-02 3.980899E-02 1.880800E-02
10 -2.230357E+01 5.178571E-01 5.750926E+00 1.383091E-01 1.498943E-01 1.619696E-01 1.631769E-01 1.369572E-01 1.138508E-01 7.720100E-02 3.980882E-02 1.880792E-02
11 -2.178571E+01 5.178571E-01 4.803650E+00 1.383084E-01 1.498936E-01 1.619689E-01 1.631762E-01 1.369566E-01 1.138503E-01 7.720066E-02 3.980864E-02 1.880784E-02
12 -2.126786E+01 5.178571E-01 4.161025E+00 1.383078E-01 1.498929E-01 1.619681E-01 1.631754E-01 1.369560E-01 1.138497E-01 7.720029E-02 3.980845E-02 1.880775E-02
13 -2.075000E+01 5.178571E-01 3.756400E+00 1.383071E-01 1.498921E-01 1.619673E-01 1.631745E-01 1.369553E-01 1.138492E-01 7.719990E-02 3.980824E-02 1.880765E-02
14 -2.023214E+01 5.178571E-01 3.492180E+00 1.383063E-01 1.498913E-01 1.619664E-01 1.631736E-01 1.369545E-01 1.138485E-01 7.719946E-02 3.980802E-02 1.880755E-02
15 -1.971429E+01 5.178571E-01 3.322720E+00 1.383054E-01 1.498903E-01 1.619653E-01 1.631726E-01 1.369537E-01 1.138478E-01 7.719899E-02 3.980777E-02 1.880743E-02
16 -1.919643E+01 5.178571E-01 3.051156E+00 1.383045E-01 1.498894E-01 1.619643E-01 1.631715E-01 1.369528E-01 1.138471E-01 7.719848E-02 3.980751E-02 1.880731E-02
17 -1.867857E+01 5.178571E-01 2.738620E+00 1.383036E-01 1.498884E-01 1.619632E-01 1.631704E-01 1.369518E-01 1.138463E-01 7.719796E-02 3.980724E-02 1.880718E-02
18 -1.816071E+01 5.178571E-01 2.454352E+00 1.383027E-01 1.498873E-01 1.619621E-01 1.631693E-01 1.369509E-01 1.138455E-01 7.719743E-02 3.980697E-02 1.880705E-02
19 -1.764286E+01 5.178571E-01 2.206633E+00 1.383017E-01 1.498863E-01 1.619610E-01 1.631682E-01 1.369499E-01 1.138447E-01 7.719690E-02 3.980670E-02 1.880692E-02
20 -1.712500E+01 5.178571E-01 2.189555E+00 1.383007E-01 1.498852E-01 1.619597E-01 1.631670E-01 1.369489E-01 1.138439E-01 7.719631E-02 3.980640E-02 1.880678E-02
21 -1.660714E+01 5.178571E-01 2.244502E+00 1.382995E-01 1.498839E-01 1.619583E-01 1.631656E-01 1.369477E-01 1.138429E-01 7.719564E-02 3.980605E-02 1.880662E-02
22 -1.608929E+01 5.178571E-01 2.166557E+00 1.382982E-01 1.498825E-01 1.619569E-01 1.631641E-01 1.369465E-01 1.138419E-01 7.719494E-02 3.980569E-02 1.880644E-02
23 -1.557143E+01 5.178571E-01 2.057539E+00 1.382969E-01 1.498811E-01 1.619553E-01 1.631625E-01 1.369452E-01 1.138408E-01 7.719420E-02 3.980531E-02 1.880626E-02
24 -1.505357E+01 5.178571E-01 2.175718E+00 1.382953E-01 1.498794E-01 1.619535E-01 1.631607E-01 1.369436E-01 1.138395E-01 7.719334E-02 3.980487E-02 1.880606E-02
25 -1.453571E+01 5.178571E-01 2.303752E+00 1.382936E-01 1.498775E-01 1.619514E-01 1.631586E-01 1.369419E-01 1.138380E-01 7.719235E-02 3.980435E-02 1.880581E-02
26 -1.401786E+01 5.178571E-01 2.423842E+00 1.382915E-01 1.498753E-01 1.619490E-01 1.631562E-01 1.369399E-01 1.138364E-01 7.719121E-02 3.980377E-02 1.880554E-02
27 -1.350000E+01 5.178571E-01 2.504752E+00 1.382892E-01 1.498727E-01 1.619463E-01 1.631534E-01 1.369376E-01 1.138344E-01 7.718991E-02 3.980310E-02 1.880522E-02
28 -1.298214E+01 5.178571E-01 2.504752E+00 1.382866E-01 1.498700E-01 1.619433E-01 1.631504E-01 1.369350E-01 1.138323E-01 7.718848E-02 3.980236E-02 1.880487E-02
29 -1.246429E+01 5.178571E-01 2.504752E+00 1.382838E-01 1.498669E-01 1.619400E-01 1.631471E-01 1.369322E-01 1.138300E-01 7.718691E-02 3.980155E-02 1.880449E-02
30 -1.194643E+01 5.178571E-01 2.504752E+00 1.382807E-01 1.498635E-01 1.619364E-01 1.631434E-01 1.369291E-01 1.138274E-01 7.718517E-02 3.980065E-02 1.880406E-02
31 -1.142857E+01 5.178571E-01 2.504752E+00 1.382772E-01 1.498598E-01 1.619323E-01 1.631393E-01 1.369257E-01 1.138246E-01 7.718324E-02 3.979966E-02 1.880359E-02
32 -1.091071E+01 5.178571E-01 2.504752E+00 1.382734E-01 1.498556E-01 1.619278E-01 1.631348E-01 1.369219E-01 1.138215E-01 7.718111E-02 3.979856E-02 1.880307E-02
33 -1.039286E+01 5.178571E-01 2.504752E+00 1.382692E-01 1.498511E-01 1.619229E-01 1.631299E-01 1.369178E-01 1.138180E-01 7.717876E-02 3.979734E-02 1.880250E-02
34 -9.875000E+00 5.178571E-01 2.504752E+00 1.382645E-01 1.498460E-01 1.619174E-01 1.631244E-01 1.369131E-01 1.138141E-01 7.717615E-02 3.979600E-02 1.880187E-02
35 -9.357143E+00 5.178571E-01 2.504752E+00 1.382594E-01 1.498404E-01 1.619114E-01 1.631183E-01 1.369080E-01 1.138099E-01 7.717327E-02 3.979451E-02 1.880116E-02
36 -8.839286E+00 5.178571E-01 2.504752E+00 1.382537E-01 1.498342E-01 1.619047E-01 1.631115E-01 1.369024E-01 1.138052E-01 7.717008E-02 3.979287E-02 1.880039E-02
37 -8.321429E+00 5.178571E-01 2.504752E+00 1.382473E-01 1.498274E-01 1.618973E-01 1.631041E-01 1.368961E-01 1.138000E-01 7.716655E-02 3.979105E-02 1.879953E-02
38 -7.803571E+00 5.178571E-01 2.504752E+00 1.008329E-01 1.092790E-01 1.180824E-01 1.189626E-01 1.932372E-03 1.606356E-03 1.089253E-03 5.616748E-04 2.653668E-04
39 -7.285714E+00 5.178571E-01 2.504752E+00 1.008273E-01 1.092730E-01 1.180759E-01 1.189560E-01 1.932265E-03 1.606267E-03 1.089193E-03 5.616438E-04 2.653521E-04
40 -6.767857E+00 5.178571E-01 2.504752E+00 1.008213E-01 1.092664E-01 1.180688E-01 1.189489E-01 1.932150E-03 1.606171E-03 1.089127E-03 5.616102E-04 2.653362E-04
41 -6.250000E+00 5.178571E-01 2.504752E+00 1.008149E-01 1.092594E-01 1.180613E-01 1.189413E-01 1.932026E-03 1.606069E-03 1.089058E-03 5.615744E-04 2.653193E-04
42 -5.732143E+00 5.178571E-01 2.504752E+00 1.008080E-01 1.092520E-01 1.180533E-01 1.189332E-01 1.931895E-03 1.605960E-03 1.088984E-03 5.615363E-04 2.653013E-04
43 -5.214286E+00 5.178571E-01 2.504752E+00 1.008008E-01 1.092442E-01 1.180448E-01 1.189247E-01 1.931757E-03 1.605845E-03 1.088906E-03 5.614962E-04 2.652824E-04
44 -4.696429E+00 5.178571E-01 2.504752E+00 1.007933E-01 1.092360E-01 1.180359E-01 1.189158E-01 1.931612E-03 1.605724E-03 1.088824E-03 5.614539E-04 2.652624E-04
45 -4.178571E+00 5.178571E-01 2.504752E+00 1.007853E-01 1.092274E-01 1.180266E-01 1.189064E-01 1.931459E-03 1.605597E-03 1.088738E-03 5.614096E-04 2.652414E-04
46 -3.660714E+00 5.178571E-01 2.504752E+00 1.007770E-01 1.092184E-01 1.180169E-01 1.188965E-01 1.931300E-03 1.605465E-03 1.088648E-03 5.613632E-04 2.652195E-04
47 -3.142857E+00 5.178571E-01 2.504752E+00 1.007682E-01 1.092089E-01 1.180066E-01 1.188862E-01 1.931132E-03 1.605326E-03 1.088554E-03 5.613145E-04 2.651965E-04
48 -2.625000E+00 5.178571E-01 2.504752E+00 1.007591E-01 1.091990E-01 1.179959E-01 1.188755E-01 1.930957E-03 1.605180E-03 1.088455E-03 5.612637E-04 2.651725E-04
49 -2.107143E+00 5.178571E-01 2.504752E+00 1.007496E-01 1.091887E-01 1.179848E-01 1.188642E-01 1.930775E-03 1.605028E-03 1.088352E-03 5.612106E-04 2.651474E-04
50 -1.589286E+00 5.178571E-01 2.504752E+00 1.007396E-01 1.091779E-01 1.179731E-01 1.188525E-01 1.930584E-03 1.604869E-03 1.088245E-03 5.611551E-04 2.651212E-04
51 -1.071429E+00 5.178571E-01 2.504752E+00 1.007292E-01 1.091666E-01 1.179609E-01 1.188402E-01 1.930384E-03 1.604704E-03 1.088132E-03 5.610971E-04 2.650938E-04
52 -5.535714E-01 5.178571E-01 2.504752E+00 1.007183E-01 1.091548E-01 1.179482E-01 1.188274E-01 1.930176E-03 1.604531E-03 1.088015E-03 5.610367E-04 2.650652E-04
53 -3.571429E-02 5.178571E-01 2.504752E+00 1.007070E-01 1.091425E-01 1.179349E-01 1.188140E-01 1.929959E-03 1.604350E-03 1.087893E-03 5.609735E-04 2.650354E-04
54 4.821429E-01 5.178571E-01 2.504752E+00 1.006952E-01 1.091297E-01 1.179211E-01 1.188001E-01 1.929732E-03 1.604162E-03 1.087765E-03 5.609077E-04 2.650043E-04
55 1.000000E+00 5.178571E-01 2.504752E+00 1.006828E-01 1.091164E-01 1.179067E-01 1.187855E-01 1.929496E-03 1.603965E-03 1.087632E-03 5.608389E-04 2.649718E-04
56 1.517857E+00 5.178571E-01 2.504752E+00 1.006700E-01 1.091024E-01 1.178916E-01 1.187703E-01 1.929249E-03 1.603760E-03 1.087493E-03 5.607673E-04 2.649380E-04
57 2.035714E+00 5.178571E-01 2.504752E+00 1.006566E-01 1.090879E-01 1.178759E-01 1.187545E-01 1.928992E-03 1.603546E-03 1.087348E-03 5.606925E-04 2.649026E-04
58 2.553571E+00 5.178571E-01 2.504752E+00 1.006425E-01 1.090727E-01 1.178595E-01 1.187380E-01 1.928724E-03 1.603323E-03 1.087196E-03 5.606145E-04 2.648658E-04
59 3.071429E+00 5.178571E-01 2.504752E+00 1.006279E-01 1.090569E-01 1.178424E-01 1.187207E-01 1.928444E-03 1.603091E-03 1.087039E-03 5.605331E-04 2.648273E-04
60 3.589286E+00 5.178571E-01 2.504752E+00 1.006127E-01 1.090404E-01 1.178245E-01 1.187028E-01 1.928152E-03 1.602848E-03 1.086874E-03 5.604483E-04 2.647873E-04
61 4.107143E+00 5.178571E-01 2.504752E+00 1.005968E-01 1.090231E-01 1.178059E-01 1.186840E-01 1.927848E-03 1.602595E-03 1.086702E-03 5.603598E-04 2.647455E-04
62 4.625000E+00 5.178571E-01 2.504752E+00 1.005803E-01 1.090052E-01 1.177865E-01 1.186645E-01 1.927530E-03 1.602331E-03 1.086524E-03 5.602675E-04 2.647019E-04
63 5.142857E+00 5.178571E-01 2.504752E+00 1.005630E-01 1.089865E-01 1.177663E-01 1.186441E-01 1.927199E-03 1.602056E-03 1.086337E-03 5.601713E-04 2.646564E-04
64 5.660714E+00 5.178571E-01 2.504752E+00 1.005450E-01 1.089669E-01 1.177452E-01 1.186229E-01 1.926854E-03 1.601769E-03 1.086142E-03 5.600710E-04 2.646090E-04
65 6.178571E+00 5.178571E-01 2.504752E+00 1.005262E-01 1.089466E-01 1.177232E-01 1.186007E-01 1.926494E-03 1.601470E-03 1.085939E-03 5.599663E-04 2.645596E-04
66 6.696429E+00 5.178571E-01 2.504752E+00 1.005066E-01 1.089254E-01 1.177003E-01 1.185776E-01 1.926119E-03 1.601158E-03 1.085728E-03 5.598573E-04 2.645080E-04
67 7.214286E+00 5.178571E-01 2.504752E+00 1.004862E-01 1.089032E-01 1.176764E-01 1.185535E-01 1.925727E-03 1.600833E-03 1.085507E-03 5.597435E-04 2.644543E-04
68 7.732143E+00 5.178571E-01 2.504752E+00 1.004649E-01 1.088802E-01 1.176514E-01 1.185284E-01 1.925319E-03 1.600493E-03 1.085277E-03 5.596249E-04 2.643983E-04
69 8.250000E+00 5.178571E-01 2.504752E+00 1.004427E-01 1.088561E-01 1.176254E-01 1.185022E-01 1.924894E-03 1.600140E-03 1.085038E-03 5.595013E-04 2.643398E-04
70 8.767857E+00 5.178571E-01 2.504752E+00 1.004196E-01 1.088310E-01 1.175983E-01 1.184749E-01 1.924451E-03 1.599771E-03 1.084788E-03 5.593724E-04 2.642789E-04
71 9.285714E+00 5.178571E-01 2.504752E+00 1.003954E-01 1.088049E-01 1.175701E-01 1.184464E-01 1.923988E-03 1.599387E-03 1.084527E-03 5.592380E-04 2.642155E-04
72 9.803571E+00 5.178571E-01 2.504752E+00 1.003703E-01 1.087776E-01 1.175406E-01 1.184168E-01 1.923506E-03 1.598986E-03 1.084255E-03 5.590979E-04 2.641493E-04
73 1.032143E+01 5.178571E-01 2.504752E+00 1.003441E-01 1.087492E-01 1.175099E-01 1.183858E-01 1.923004E-03 1.598568E-03 1.083972E-03 5.589519E-04 2.640803E-04
74 1.083929E+01 5.178571E-01 2.504752E+00 1.003167E-01 1.087196E-01 1.174779E-01 1.183536E-01 1.922480E-03 1.598133E-03 1.083677E-03 5.587996E-04 2.640083E-04
75 1.135714E+01 5.178571E-01 2.504752E+00 1.002882E-01 1.086887E-01 1.174446E-01 1.183200E-01 1.921934E-03 1.597679E-03 1.083369E-03 5.586409E-04 2.639333E-04
76 1.187500E+01 5.178571E-01 2.504752E+00 1.002585E-01 1.086565E-01 1.174098E-01 1.182849E-01 1.921365E-03 1.597206E-03 1.083048E-03 5.584755E-04 2.638552E-04
77 1.239286E+01 5.178571E-01 2.504752E+00 1.002276E-01 1.086230E-01 1.173735E-01 1.182484E-01 1.920771E-03 1.596713E-03 1.082714E-03 5.583030E-04 2.637737E-04
78 1.291071E+01 5.178571E-01 2.504752E+00 1.001953E-01 1.085880E-01 1.173357E-01 1.182103E-01 1.920153E-03 1.596199E-03 1.082365E-03 5.581233E-04 2.636888E-04
79 1.342857E+01 5.178571E-01 2.504752E+00 1.001617E-01 1.085515E-01 1.172963E-01 1.181707E-01 1.919509E-03 1.595663E-03 1.082002E-03 5.579359E-04 2.636003E-04
80 1.394643E+01 5.178571E-01 2.504752E+00 1.001266E-01 1.085136E-01 1.172553E-01 1.181293E-01 1.918837E-03 1.595104E-03 1.081623E-03 5.577406E-04 2.635080E-04
81 1.446429E+01 5.178571E-01 2.504752E+00 1.000901E-01 1.084740E-01 1.172125E-01 1.180862E-01 1.918137E-03 1.594522E-03 1.081229E-03 5.575371E-04 2.634119E-04
82 1.498214E+01 5.178571E-01 2.504752E+00 1.000520E-01 1.084327E-01 1.171679E-01 1.180413E-01 1.917407E-03 1.593916E-03 1.080817E-03 5.573250E-04 2.633117E-04
83 1.550000E+01 5.178571E-01 2.504752E+00 1.000123E-01 1.083897E-01 1.171214E-01 1.179945E-01 1.916646E-03 1.593284E-03 1.080389E-03 5.571040E-04 2.632072E-04
84 1.601786E+01 5.178571E-01 2.504752E+00 9.997099E-02 1.083449E-01 1.170730E-01 1.179457E-01 1.915854E-03 1.592625E-03 1.079942E-03 5.568736E-04 2.630984E-04
85 1.653571E+01 5.178571E-01 2.504752E+00 9.992789E-02 1.082982E-01 1.170226E-01 1.178948E-01 1.915028E-03 1.591938E-03 1.079476E-03 5.566336E-04 2.629850E-04
86 1.705357E+01 5.178571E-01 2.504752E+00 9.988299E-02 1.082495E-01 1.169700E-01 1.178418E-01 1.914168E-03 1.591223E-03 1.078991E-03 5.563835E-04 2.628668E-04
87 1.757143E+01 5.178571E-01 2.504752E+00 9.983620E-02 1.081988E-01 1.169152E-01 1.177866E-01 1.913271E-03 1.590478E-03 1.078486E-03 5.561228E-04 2.627437E-04
88 1.808929E+01 5.178571E-01 2.504752E+00 9.978745E-02 1.081460E-01 1.168581E-01 1.177291E-01 1.912337E-03 1.589701E-03 1.077959E-03 5.558513E-04 2.626154E-04
89 1.860714E+01 5.178571E-01 2.504752E+00 9.973665E-02 1.080909E-01 1.167986E-01 1.176692E-01 1.911363E-03 1.588892E-03 1.077410E-03 5.555683E-04 2.624817E-04
90 1.912500E+01 5.178571E-01 2.504752E+00 9.968373E-02 1.080336E-01 1.167366E-01 1.176068E-01 1.910349E-03 1.588049E-03 1.076839E-03 5.552735E-04 2.623424E-04
91 1.964286E+01 5.178571E-01 2.504752E+00 9.962860E-02 1.079738E-01 1.166721E-01 1.175417E-01 1.909292E-03 1.587170E-03 1.076243E-03 5.549664E-04 2.621973E-04
92 2.016071E+01 5.178571E-01 2.504752E+00 9.957117E-02 1.079116E-01 1.166048E-01 1.174740E-01 1.908192E-03 1.586255E-03 1.075623E-03 5.546465E-04 2.620462E-04
93 2.067857E+01 5.178571E-01 2.504752E+00 9.951134E-02 1.078467E-01 1.165347E-01 1.174034E-01 1.907045E-03 1.585302E-03 1.074976E-03 5.543132E-04 2.618887E-04
94 2.119643E+01 5.178571E-01 2.504752E+00 9.944902E-02 1.077792E-01 1.164618E-01 1.173298E-01 1.905851E-03 1.584309E-03 1.074303E-03 5.539661E-04 2.617247E-04
95 2.171429E+01 5.178571E-01 2.504752E+00 9.938411E-02 1.077088E-01 1.163857E-01 1.172533E-01 1.904607E-03 1.583275E-03 1.073602E-03 5.536045E-04 2.615539E-04
96 2.223214E+01 5.178571E-01 2.504752E+00 9.931651E-02 1.076356E-01 1.163066E-01 1.171735E-01 1.903311E-03 1.582198E-03 1.072872E-03 5.532280E-04 2.613760E-04
97 2.275000E+01 5.178571E-01 2.504752E+00 9.924610E-02 1.075593E-01 1.162241E-01 1.170904E-01 1.901962E-03 1.581077E-03 1.072111E-03 5.528358E-04 2.611907E-04
98 2.326786E+01 5.178571E-01 2.504752E+00 9.917279E-02 1.074798E-01 1.161383E-01 1.170040E-01 1.900557E-03 1.579909E-03 1.071319E-03 5.524274E-04 2.609977E-04
99 2.378571E+01 5.178571E-01 2.504752E+00 9.909644E-02 1.073971E-01 1.160489E-01 1.169139E-01 1.899094E-03 1.578693E-03 1.070495E-03 5.520021E-04 2.607968E-04
100 2.430357E+01 5.178571E-01 2.504752E+00 9.901695E-02 1.073109E-01 1.159558E-01 1.168201E-01 1.897571E-03 1.577426E-03 1.069636E-03 5.515593E-04 2.605876E-04
101 2.482143E+01 5.178571E-01 2.504752E+00 9.893419E-02 1.072212E-01 1.158589E-01 1.167224E-01 1.895985E-03 1.576108E-03 1.068742E-03 5.510983E-04 2.603698E-04
102 2.533929E+01 5.178571E-01 2.504752E+00 9.884802E-02 1.071279E-01 1.157579E-01 1.166208E-01 1.894333E-03 1.574735E-03 1.067811E-03 5.506183E-04 2.601430E-04
103 2.585714E+01 5.178571E-01 2.504752E+00 9.875833E-02 1.070306E-01 1.156529E-01 1.165150E-01 1.892614E-03 1.573306E-03 1.066842E-03 5.501187E-04 2.599070E-04
104 2.637500E+01 5.178571E-01 2.504752E+00 9.866497E-02 1.069295E-01 1.155436E-01 1.164048E-01 1.890825E-03 1.571819E-03 1.065833E-03 5.495987E-04 2.596613E-04
105 2.689286E+01 5.178571E-01 2.504752E+00 9.856780E-02 1.068241E-01 1.154298E-01 1.162902E-01 1.888963E-03 1.570271E-03 1.064784E-03 5.490574E-04 2.594056E-04
106 2.741071E+01 5.178571E-01 2.504752E+00 9.846667E-02 1.067145E-01 1.153114E-01 1.161709E-01 1.887025E-03 1.568660E-03 1.063691E-03 5.484940E-04 2.591394E-04
107 2.792857E+01 5.178571E-01 2.504752E+00 9.836143E-02 1.066005E-01 1.151881E-01 1.160467E-01 1.885008E-03 1.566983E-03 1.062554E-03 5.479078E-04 2.588625E-04
108 2.844643E+01 5.178571E-01 2.504752E+00 9.825193E-02 1.064818E-01 1.150599E-01 1.159175E-01 1.882910E-03 1.565239E-03 1.061372E-03 5.472979E-04 2.585743E-04
109 2.896429E+01 5.178571E-01 2.504752E+00 9.813801E-02 1.063584E-01 1.149265E-01 1.157831E-01 1.880726E-03 1.563424E-03 1.060141E-03 5.466633E-04 2.582745E-04
110 2.948214E+01 5.178571E-01 2.504752E+00 9.801949E-02 1.062299E-01 1.147877E-01 1.156433E-01 1.878455E-03 1.561536E-03 1.058861E-03 5.460031E-04 2.579626E-04
111 3.000000E+01 5.178571E-01 2.504752E+00 9.789621E-02 1.060963E-01 1.146433E-01 1.154978E-01 1.876093E-03 1.559572E-03 1.057529E-03 5.453164E-04 2.576381E-04
112 3.051786E+01 5.178571E-01 2.504752E+00 9.776799E-02 1.059574E-01 1.144932E-01 1.153466E-01 1.873636E-03 1.557529E-03 1.056144E-03 5.446022E-04 2.573007E-04
113 3.103571E+01 5.178571E-01 2.504752E+00 9.763465E-02 1.058128E-01 1.143370E-01 1.151893E-01 1.871080E-03 1.555405E-03 1.054703E-03 5.438594E-04 2.569498E-04
114 3.155357E+01 5.178571E-01 2.504752E+00 9.749601E-02 1.056626E-01 1.141746E-01 1.150257E-01 1.868423E-03 1.553196E-03 1.053206E-03 5.430871E-04 2.565849E-04
115 3.207143E+01 5.178571E-01 2.504752E+00 9.735186E-02 1.055064E-01 1.140058E-01 1.148556E-01 1.865661E-03 1.550900E-03 1.051649E-03 5.422842E-04 2.562055E-04
116 3.258929E+01 5.178571E-01 2.504752E+00 9.720201E-02 1.053440E-01 1.138304E-01 1.146788E-01 1.862789E-03 1.548513E-03 1.050030E-03 5.414495E-04 2.558112E-04
117 3.310714E+01 5.178571E-01 2.504752E+00 9.704626E-02 1.051752E-01 1.136480E-01 1.144951E-01 1.859804E-03 1.546031E-03 1.048347E-03 5.405819E-04 2.554013E-04
118 3.362500E+01 5.178571E-01 2.504752E+00 9.688440E-02 1.049997E-01 1.134584E-01 1.143041E-01 1.856702E-03 1.543453E-03 1.046599E-03 5.396802E-04 2.549753E-04
119 3.414286E+01 5.178571E-01 2.504752E+00 9.671621E-02 1.048175E-01 1.132614E-01 1.141057E-01 1.853479E-03 1.540773E-03 1.044782E-03 5.387434E-04 2.545326E-04
120 3.466071E+01 5.178571E-01 2.504752E+00 9.654147E-02 1.046281E-01 1.130568E-01 1.138995E-01 1.850130E-03 1.537990E-03 1.042894E-03 5.377700E-04 2.540728E-04
121 3.517857E+01 5.178571E-01 2.504752E+00 9.635996E-02 1.044314E-01 1.128443E-01 1.136854E-01 1.846652E-03 1.535098E-03 1.040934E-03 5.367590E-04 2.535951E-04
122 3.569643E+01 5.178571E-01 2.504752E+00 9.617145E-02 1.042271E-01 1.126235E-01 1.134630E-01 1.843039E-03 1.532095E-03 1.038897E-03 5.357089E-04 2.530990E-04
123 3.621429E+01 5.178571E-01 2.504752E+00 9.597571E-02 1.040149E-01 1.123943E-01 1.132320E-01 1.839288E-03 1.528977E-03 1.036783E-03 5.346185E-04 2.525838E-04
124 3.673214E+01 5.178571E-01 2.504752E+00 9.577248E-02 1.037947E-01 1.121563E-01 1.129923E-01 1.835393E-03 1.525739E-03 1.034587E-03 5.334865E-04 2.520490E-04
125 3.725000E+01 5.178571E-01 2.504752E+00 9.556153E-02 1.035661E-01 1.119092E-01 1.127434E-01 1.831351E-03 1.522378E-03 1.032308E-03 5.323114E-04 2.514938E-04
126 3.776786E+01 5.178571E-01 2.504752E+00 9.534261E-02 1.033288E-01 1.116529E-01 1.124851E-01 1.827155E-03 1.518891E-03 1.029943E-03 5.310919E-04 2.509177E-04
127 3.828571E+01 5.178571E-01 2.504752E+00 9.511545E-02 1.030826E-01 1.113868E-01 1.122171E-01 1.822802E-03 1.515272E-03 1.027490E-03 5.298266E-04 2.503199E-04
128 3.880357E+01 5.178571E-01 2.504752E+00 9.487981E-02 1.028272E-01 1.111109E-01 1.119391E-01 1.818286E-03 1.511518E-03 1.024944E-03 5.285140E-04 2.496997E-04
129 3.932143E+01 5.178571E-01 2.504752E+00 9.463541E-02 1.025624E-01 1.108247E-01 1.116508E-01 1.813602E-03 1.507625E-03 1.022304E-03 5.271526E-04 2.490565E-04
130 3.983929E+01 5.178571E-01 2.504752E+00 9.438200E-02 1.022877E-01 1.105279E-01 1.113518E-01 1.808746E-03 1.503587E-03 1.019566E-03 5.257410E-04 2.483896E-04
131 4.035714E+01 5.178571E-01 2.504752E+00 9.411929E-02 1.020030E-01 1.102203E-01 1.110418E-01 1.803711E-03 1.499402E-03 1.016729E-03 5.242776E-04 2.476982E-04
132 4.087500E+01 5.178571E-01 2.504752E+00 9.384702E-02 1.017079E-01 1.099014E-01 1.107206E-01 1.798494E-03 1.495065E-03 1.013787E-03 5.227610E-04 2.469817E-04
133 4.139286E+01 5.178571E-01 2.504752E+00 9.356491E-02 1.014022E-01 1.095711E-01 1.103878E-01 1.793087E-03 1.490570E-03 1.010740E-03 5.211895E-04 2.462392E-04
134 4.191071E+01 5.178571E-01 2.504752E+00 9.327268E-02 1.010855E-01 1.092288E-01 1.100430E-01 1.787487E-03 1.485915E-03 1.007583E-03 5.195617E-04 2.454702E-04
135 4.242857E+01 5.178571E-01 2.504752E+00 9.297006E-02 1.007575E-01 1.088744E-01 1.096860E-01 1.781687E-03 1.481094E-03 1.004314E-03 5.178760E-04 2.446737E-04
136 4.294643E+01 5.178571E-01 2.504752E+00 9.265675E-02 1.004180E-01 1.085075E-01 1.093163E-01 1.775683E-03 1.476103E-03 1.000929E-03 5.161308E-04 2.438492E-04
137 4.346429E+01 5.178571E-01 2.504752E+00 9.233248E-02 1.000665E-01 1.081278E-01 1.089338E-01 1.769469E-03 1.470937E-03 9.974264E-04 5.143245E-04 2.429958E-04
138 4.398214E+01 5.178571E-01 2.504752E+00 9.199697E-02 9.970293E-02 1.077349E-01 1.085379E-01 1.763039E-03 1.465592E-03 9.938021E-04 5.124556E-04 2.421128E-04
139 4.450000E+01 5.178571E-01 2.504752E+00 9.164993E-02 9.932682E-02 1.073285E-01 1.081285E-01 1.756388E-03 1.460063E-03 9.900532E-04 5.105224E-04 2.411995E-04
140 4.501786E+01 5.178571E-01 2.504752E+00 9.129110E-02 9.893793E-02 1.069083E-01 1.077051E-01 1.749512E-03 1.454347E-03 9.861769E-04 5.085236E-04 2.402551E-04
141 4.553571E+01 5.178571E-01 2.504752E+00 9.092018E-02 9.853595E-02 1.064739E-01 1.072675E-01 1.742403E-03 1.448438E-03 9.821700E-04 5.064575E-04 2.392790E-04
142 4.605357E+01 5.178571E-01 2.504752E+00 9.053692E-02 9.812058E-02 1.060251E-01 1.068154E-01 1.735058E-03 1.442332E-03 9.780298E-04 5.043225E-04 2.382703E-04
143 4.657143E+01 5.178571E-01 2.504752E+00 9.014103E-02 9.769153E-02 1.055615E-01 1.063483E-01 1.727472E-03 1.436025E-03 9.737532E-04 5.021173E-04 2.372284E-04
144 4.708929E+01 5.178571E-01 2.504752E+00 8.973226E-02 9.724852E-02 1.050828E-01 1.058660E-01 1.719638E-03 1.429513E-03 9.693374E-04 4.998403E-04 2.361527E-04
145 4.760714E+01 5.178571E-01 2.504752E+00 8.931035E-02 9.679127E-02 1.045887E-01 1.053683E-01 1.711552E-03 1.422792E-03 9.647798E-04 4.974901E-04 2.350423E-04
146 4.812500E+01 5.178571E-01 2.504752E+00 8.887505E-02 9.631951E-02 1.040789E-01 1.048547E-01 1.703210E-03 1.415857E-03 9.600774E-04 4.950654E-04 2.338967E-04
147 4.864286E+01 5.178571E-01 2.504752E+00 8.842613E-02 9.583298E-02 1.035532E-01 1.043250E-01 1.694607E-03 1.408705E-03 9.552278E-04 4.925647E-04 2.327152E-04
148 4.916071E+01 5.178571E-01 2.504752E+00 8.796334E-02 9.533143E-02 1.030112E-01 1.037791E-01 1.685738E-03 1.401333E-03 9.502285E-04 4.899868E-04 2.314973E-04
149 4.967857E+01 5.178571E-01 2.504752E+00 8.748647E-02 9.481461E-02 1.024528E-01 1.032164E-01 1.676599E-03 1.393736E-03 9.450771E-04 4.873305E-04 2.302423E-04
150 5.019643E+01 5.178571E-01 2.504752E+00 8.699531E-02 9.428231E-02 1.018776E-01 1.026370E-01 1.667187E-03 1.385911E-03 9.397714E-04 4.845946E-04 2.289497E-04
151 5.071429E+01 5.178571E-01 2.504752E+00 8.648967E-02 9.373432E-02 1.012855E-01 1.020404E-01 1.657497E-03 1.377856E-03 9.343092E-04 4.817780E-04 2.276190E-04
152 5.123214E+01 5.178571E-01 2.504752E+00 8.596938E-02 9.317045E-02 1.006762E-01 1.014266E-01 1.647526E-03 1.369567E-03 9.286887E-04 4.788797E-04 2.262497E-04
153 5.175000E+01 5.178571E-01 2.504752E+00 8.543426E-02 9.259051E-02 1.000495E-01 1.007953E-01 1.637271E-03 1.361042E-03 9.229081E-04 4.758990E-04 2.248414E-04
154 5.226786E+01 5.178571E-01 2.504752E+00 8.488418E-02 9.199435E-02 9.940531E-02 1.001463E-01 1.626729E-03 1.352279E-03 9.169658E-04 4.728348E-04 2.233937E-04
155 5.278571E+01 5.178571E-01 2.504752E+00 8.431901E-02 9.138184E-02 9.874346E-02 9.947948E-02 1.615898E-03 1.343275E-03 9.108606E-04 4.696866E-04 2.219064E-04
156 5.330357E+01 5.178571E-01 2.504752E+00 8.373866E-02 9.075287E-02 9.806382E-02 9.879478E-02 1.604776E-03 1.334030E-03 9.045912E-04 4.664538E-04 2.203790E-04
157 5.382143E+01 5.178571E-01 2.504752E+00 8.314303E-02 9.010735E-02 9.736630E-02 9.809206E-02 1.593361E-03 1.324541E-03 8.981569E-04 4.631360E-04 2.188115E-04
158 5.433929E+01 5.178571E-01 2.504752E+00 8.253208E-02 8.944522E-02 9.665083E-02 9.737126E-02 1.581653E-03 1.314808E-03 8.915571E-04 4.597328E-04 2.172036E-04
159 5.485714E+01 5.178571E-01 2.504752E+00 8.190576E-02 8.876645E-02 9.591738E-02 9.663233E-02 1.569650E-03 1.304830E-03 8.847913E-04 4.562440E-04 2.155553E-04
160 5.537500E+01 5.178571E-01 2.504752E+00 8.126409E-02 8.807103E-02 9.516594E-02 9.587529E-02 1.557353E-03 1.294608E-03 8.778596E-04 4.526696E-04 2.138666E-04
161 5.589286E+01 5.178571E-01 2.504752E+00 8.060709E-02 8.735899E-02 9.439653E-02 9.510015E-02 1.544762E-03 1.284141E-03 8.707623E-04 4.490099E-04 2.121375E-04
162 5.641071E+01 5.178571E-01 2.504752E+00 7.993480E-02 8.663039E-02 9.360924E-02 9.430699E-02 1.531878E-03 1.273431E-03 8.634998E-04 4.452650E-04 2.103682E-04
163 5.692857E+01 5.178571E-01 2.504752E+00 7.924731E-02 8.588532E-02 9.280414E-02 9.349589E-02 1.518703E-03 1.262479E-03 8.560732E-04 4.414355E-04 2.085589E-04
164 5.744643E+01 5.178571E-01 2.504752E+00 7.854474E-02 8.512390E-02 9.198139E-02 9.266701E-02 1.505239E-03 1.251286E-03 8.484837E-04 4.375219E-04 2.067099E-04
165 5.796429E+01 5.178571E-01 2.504752E+00 7.782725E-02 8.434631E-02 9.114115E-02 9.182051E-02 1.491489E-03 1.239856E-03 8.407329E-04 4.335252E-04 2.048217E-04
166 5.848214E+01 5.178571E-01 2.504752E+00 7.709501E-02 8.355274E-02 9.028365E-02 9.095661E-02 1.477456E-03 1.228191E-03 8.328229E-04 4.294464E-04 2.028946E-04
167 5.900000E+01 5.178571E-01 2.504752E+00 7.634825E-02 8.274342E-02 8.940914E-02 9.007558E-02 1.463145E-03 1.216294E-03 8.247560E-04 4.252867E-04 2.009293E-04
168 5.951786E+01 5.178571E-01 2.504752E+00 7.558722E-02 8.191864E-02 8.851792E-02 8.917772E-02 1.448561E-03 1.204170E-03 8.165349E-04 4.210475E-04 1.989265E-04
169 6.003571E+01 5.178571E-01 2.504752E+00 7.481221E-02 8.107872E-02 8.761033E-02 8.826337E-02 1.433709E-03 1.191824E-03 8.081628E-04 4.167304E-04 1.968869E-04
170 6.055357E+01 5.178571E-01 2.504752E+00 7.402356E-02 8.022400E-02 8.668676E-02 8.733291E-02 1.418595E-03 1.179260E-03 7.996433E-04 4.123373E-04 1.948113E-04
171 6.107143E+01 5.178571E-01 2.504752E+00 7.322162E-02 7.935489E-02 8.574764E-02 8.638679E-02 1.403226E-03 1.166484E-03 7.909804E-04 4.078702E-04 1.927008E-04
172 6.158929E+01 5.178571E-01 2.504752E+00 7.240680E-02 7.847183E-02 8.479343E-02 8.542547E-02 1.387611E-03 1.153503E-03 7.821783E-04 4.033314E-04 1.905564E-04
173 6.210714E+01 5.178571E-01 2.504752E+00 7.157955E-02 7.757528E-02 8.382466E-02 8.444948E-02 1.371758E-03 1.140325E-03 7.732418E-04 3.987233E-04 1.883793E-04
174 6.262500E+01 5.178571E-01 2.504752E+00 7.074033E-02 7.666577E-02 8.284188E-02 8.345937E-02 1.355675E-03 1.126955E-03 7.641762E-04 3.940486E-04 1.861707E-04
175 6.314286E+01 5.178571E-01 2.504752E+00 6.988967E-02 7.574385E-02 8.184569E-02 8.245576E-02 1.339373E-03 1.113403E-03 7.549868E-04 3.893101E-04 1.839320E-04
176 6.366071E+01 5.178571E-01 2.504752E+00 6.902811E-02 7.481012E-02 8.083674E-02 8.143929E-02 1.322861E-03 1.099678E-03 7.456797E-04 3.845109E-04 1.816645E-04
177 6.417857E+01 5.178571E-01 2.504752E+00 6.815622E-02 7.386521E-02 7.981570E-02 8.041064E-02 1.306153E-03 1.085788E-03 7.362612E-04 3.796542E-04 1.793700E-04
178 6.469643E+01 5.178571E-01 2.504752E+00 6.727464E-02 7.290978E-02 7.878331E-02 7.937055E-02 1.289258E-03 1.071744E-03 7.267378E-04 3.747435E-04 1.770499E-04
179 6.521429E+01 5.178571E-01 2.504752E+00 6.638400E-02 7.194454E-02 7.774031E-02 7.831978E-02 1.272190E-03 1.057555E-03 7.171167E-04 3.697823E-04 1.747059E-04
180 6.573214E+01 5.178571E-01 2.504752E+00 6.548499E-02 7.097022E-02 7.668750E-02 7.725912E-02 1.254961E-03 1.043233E-03 7.074050E-04 3.647745E-04 1.723400E-04
181 6.625000E+01 5.178571E-01 2.504752E+00 6.457830E-02 6.998759E-02 7.562571E-02 7.618941E-02 1.237585E-03 1.028789E-03 6.976105E-04 3.597239E-04 1.699538E-04
182 6.676786E+01 5.178571E-01 2.504752E+00 6.366468E-02 6.899743E-02 7.455579E-02 7.511152E-02 1.220076E-03 1.014234E-03 6.877410E-04 3.546347E-04 1.675494E-04
183 6.728571E+01 5.178571E-01 2.504752E+00 6.274487E-02 6.800058E-02 7.347863E-02 7.402633E-02 1.202449E-03 9.995804E-04 6.778048E-04 3.495111E-04 1.651287E-04
184 6.780357E+01 5.178571E-01 2.504752E+00 6.181966E-02 6.699787E-02 7.239514E-02 7.293477E-02 1.184718E-03 9.848410E-04 6.678101E-04 3.443573E-04 1.626937E-04
185 6.832143E+01 5.178571E-01 2.504752E+00 6.088983E-02 6.599016E-02 7.130625E-02 7.183776E-02 1.166899E-03 9.700281E-04 6.577656E-04 3.391778E-04 1.602467E-04
186 6.883929E+01 5.178571E-01 2.504752E+00 5.995621E-02 6.497834E-02 7.021292E-02 7.073628E-02 1.149007E-03 9.551547E-04 6.476801E-04 3.339772E-04 1.577896E-04
187 6.935714E+01 5.178571E-01 2.504752E+00 5.901962E-02 6.396329E-02 6.911610E-02 6.963128E-02 1.131058E-03 9.402339E-04 6.375625E-04 3.287601E-04 1.553247E-04
188 6.987500E+01 5.178571E-01 2.504752E+00 5.808088E-02 6.294592E-02 6.801678E-02 6.852376E-02 1.113068E-03 9.252790E-04 6.274218E-04 3.235310E-04 1.528542E-04
189 7.039286E+01 5.178571E-01 2.504752E+00 5.714085E-02 6.192715E-02 6.691594E-02 6.741472E-02 1.095053E-03 9.103036E-04 6.172671E-04 3.182947E-04 1.503803E-04
190 7.091071E+01 5.178571E-01 2.504752E+00 5.620037E-02 6.090790E-02 6.581457E-02 6.630514E-02 1.077030E-03 8.953209E-04 6.071075E-04 3.130559E-04 1.479052E-04
191 7.142857E+01 5.178571E-01 2.504752E+00 5.526029E-02 5.988907E-02 6.471367E-02 6.519603E-02 1.059014E-03 8.803446E-04 5.969522E-04 3.078193E-04 1.454311E-04
192 7.194643E+01 5.178571E-01 2.504752E+00 5.432145E-02 5.887159E-02 6.361422E-02 6.408839E-02 1.041022E-03 8.653880E-04 5.868103E-04 3.025896E-04 1.429603E-04
193 7.246429E+01 5.178571E-01 2.504752E+00 5.338469E-02 5.785636E-02 6.251720E-02 6.298320E-02 1.023069E-03 8.504645E-04 5.766909E-04 2.973715E-04 1.404950E-04
194 7.298214E+01 5.178571E-01 2.504752E+00 5.245083E-02 5.684428E-02 6.142359E-02 6.188143E-02 1.005173E-03 8.355874E-04 5.666028E-04 2.921696E-04 1.380373E-04
195 7.350000E+01 5.178571E-01 2.504752E+00 5.152070E-02 5.583624E-02 6.033434E-02 6.078407E-02 9.873478E-04 8.207696E-04 5.565551E-04 2.869885E-04 1.355895E-04
196 7.401786E+01 5.178571E-01 2.504752E+00 5.059510E-02 5.483311E-02 5.925040E-02 5.969204E-02 9.696095E-04 8.060240E-04 5.465562E-04 2.818325E-04 1.331535E-04
197 7.453571E+01 5.178571E-01 2.504752E+00 4.967481E-02 5.383573E-02 5.817268E-02 5.860629E-02 9.519730E-04 7.913630E-04 5.366147E-04 2.767062E-04 1.307316E-04
198 7.505357E+01 5.178571E-01 2.504752E+00 4.876060E-02 5.284494E-02 5.710207E-02 5.752770E-02 9.344530E-04 7.767988E-04 5.267389E-04 2.716137E-04 1.283256E-04
199 7.557143E+01 5.178571E-01 2.504752E+00 4.785321E-02 5.186155E-02 5.603945E-02 5.645716E-02 9.170636E-04 7.623433E-04 5.169368E-04 2.665592E-04 1.259376E-04
200 7.608929E+01 5.178571E-01 2.504752E+00 4.695335E-02 5.088631E-02 5.498566E-02 5.539551E-02 8.998187E-04 7.480078E-04 5.072160E-04 2.615467E-04 1.235694E-04
201 7.660714E+01 5.178571E-01 2.504752E+00 4.606172E-02 4.991999E-02 5.394149E-02 5.434356E-02 8.827313E-04 7.338032E-04 4.975841E-04 2.565800E-04 1.212228E-04
202 7.712500E+01 5.178571E-01 2.504752E+00 4.517896E-02 4.896329E-02 5.290772E-02 5.330209E-02 8.658141E-04 7.197402E-04 4.880481E-04 2.516627E-04 1.188996E-04
203 7.764286E+01 5.178571E-01 2.504752E+00 4.430571E-02 4.801690E-02 5.188509E-02 5.227183E-02 8.490791E-04 7.058286E-04 4.786148E-04 2.467984E-04 1.166015E-04
204 7.816071E+01 5.178571E-01 2.504752E+00 4.344257E-02 4.708145E-02 5.087428E-02 5.125349E-02 8.325376E-04 6.920779E-04 4.692906E-04 2.419904E-04 1.143299E-04
205 7.867857E+01 5.178571E-01 2.504752E+00 4.259008E-02 4.615756E-02 4.987596E-02 5.024773E-02 8.162005E-04 6.784970E-04 4.600816E-04 2.372418E-04 1.120863E-04
206 7.919643E+01 5.178571E-01 2.504752E+00 4.174878E-02 4.524579E-02 4.889074E-02 4.925516E-02 8.000777E-04 6.650944E-04 4.509934E-04 2.325554E-04 1.098722E-04
207 7.971429E+01 5.178571E-01 2.504752E+00 4.091915E-02 4.434666E-02 4.791918E-02 4.827637E-02 7.841786E-04 6.518776E-04 4.420312E-04 2.279341E-04 1.076889E-04
208 8.023214E+01 5.178571E-01 2.504752E+00 4.010164E-02 4.346068E-02 4.696182E-02 4.731187E-02 7.685118E-04 6.388540E-04 4.332001E-04 2.233803E-04 1.055374E-04
209 8.075000E+01 5.178571E-01 2.504752E+00 3.929667E-02 4.258828E-02 4.601914E-02 4.636217E-02 7.530852E-04 6.260301E-04 4.245043E-04 2.188963E-04 1.034189E-04
210 8.126786E+01 5.178571E-01 2.504752E+00 3.850460E-02 4.172987E-02 4.509159E-02 4.542769E-02 7.379061E-04 6.134119E-04 4.159480E-04 2.144842E-04 1.013344E-04
211 8.178571E+01 5.178571E-01 2.504752E+00 3.772579E-02 4.088583E-02 4.417954E-02 4.450885E-02 7.229808E-04 6.010047E-04 4.075349E-04 2.101460E-04 9.928476E-05
212 8.230357E+01 5.178571E-01 2.504752E+00 3.696053E-02 4.005646E-02 4.328337E-02 4.360600E-02 7.083153E-04 5.888134E-04 3.992681E-04 2.058832E-04 9.727079E-05
213 8.282143E+01 5.178571E-01 2.504752E+00 3.620908E-02 3.924207E-02 4.240337E-02 4.271944E-02 6.939145E-04 5.768422E-04 3.911505E-04 2.016974E-04 9.529317E-05
214 8.333929E+01 5.178571E-01 2.504752E+00 3.547168E-02 3.844290E-02 4.153982E-02 4.184945E-02 6.797828E-04 5.650947E-04 3.831847E-04 1.975898E-04 9.335250E-05
215 8.385714E+01 5.178571E-01 2.504752E+00 3.474851E-02 3.765915E-02 4.069293E-02 4.099625E-02 6.659238E-04 5.535740E-04 3.753726E-04 1.935614E-04 9.144930E-05
216 8.437500E+01 5.178571E-01 2.504752E+00 3.403973E-02 3.689100E-02 3.986290E-02 4.016004E-02 6.523407E-04 5.422825E-04 3.677159E-04 1.896133E-04 8.958397E-05
217 8.489286E+01 5.178571E-01 2.504752E+00 3.334547E-02 3.613859E-02 3.904987E-02 3.934094E-02 6.390358E-04 5.312223E-04 3.602161E-04 1.857460E-04 8.775685E-05
218 8.541071E+01 5.178571E-01 2.504752E+00 3.266581E-02 3.540200E-02 3.825395E-02 3.853909E-02 6.260108E-04 5.203948E-04 3.528741E-04 1.819601E-04 8.596816E-05
219 8.592857E+01 5.178571E-01 2.504752E+00 3.200082E-02 3.468131E-02 3.747520E-02 3.775454E-02 6.132669E-04 5.098010E-04 3.456906E-04 1.782559E-04 8.421809E-05
220 8.644643E+01 5.178571E-01 2.504752E+00 3.135053E-02 3.397655E-02 3.671367E-02 3.698733E-02 6.008047E-04 4.994413E-04 3.386658E-04 1.746335E-04 8.250669E-05
221 8.696429E+01 5.178571E-01 2.504752E+00 3.071495E-02 3.328773E-02 3.596935E-02 3.623746E-02 5.886243E-04 4.893159E-04 3.317998E-04 1.710931E-04 8.083399E-05
222 8.748214E+01 5.178571E-01 2.504752E+00 3.009404E-02 3.261481E-02 3.524222E-02 3.550492E-02 5.767251E-04 4.794242E-04 3.250924E-04 1.676344E-04 7.919991E-05
223 8.800000E+01 5.178571E-01 2.504752E+00 2.948776E-02 3.195775E-02 3.453223E-02 3.478962E-02 5.651063E-04 4.697656E-04 3.185430E-04 1.642572E-04 7.760433E-05
224 8.851786E+01 5.178571E-01 2.504752E+00 2.889603E-02 3.131645E-02 3.383927E-02 3.409151E-02 5.537664E-04 4.603389E-04 3.121509E-04 1.609611E-04 7.604706E-05
225 8.903571E+01 5.178571E-01 2.504752E+00 2.831876E-02 3.069083E-02 3.316325E-02 3.341045E-02 5.427036E-04 4.511425E-04 3.059149E-04 1.577455E-04 7.452783E-05
226 8.955357E+01 5.178571E-01 2.504752E+00 2.775584E-02 3.008075E-02 3.250402E-02 3.274631E-02 5.319156E-04 4.421746E-04 2.998339E-04 1.546098E-04 7.304635E-05
227 9.007143E+01 5.178571E-01 2.504752E+00 2.720712E-02 2.948607E-02 3.186144E-02 3.209893E-02 5.213999E-04 4.334330E-04 2.939063E-04 1.515532E-04 7.160226E-05
228 9.058929E+01 5.178571E-01 2.504752E+00 2.667245E-02 2.890662E-02 3.123530E-02 3.146813E-02 5.111535E-04 4.249154E-04 2.881305E-04 1.485750E-04 7.019516E-05
229 9.110714E+01 5.178571E-01 2.504752E+00 2.615167E-02 2.834222E-02 3.062543E-02 3.085371E-02 5.011732E-04 4.166189E-04 2.825048E-04 1.456740E-04 6.882459E-05
230 9.162500E+01 5.178571E-01 2.504752E+00 2.564459E-02 2.779266E-02 3.003161E-02 3.025546E-02 4.914555E-04 4.085406E-04 2.770270E-04 1.428494E-04 6.749009E-05
231 9.214286E+01 5.178571E-01 2.504752E+00 2.515101E-02 2.725774E-02 2.945360E-02 2.967314E-02 4.819965E-04 4.006776E-04 2.716952E-04 1.401000E-04 6.619112E-05
232 9.266071E+01 5.178571E-01 2.504752E+00 2.467074E-02 2.673724E-02 2.889116E-02 2.910651E-02 4.727924E-04 3.930263E-04 2.665069E-04 1.374247E-04 6.492715E-05
233 9.317857E+01 5.178571E-01 2.504752E+00 2.420353E-02 2.623090E-02 2.834403E-02 2.855530E-02 4.638389E-04 3.855834E-04 2.614599E-04 1.348222E-04 6.369759E-05
234 9.369643E+01 5.178571E-01 2.504752E+00 2.374918E-02 2.573849E-02 2.781195E-02 2.801926E-02 4.551317E-04 3.783451E-04 2.565518E-04 1.322913E-04 6.250185E-05
235 9.421429E+01 5.178571E-01 2.504752E+00 2.330744E-02 2.525975E-02 2.729465E-02 2.749810E-02 4.466661E-04 3.713079E-04 2.517799E-04 1.298307E-04 6.133931E-05
236 9.473214E+01 5.178571E-01 2.504752E+00 2.287808E-02 2.479442E-02 2.679183E-02 2.699153E-02 4.384377E-04 3.644677E-04 2.471416E-04 1.274389E-04 6.020932E-05
237 9.525000E+01 5.178571E-01 2.504752E+00 2.246083E-02 2.434222E-02 2.630320E-02 2.649927E-02 4.304416E-04 3.578206E-04 2.426343E-04 1.251148E-04 5.911124E-05
238 9.576786E+01 5.178571E-01 2.504752E+00 2.205546E-02 2.390289E-02 2.582848E-02 2.602101E-02 4.226730E-04 3.513627E-04 2.382552E-04 1.228567E-04 5.804440E-05
239 9.628571E+01 5.178571E-01 2.504752E+00 2.166170E-02 2.347615E-02 2.536737E-02 2.555645E-02 4.151270E-04 3.450897E-04 2.340017E-04 1.206633E-04 5.700813E-05
240 9.680357E+01 5.178571E-01 2.504752E+00 2.127930E-02 2.306172E-02 2.491955E-02 2.510529E-02 4.077986E-04 3.389977E-04 2.298707E-04 1.185332E-04 5.600174E-05
241 9.732143E+01 5.178571E-01 2.504752E+00 2.090799E-02 2.265931E-02 2.448472E-02 2.466723E-02 4.006828E-04 3.330825E-04 2.258597E-04 1.164649E-04 5.502456E-05
242 9.783929E+01 5.178571E-01 2.504752E+00 2.054752E-02 2.226864E-02 2.406258E-02 2.424194E-02 3.937747E-04 3.273399E-04 2.219657E-04 1.144569E-04 5.407588E-05
243 9.835714E+01 5.178571E-01 2.504752E+00 2.019762E-02 2.188944E-02 2.365282E-02 2.382913E-02 3.870692E-04 3.217657E-04 2.181858E-04 1.125079E-04 5.315503E-05
244 9.887500E+01 5.178571E-01 2.504752E+00 1.985803E-02 2.152140E-02 2.325514E-02 2.342848E-02 3.805612E-04 3.163557E-04 2.145174E-04 1.106162E-04 5.226132E-05
245 9.939286E+01 5.178571E-01 2.504752E+00 1.952849E-02 2.116426E-02 2.286923E-02 2.303969E-02 3.742459E-04 3.111059E-04 2.109575E-04 1.087806E-04 5.139406E-05
246 9.991071E+01 5.178571E-01 2.504752E+00 1.920874E-02 2.081773E-02 2.249478E-02 2.266246E-02 3.681183E-04 3.060120E-04 2.075035E-04 1.069995E-04 5.055256E-05
247 1.004286E+02 5.178571E-01 2.504752E+00 1.889853E-02 2.048153E-02 2.213150E-02 2.229647E-02 3.621733E-04 3.010701E-04 2.041524E-04 1.052715E-04 4.973616E-05
248 1.009464E+02 5.178571E-01 2.504752E+00 1.859760E-02 2.015539E-02 2.177909E-02 2.194143E-02 3.564063E-04 2.962760E-04 2.009016E-04 1.035952E-04 4.894419E-05
249 1.014643E+02 5.178571E-01 2.504752E+00 1.830570E-02 1.983904E-02 2.143725E-02 2.159704E-02 3.508122E-04 2.916257E-04 1.977483E-04 1.019692E-04 4.817598E-05
250 1.019821E+02 5.178571E-01 2.504752E+00 1.802258E-02 1.953221E-02 2.110570E-02 2.126302E-02 3.453865E-04 2.871154E-04 1.946899E-04 1.003921E-04 4.743088E-05
251 1.025000E+02 5.178571E-01 2.504752E+00 1.774800E-02 1.923462E-02 2.078414E-02 2.093907E-02 3.401244E-04 2.827410E-04 1.917237E-04 9.886260E-05 4.670825E-05
252 1.030179E+02 5.178571E-01 2.504752E+00 1.748171E-02 1.894603E-02 2.047231E-02 2.062490E-02 3.350212E-04 2.784989E-04 1.888471E-04 9.737929E-05 4.600745E-05
253 1.035357E+02 5.178571E-01 2.504752E+00 1.722348E-02 1.866618E-02 2.016990E-02 2.032025E-02 3.300726E-04 2.743851E-04 1.860576E-04 9.594088E-05 4.532786E-05
254 1.040536E+02 5.178571E-01 2.504752E+00 1.697309E-02 1.839481E-02 1.987667E-02 2.002483E-02 3.252739E-04 2.703961E-04 1.833527E-04 9.454608E-05 4.466888E-05
255 1.045714E+02 5.178571E-01 2.504752E+00 1.673029E-02 1.813167E-02 1.959234E-02 1.973838E-02 3.206210E-04 2.665281E-04 1.807298E-04 9.319362E-05 4.402990E-05
256 1.050893E+02 5.178571E-01 2.504752E+00 1.649487E-02 1.787654E-02 1.931665E-02 1.946063E-02 3.161094E-04 2.627777E-04 1.781867E-04 9.188226E-05 4.341034E-05
257 1.056071E+02 5.178571E-01 2.504752E+00 1.626661E-02 1.762916E-02 1.904934E-02 1.919133E-02 3.117350E-04 2.591413E-04 1.757210E-04 9.061078E-05 4.280962E-05
258 1.061250E+02 5.178571E-01 2.504752E+00 1.604530E-02 1.738931E-02 1.879017E-02 1.893023E-02 3.074938E-04 2.556157E-04 1.733302E-04 8.937800E-05 4.222719E-05
259 1.066429E+02 5.178571E-01 2.504752E+00 1.583073E-02 1.715676E-02 1.853889E-02 1.867708E-02 3.033817E-04 2.521973E-04 1.710123E-04 8.818275E-05 4.166249E-05
260 1.071607E+02 5.178571E-01 2.504752E+00 1.562269E-02 1.693130E-02 1.829527E-02 1.843164E-02 2.993948E-04 2.488831E-04 1.687650E-04 8.702391E-05 4.111498E-05
261 1.076786E+02 5.178571E-01 2.504752E+00 1.542099E-02 1.671270E-02 1.805906E-02 1.819367E-02 2.955294E-04 2.456698E-04 1.665861E-04 8.590037E-05 4.058416E-05
262 1.081964E+02 5.178571E-01 2.504752E+00 1.522544E-02 1.650077E-02 1.783005E-02 1.796295E-02 2.917818E-04 2.425544E-04 1.644736E-04 8.481105E-05 4.006950E-05
263 1.087143E+02 5.178571E-01 2.504752E+00 1.503583E-02 1.629528E-02 1.760801E-02 1.773926E-02 2.881482E-04 2.395339E-04 1.624254E-04 8.375490E-05 3.957052E-05
264 1.092321E+02 5.178571E-01 2.504752E+00 1.485201E-02 1.609606E-02 1.739274E-02 1.752238E-02 2.846253E-04 2.366054E-04 1.604396E-04 8.273091E-05 3.908673E-05
265 1.097500E+02 5.178571E-01 2.504752E+00 1.467377E-02 1.590289E-02 1.718401E-02 1.731210E-02 2.812096E-04 2.337659E-04 1.585142E-04 8.173808E-05 3.861766E-05
266 1.102679E+02 5.178571E-01 2.504752E+00 1.450096E-02 1.571560E-02 1.698163E-02 1.710821E-02 2.778978E-04 2.310129E-04 1.566473E-04 8.077544E-05 3.816286E-05
267 1.107857E+02 5.178571E-01 2.504752E+00 1.433339E-02 1.553400E-02 1.678541E-02 1.691052E-02 2.746866E-04 2.283434E-04 1.548372E-04 7.984206E-05 3.772187E-05
268 1.113036E+02 5.178571E-01 2.504752E+00 1.417092E-02 1.535792E-02 1.659514E-02 1.671884E-02 2.715729E-04 2.257551E-04 1.530821E-04 7.893702E-05 3.729428E-05
269 1.118214E+02 5.178571E-01 2.504752E+00 1.401338E-02 1.518718E-02 1.641064E-02 1.653297E-02 2.685537E-04 2.232453E-04 1.513802E-04 7.805944E-05 3.687967E-05
270 1.123393E+02 5.178571E-01 2.504752E+00 1.386061E-02 1.502161E-02 1.623174E-02 1.635273E-02 2.656260E-04 2.208115E-04 1.497299E-04 7.720846E-05 3.647762E-05
271 1.128571E+02 5.178571E-01 2.504752E+00 1.371246E-02 1.486106E-02 1.605825E-02 1.617795E-02 2.627870E-04 2.184515E-04 1.481296E-04 7.638325E-05 3.608774E-05
272 1.133750E+02 5.178571E-01 2.504752E+00 1.356880E-02 1.470536E-02 1.589001E-02 1.600845E-02 2.600338E-04 2.161628E-04 1.465777E-04 7.558299E-05 3.570965E-05
273 1.138929E+02 5.178571E-01 2.504752E+00 1.342947E-02 1.455437E-02 1.572685E-02 1.584408E-02 2.573638E-04 2.139432E-04 1.450726E-04 7.480690E-05 3.534298E-05
274 1.144107E+02 5.178571E-01 2.504752E+00 1.329435E-02 1.440793E-02 1.556862E-02 1.568466E-02 2.547743E-04 2.117906E-04 1.436129E-04 7.405422E-05 3.498738E-05
275 1.149286E+02 5.178571E-01 2.504752E+00 1.316330E-02 1.426590E-02 1.541514E-02 1.553005E-02 2.522628E-04 2.097028E-04 1.421972E-04 7.332422E-05 3.464248E-05
276 1.154464E+02 5.178571E-01 2.504752E+00 1.303619E-02 1.412814E-02 1.526629E-02 1.538008E-02 2.498268E-04 2.076779E-04 1.408241E-04 7.261618E-05 3.430796E-05
277 1.159643E+02 5.178571E-01 2.504752E+00 1.291290E-02 1.399452E-02 1.512191E-02 1.523462E-02 2.474641E-04 2.057137E-04 1.394923E-04 7.192940E-05 3.398349E-05
278 1.164821E+02 5.178571E-01 2.504752E+00 1.279330E-02 1.386491E-02 1.498185E-02 1.509353E-02 2.451722E-04 2.038085E-04 1.382003E-04 7.126322E-05 3.366875E-05
279 1.170000E+02 5.178571E-01 2.504752E+00 1.267729E-02 1.373918E-02 1.484599E-02 1.495665E-02 2.429489E-04 2.019603E-04 1.369471E-04 7.061698E-05 3.336343E-05
280 1.175179E+02 5.178571E-01 2.504752E+00 1.256475E-02 1.361721E-02 1.471420E-02 1.482387E-02 2.407920E-04 2.001673E-04 1.357313E-04 6.999006E-05 3.306724E-05
281 1.180357E+02 5.178571E-01 2.504752E+00 1.245556E-02 1.349888E-02 1.458633E-02 1.469506E-02 2.386996E-04 1.984279E-04 1.345518E-04 6.938186E-05 3.277989E-05
282 1.185536E+02 5.178571E-01 2.504752E+00 1.234963E-02 1.338407E-02 1.446228E-02 1.457008E-02 2.366695E-04 1.967403E-04 1.334075E-04 6.879178E-05 3.250110E-05
283 1.190714E+02 5.178571E-01 2.504752E+00 1.224684E-02 1.327268E-02 1.434191E-02 1.444881E-02 2.346997E-04 1.951029E-04 1.322972E-04 6.821924E-05 3.223060E-05
284 1.195893E+02 5.178571E-01 2.504752E+00 1.214711E-02 1.316460E-02 1.422512E-02 1.433115E-02 2.327885E-04 1.935141E-04 1.312198E-04 6.766371E-05 3.196814E-05
285 1.201071E+02 5.178571E-01 2.504752E+00 1.205034E-02 1.305972E-02 1.411179E-02 1.421698E-02 2.309339E-04 1.919724E-04 1.301744E-04 6.712465E-05 3.171345E-05
286 1.206250E+02 5.178571E-01 2.504752E+00 1.195643E-02 1.295794E-02 1.400182E-02 1.410618E-02 2.291342E-04 1.904763E-04 1.291600E-04 6.660153E-05 3.146631E-05
287 1.211429E+02 5.178571E-01 2.504752E+00 1.186529E-02 1.285917E-02 1.389509E-02 1.399866E-02 2.273877E-04 1.890244E-04 1.281754E-04 6.609386E-05 3.122646E-05
288 1.216607E+02 5.178571E-01 2.504752E+00 1.177684E-02 1.276331E-02 1.379151E-02 1.389431E-02 2.256926E-04 1.876154E-04 1.272200E-04 6.560117E-05 3.099368E-05
289 1.221786E+02 5.178571E-01 2.504752E+00 1.169100E-02 1.267027E-02 1.369097E-02 1.379302E-02 2.240474E-04 1.862477E-04 1.262926E-04 6.512297E-05 3.076775E-05
290 1.226964E+02 5.178571E-01 2.504752E+00 1.160767E-02 1.257997E-02 1.359339E-02 1.369472E-02 2.224506E-04 1.849203E-04 1.253925E-04 6.465882E-05 3.054846E-05
291 1.232143E+02 5.178571E-01 2.504752E+00 1.152679E-02 1.249231E-02 1.349868E-02 1.359929E-02 2.209005E-04 1.836318E-04 1.245187E-04 6.420828E-05 3.033560E-05
292 1.237321E+02 5.178571E-01 2.504752E+00 1.144827E-02 1.240722E-02 1.340673E-02 1.350666E-02 2.193959E-04 1.823810E-04 1.236706E-04 6.377092E-05 3.012897E-05
293 1.242500E+02 5.178571E-01 2.504752E+00 1.137205E-02 1.232461E-02 1.331747E-02 1.341674E-02 2.179352E-04 1.811667E-04 1.228472E-04 6.334635E-05 2.992837E-05
294 1.247679E+02 5.178571E-01 2.504752E+00 1.129806E-02 1.224442E-02 1.323081E-02 1.332943E-02 2.165171E-04 1.799879E-04 1.220478E-04 6.293415E-05 2.973363E-05
295 1.252857E+02 5.178571E-01 2.504752E+00 1.122621E-02 1.216655E-02 1.314668E-02 1.324467E-02 2.151402E-04 1.788433E-04 1.212717E-04 6.253396E-05 2.954456E-05
296 1.258036E+02 5.178571E-01 2.504752E+00 1.115646E-02 1.209096E-02 1.306499E-02 1.316237E-02 2.138034E-04 1.777320E-04 1.205182E-04 6.214539E-05 2.936097E-05
297 1.263214E+02 5.178571E-01 2.504752E+00 1.108872E-02 1.201755E-02 1.298567E-02 1.308246E-02 2.125054E-04 1.766530E-04 1.197865E-04 6.176809E-05 2.918272E-05
298 1.268393E+02 5.178571E-01 2.504752E+00 1.102295E-02 1.194627E-02 1.290865E-02 1.300486E-02 2.112449E-04 1.756052E-04 1.190760E-04 6.140172E-05 2.900962E-05
299 1.273571E+02 5.178571E-01 2.504752E+00 1.095908E-02 1.187705E-02 1.283385E-02 1.292951E-02 2.100209E-04 1.745877E-04 1.183860E-04 6.104593E-05 2.884153E-05
300 1.278750E+02 5.178571E-01 2.504752E+00 1.089705E-02 1.180982E-02 1.276121E-02 1.285633E-02 2.088322E-04 1.735995E-04 1.177160E-04 6.070041E-05 2.867829E-05
301 1.283929E+02 5.178571E-01 2.504752E+00 1.083681E-02 1.174453E-02 1.269066E-02 1.278525E-02 2.076777E-04 1.726398E-04 1.170652E-04 6.036484E-05 2.851974E-05
302 1.289107E+02 5.178571E-01 2.504752E+00 1.077830E-02 1.168112E-02 1.262214E-02 1.271622E-02 2.065564E-04 1.717077E-04 1.164331E-04 6.003892E-05 2.836576E-05
303 1.294286E+02 5.178571E-01 2.504752E+00 1.072147E-02 1.161953E-02 1.255559E-02 1.264917E-02 2.054672E-04 1.708023E-04 1.158192E-04 5.972235E-05 2.821619E-05
304 1.299464E+02 5.178571E-01 2.504752E+00 1.066626E-02 1.155970E-02 1.249094E-02 1.258405E-02 2.044093E-04 1.699229E-04 1.152229E-04 5.941485E-05 2.807091E-05
305 1.304643E+02 5.178571E-01 2.504752E+00 1.061264E-02 1.150159E-02 1.242814E-02 1.252078E-02 2.033817E-04 1.690686E-04 1.146436E-04 5.911614E-05 2.792979E-05
306 1.309821E+02 5.178571E-01 2.504752E+00 1.056055E-02 1.144513E-02 1.236714E-02 1.245932E-02 2.023833E-04 1.682387E-04 1.140808E-04 5.882596E-05 2.779269E-05
307 1.315000E+02 5.178571E-01 2.504752E+00 1.050994E-02 1.139028E-02 1.230787E-02 1.239961E-02 2.014135E-04 1.674325E-04 1.135341E-04 5.854406E-05 2.765950E-05
308 1.320179E+02 5.178571E-01 2.504752E+00 1.046077E-02 1.133700E-02 1.225029E-02 1.234160E-02 2.004712E-04 1.666492E-04 1.130030E-04 5.827017E-05 2.753010E-05
309 1.325357E+02 5.178571E-01 2.504752E+00 1.041300E-02 1.128522E-02 1.219435E-02 1.228524E-02 1.995557E-04 1.658881E-04 1.124870E-04 5.800407E-05 2.740438E-05
310 1.330536E+02 5.178571E-01 2.504752E+00 1.036658E-02 1.123492E-02 1.213999E-02 1.223048E-02 1.986662E-04 1.651487E-04 1.119855E-04 5.774551E-05 2.728223E-05
311 1.335714E+02 5.178571E-01 2.504752E+00 1.032148E-02 1.118604E-02 1.208717E-02 1.217727E-02 1.978019E-04 1.644302E-04 1.114983E-04 5.749428E-05 2.716353E-05
312 1.340893E+02 5.178571E-01 2.504752E+00 1.027765E-02 1.113854E-02 1.203585E-02 1.212556E-02 1.969620E-04 1.637320E-04 1.110249E-04 5.725015E-05 2.704819E-05
313 1.346071E+02 5.178571E-01 2.504752E+00 1.023506E-02 1.109239E-02 1.198598E-02 1.207532E-02 1.961458E-04 1.630535E-04 1.105648E-04 5.701291E-05 2.693610E-05
314 1.351250E+02 5.178571E-01 2.504752E+00 1.019367E-02 1.104753E-02 1.193751E-02 1.202649E-02 1.953526E-04 1.623941E-04 1.101177E-04 5.678236E-05 2.682718E-05
315 1.356429E+02 5.178571E-01 2.504752E+00 1.015345E-02 1.100394E-02 1.189040E-02 1.197903E-02 1.945817E-04 1.617533E-04 1.096832E-04 5.655830E-05 2.672132E-05
316 1.361607E+02 5.178571E-01 2.504752E+00 1.011436E-02 1.096157E-02 1.184462E-02 1.193291E-02 1.938325E-04 1.611305E-04 1.092609E-04 5.634054E-05 2.661844E-05
317 1.366786E+02 5.178571E-01 2.504752E+00 1.007636E-02 1.092039E-02 1.180012E-02 1.188808E-02 1.931044E-04 1.605252E-04 1.088504E-04 5.612888E-05 2.651844E-05
318 1.371964E+02 5.178571E-01 2.504752E+00 1.003943E-02 1.088036E-02 1.175687E-02 1.184451E-02 1.923966E-04 1.599368E-04 1.084515E-04 5.592316E-05 2.642124E-05
319 1.377143E+02 5.178571E-01 2.504752E+00 1.000353E-02 1.084146E-02 1.171483E-02 1.180216E-02 1.917087E-04 1.593650E-04 1.080637E-04 5.572319E-05 2.632677E-05
320 1.382321E+02 5.178571E-01 2.504752E+00 9.968636E-03 1.080364E-02 1.167397E-02 1.176099E-02 1.910399E-04 1.588090E-04 1.076867E-04 5.552882E-05 2.623493E-05
321 1.387500E+02 5.178571E-01 2.504752E+00 9.934714E-03 1.076688E-02 1.163425E-02 1.172097E-02 1.903899E-04 1.582686E-04 1.073203E-04 5.533986E-05 2.614566E-05
322 1.392679E+02 5.178571E-01 2.504752E+00 9.901738E-03 1.073114E-02 1.159563E-02 1.168206E-02 1.897579E-04 1.577433E-04 1.069640E-04 5.515617E-05 2.605888E-05
323 1.397857E+02 5.178571E-01 2.504752E+00 9.869680E-03 1.069640E-02 1.155809E-02 1.164424E-02 1.891435E-04 1.572326E-04 1.066177E-04 5.497760E-05 2.597451E-05
324 1.403036E+02 5.178571E-01 2.504752E+00 9.838512E-03 1.066262E-02 1.152159E-02 1.160747E-02 1.885462E-04 1.567361E-04 1.062810E-04 5.480398E-05 2.589248E-05
325 1.408214E+02 5.178571E-01 2.504752E+00 9.808210E-03 1.062978E-02 1.148610E-02 1.157172E-02 1.879655E-04 1.562533E-04 1.059537E-04 5.463519E-05 2.581273E-05
326 1.413393E+02 5.178571E-01 2.504752E+00 9.778748E-03 1.059785E-02 1.145160E-02 1.153696E-02 1.874009E-04 1.557840E-04 1.056354E-04 5.447107E-05 2.573520E-05
327 1.418571E+02 5.178571E-01 2.504752E+00 9.750101E-03 1.056680E-02 1.141805E-02 1.150316E-02 1.868519E-04 1.553276E-04 1.053260E-04 5.431150E-05 2.565981E-05
328 1.423750E+02 5.178571E-01 2.504752E+00 9.722247E-03 1.053661E-02 1.138543E-02 1.147030E-02 1.863181E-04 1.548839E-04 1.050251E-04 5.415635E-05 2.558650E-05
329 1.428929E+02 5.178571E-01 2.504752E+00 9.695162E-03 1.050726E-02 1.135371E-02 1.143834E-02 1.857991E-04 1.544524E-04 1.047325E-04 5.400547E-05 2.551522E-05
330 1.434107E+02 5.178571E-01 2.504752E+00 9.668825E-03 1.047872E-02 1.132287E-02 1.140727E-02 1.852943E-04 1.540328E-04 1.044480E-04 5.385876E-05 2.544591E-05
331 1.439286E+02 5.178571E-01 2.504752E+00 9.643213E-03 1.045096E-02 1.129288E-02 1.137705E-02 1.848035E-04 1.536248E-04 1.041713E-04 5.371610E-05 2.537850E-05
332 1.444464E+02 5.178571E-01 2.504752E+00 9.618306E-03 1.042397E-02 1.126371E-02 1.134767E-02 1.843262E-04 1.532280E-04 1.039023E-04 5.357736E-05 2.531295E-05
333 1.449643E+02 5.178571E-01 2.504752E+00 9.594084E-03 1.039772E-02 1.123534E-02 1.131909E-02 1.838620E-04 1.528421E-04 1.036406E-04 5.344243E-05 2.524921E-05
334 1.454821E+02 5.178571E-01 2.504752E+00 9.570528E-03 1.037219E-02 1.120776E-02 1.129130E-02 1.834105E-04 1.524668E-04 1.033861E-04 5.331121E-05 2.518721E-05
335 1.460000E+02 5.178571E-01 2.504752E+00 9.547617E-03 1.034736E-02 1.118093E-02 1.126427E-02 1.829715E-04 1.521019E-04 1.031386E-04 5.318359E-05 2.512692E-05
336 1.465179E+02 5.178571E-01 2.504752E+00 9.525335E-03 1.032321E-02 1.115483E-02 1.123798E-02 1.825445E-04 1.517469E-04 1.028979E-04 5.305947E-05 2.506828E-05
337 1.470357E+02 5.178571E-01 2.504752E+00 9.503663E-03 1.029972E-02 1.112945E-02 1.121241E-02 1.821291E-04 1.514016E-04 1.026638E-04 5.293875E-05 2.501124E-05
338 1.475536E+02 5.178571E-01 2.504752E+00 9.482583E-03 1.027687E-02 1.110477E-02 1.118754E-02 1.817252E-04 1.510658E-04 1.024361E-04 5.282133E-05 2.495576E-05
339 1.480714E+02 5.178571E-01 2.504752E+00 9.462080E-03 1.025465E-02 1.108076E-02 1.116335E-02 1.813322E-04 1.507392E-04 1.022146E-04 5.270712E-05 2.490180E-05
340 1.485893E+02 5.178571E-01 2.504752E+00 9.442136E-03 1.023304E-02 1.105740E-02 1.113982E-02 1.809500E-04 1.504214E-04 1.019992E-04 5.259603E-05 2.484932E-05
341 1.491071E+02 5.178571E-01 2.504752E+00 9.422736E-03 1.021201E-02 1.103468E-02 1.111693E-02 1.805782E-04 1.501124E-04 1.017896E-04 5.248796E-05 2.479826E-05
342 1.496250E+02 5.178571E-01 2.504752E+00 9.403865E-03 1.019156E-02 1.101258E-02 1.109467E-02 1.802166E-04 1.498118E-04 1.015857E-04 5.238284E-05 2.474860E-05
343 1.501429E+02 5.178571E-01 2.504752E+00 9.385507E-03 1.017167E-02 1.099109E-02 1.107301E-02 1.798648E-04 1.495193E-04 1.013874E-04 5.228059E-05 2.470029E-05
344 1.506607E+02 5.178571E-01 2.504752E+00 9.367649E-03 1.015231E-02 1.097017E-02 1.105194E-02 1.795226E-04 1.492348E-04 1.011945E-04 5.218111E-05 2.465329E-05
345 1.511786E+02 5.178571E-01 2.504752E+00 9.350276E-03 1.013349E-02 1.094983E-02 1.103145E-02 1.791896E-04 1.489580E-04 1.010069E-04 5.208434E-05 2.460757E-05
346 1.516964E+02 5.178571E-01 2.504752E+00 9.333375E-03 1.011517E-02 1.093004E-02 1.101151E-02 1.788657E-04 1.486888E-04 1.008243E-04 5.199019E-05 2.456309E-05
347 1.522143E+02 5.178571E-01 2.504752E+00 9.316933E-03 1.009735E-02 1.091078E-02 1.099211E-02 1.785506E-04 1.484269E-04 1.006467E-04 5.189860E-05 2.451982E-05
348 1.527321E+02 5.178571E-01 2.504752E+00 9.300936E-03 1.008001E-02 1.089205E-02 1.097323E-02 1.782441E-04 1.481720E-04 1.004738E-04 5.180949E-05 2.447772E-05
349 1.532500E+02 5.178571E-01 2.504752E+00 9.285373E-03 1.006315E-02 1.087382E-02 1.095487E-02 1.779458E-04 1.479241E-04 1.003057E-04 5.172280E-05 2.443676E-05
350 1.537679E+02 5.178571E-01 2.504752E+00 9.270230E-03 1.004673E-02 1.085609E-02 1.093701E-02 1.776556E-04 1.476828E-04 1.001421E-04 5.163845E-05 2.439691E-05
351 1.542857E+02 5.178571E-01 2.504752E+00 9.255498E-03 1.003077E-02 1.083884E-02 1.091963E-02 1.773733E-04 1.474481E-04 9.998300E-05 5.155639E-05 2.435813E-05
352 1.548036E+02 5.178571E-01 2.504752E+00 9.241163E-03 1.001523E-02 1.082205E-02 1.090271E-02 1.770986E-04 1.472198E-04 9.982815E-05 5.147654E-05 2.432041E-05
353 1.553214E+02 5.178571E-01 2.504752E+00 9.227216E-03 1.000012E-02 1.080571E-02 1.088626E-02 1.768313E-04 1.469976E-04 9.967748E-05 5.139885E-05 2.428370E-05
354 1.558393E+02 5.178571E-01 2.504752E+00 9.213645E-03 9.985409E-03 1.078982E-02 1.087025E-02 1.765712E-04 1.467814E-04 9.953088E-05 5.132325E-05 2.424799E-05
355 1.563571E+02 5.178571E-01 2.504752E+00 9.200440E-03 9.971098E-03 1.077436E-02 1.085467E-02 1.763181E-04 1.465710E-04 9.938823E-05 5.124969E-05 2.421324E-05
356 1.568750E+02 5.178571E-01 2.504752E+00 9.187591E-03 9.957173E-03 1.075931E-02 1.083951E-02 1.760719E-04 1.463663E-04 9.924943E-05 5.117812E-05 2.417942E-05
357 1.573929E+02 5.178571E-01 2.504752E+00 9.175088E-03 9.943622E-03 1.074467E-02 1.082476E-02 1.758323E-04 1.461671E-04 9.911436E-05 5.110847E-05 2.414651E-05
358 1.579107E+02 5.178571E-01 2.504752E+00 9.162921E-03 9.930436E-03 1.073042E-02 1.081040E-02 1.755991E-04 1.459733E-04 9.898293E-05 5.104070E-05 2.411450E-05
359 1.584286E+02 5.178571E-01 2.504752E+00 9.151082E-03 9.917605E-03 1.071656E-02 1.079644E-02 1.753722E-04 1.457847E-04 9.885504E-05 5.097475E-05 2.408334E-05
360 1.589464E+02 5.178571E-01 2.504752E+00 9.139561E-03 9.905119E-03 1.070306E-02 1.078284E-02 1.751514E-04 1.456012E-04 9.873058E-05 5.091058E-05 2.405302E-05
361 1.594643E+02 5.178571E-01 2.504752E+00 9.128349E-03 9.892969E-03 1.068994E-02 1.076962E-02 1.749366E-04 1.454225E-04 9.860947E-05 5.084812E-05 2.402351E-05
362 1.599821E+02 5.178571E-01 2.504752E+00 9.117439E-03 9.881144E-03 1.067716E-02 1.075674E-02 1.747275E-04 1.452487E-04 9.849161E-05 5.078735E-05 2.399480E-05
363 1.605000E+02 5.178571E-01 2.504752E+00 9.106821E-03 9.869637E-03 1.066472E-02 1.074422E-02 1.745240E-04 1.450796E-04 9.837691E-05 5.072820E-05 2.396685E-05
364 1.610179E+02 5.178571E-01 2.504752E+00 9.096488E-03 9.858439E-03 1.065262E-02 1.073203E-02 1.743260E-04 1.449150E-04 9.826529E-05 5.067064E-05 2.393966E-05
365 1.615357E+02 5.178571E-01 2.504752E+00 9.086432E-03 9.847540E-03 1.064085E-02 1.072016E-02 1.741333E-04 1.447548E-04 9.815665E-05 5.061463E-05 2.391319E-05
366 1.620536E+02 5.178571E-01 2.504752E+00 9.076645E-03 9.836934E-03 1.062939E-02 1.070862E-02 1.739457E-04 1.445989E-04 9.805093E-05 5.056011E-05 2.388744E-05
367 1.625714E+02 5.178571E-01 2.504752E+00 9.067120E-03 9.826611E-03 1.061823E-02 1.069738E-02 1.737632E-04 1.444471E-04 9.794804E-05 5.050706E-05 2.386237E-05
368 1.630893E+02 5.178571E-01 2.504752E+00 9.057851E-03 9.816565E-03 1.060738E-02 1.068644E-02 1.735855E-04 1.442994E-04 9.784791E-05 5.045542E-05 2.383798E-05
369 1.636071E+02 5.178571E-01 2.504752E+00 9.048829E-03 9.806788E-03 1.059681E-02 1.067580E-02 1.734127E-04 1.441557E-04 9.775045E-05 5.040517E-05 2.381423E-05
370 1.641250E+02 5.178571E-01 2.504752E+00 9.040048E-03 9.797272E-03 1.058653E-02 1.066544E-02 1.732444E-04 1.440158E-04 9.765560E-05 5.035626E-05 2.379113E-05
371 1.646429E+02 5.178571E-01 2.504752E+00 9.031502E-03 9.788010E-03 1.057652E-02 1.065536E-02 1.730806E-04 1.438797E-04 9.756328E-05 5.030865E-05 2.376863E-05
372 1.651607E+02 5.178571E-01 2.504752E+00 9.023185E-03 9.778995E-03 1.056678E-02 1.064554E-02 1.729212E-04 1.437472E-04 9.747343E-05 5.026232E-05 2.374674E-05
373 1.656786E+02 5.178571E-01 2.504752E+00 9.015089E-03 9.770222E-03 1.055730E-02 1.063599E-02 1.727661E-04 1.436182E-04 9.738597E-05 5.021722E-05 2.372544E-05
374 1.661964E+02 5.178571E-01 2.504752E+00 9.007210E-03 9.761682E-03 1.054807E-02 1.062670E-02 1.726151E-04 1.434927E-04 9.730085E-05 5.017333E-05 2.370470E-05
375 1.667143E+02 5.178571E-01 2.504752E+00 8.999540E-03 9.753370E-03 1.053909E-02 1.061765E-02 1.724681E-04 1.433705E-04 9.721800E-05 5.013061E-05 2.368452E-05
376 1.672321E+02 5.178571E-01 2.504752E+00 8.992075E-03 9.745280E-03 1.053035E-02 1.060884E-02 1.723250E-04 1.432516E-04 9.713736E-05 5.008903E-05 2.366487E-05
377 1.677500E+02 5.178571E-01 2.504752E+00 8.984809E-03 9.737405E-03 1.052184E-02 1.060027E-02 1.721858E-04 1.431358E-04 9.705887E-05 5.004856E-05 2.364575E-05
378 1.682679E+02 5.178571E-01 2.504752E+00 8.977737E-03 9.729741E-03 1.051356E-02 1.059192E-02 1.720502E-04 1.430232E-04 9.698247E-05 5.000916E-05 2.362714E-05
379 1.687857E+02 5.178571E-01 2.504752E+00 8.970853E-03 9.722280E-03 1.050550E-02 1.058380E-02 1.719183E-04 1.429135E-04 9.690811E-05 4.997081E-05 2.360902E-05
380 1.693036E+02 5.178571E-01 2.504752E+00 8.964152E-03 9.715018E-03 1.049765E-02 1.057590E-02 1.717899E-04 1.428067E-04 9.683572E-05 4.993349E-05 2.359139E-05
381 1.698214E+02 5.178571E-01 2.504752E+00 8.957630E-03 9.707949E-03 1.049001E-02 1.056820E-02 1.716649E-04 1.427028E-04 9.676526E-05 4.989715E-05 2.357422E-05
382 1.703393E+02 5.178571E-01 2.504752E+00 8.951281E-03 9.701068E-03 1.048258E-02 1.056071E-02 1.715432E-04 1.426017E-04 9.669668E-05 4.986179E-05 2.355751E-05
383 1.708571E+02 5.178571E-01 2.504752E+00 8.945100E-03 9.694371E-03 1.047534E-02 1.055342E-02 1.714248E-04 1.425032E-04 9.662992E-05 4.982736E-05 2.354125E-05
384 1.713750E+02 5.178571E-01 2.504752E+00 8.939085E-03 9.687851E-03 1.046829E-02 1.054632E-02 1.713095E-04 1.424074E-04 9.656493E-05 4.979385E-05 2.352541E-05
385 1.718929E+02 5.178571E-01 2.504752E+00 8.933229E-03 9.681504E-03 1.046144E-02 1.053941E-02 1.711973E-04 1.423141E-04 9.650167E-05 4.976123E-05 2.351000E-05
386 1.724107E+02 5.178571E-01 2.504752E+00 8.927528E-03 9.675326E-03 1.045476E-02 1.053269E-02 1.710880E-04 1.422233E-04 9.644009E-05 4.972948E-05 2.349500E-05
387 1.729286E+02 5.178571E-01 2.504752E+00 8.921979E-03 9.669312E-03 1.044826E-02 1.052614E-02 1.709817E-04 1.421349E-04 9.638015E-05 4.969857E-05 2.348040E-05
388 1.734464E+02 5.178571E-01 2.504752E+00 8.916577E-03 9.663458E-03 1.044194E-02 1.051977E-02 1.708782E-04 1.420488E-04 9.632179E-05 4.966848E-05 2.346618E-05
389 1.739643E+02 5.178571E-01 2.504752E+00 8.911319E-03 9.657759E-03 1.043578E-02 1.051356E-02 1.707774E-04 1.419651E-04 9.626499E-05 4.963919E-05 2.345234E-05
390 1.744821E+02 5.178571E-01 2.504752E+00 8.906200E-03 9.652212E-03 1.042978E-02 1.050753E-02 1.706793E-04 1.418835E-04 9.620969E-05 4.961067E-05 2.343887E-05
391 1.750000E+02 5.178571E-01 2.504752E+00 8.901217E-03 9.646811E-03 1.042395E-02 1.050165E-02 1.705838E-04 1.418041E-04 9.615586E-05 4.958292E-05 2.342576E-05
392 1.755179E+02 5.178571E-01 2.504752E+00 8.896366E-03 9.641554E-03 1.041827E-02 1.049592E-02 1.704908E-04 1.417269E-04 9.610346E-05 4.955590E-05 2.341299E-05
393 1.760357E+02 5.178571E-01 2.504752E+00 8.891644E-03 9.636436E-03 1.041274E-02 1.049035E-02 1.704003E-04 1.416516E-04 9.605245E-05 4.952959E-05 2.340056E-05
394 1.765536E+02 5.178571E-01 2.504752E+00 8.887046E-03 9.631454E-03 1.040735E-02 1.048493E-02 1.703122E-04 1.415784E-04 9.600278E-05 4.950398E-05 2.338846E-05
395 1.770714E+02 5.178571E-01 2.504752E+00 8.882571E-03 9.626603E-03 1.040211E-02 1.047965E-02 1.702265E-04 1.415071E-04 9.595444E-05 4.947905E-05 2.337668E-05
396 1.775893E+02 5.178571E-01 2.504752E+00 8.878214E-03 9.621882E-03 1.039701E-02 1.047451E-02 1.701430E-04 1.414377E-04 9.590737E-05 4.945478E-05 2.336522E-05
397 1.781071E+02 5.178571E-01 2.504752E+00 8.873973E-03 9.617285E-03 1.039204E-02 1.046950E-02 1.700617E-04 1.413701E-04 9.586155E-05 4.943116E-05 2.335406E-05
398 1.786250E+02 5.178571E-01 2.504752E+00 8.869843E-03 9.612810E-03 1.038721E-02 1.046463E-02 1.699826E-04 1.413043E-04 9.581695E-05 4.940815E-05 2.334319E-05
399 1.791429E+02 5.178571E-01 2.504752E+00 8.865823E-03 9.608453E-03 1.038250E-02 1.045989E-02 1.699055E-04 1.412403E-04 9.577352E-05 4.938576E-05 2.333261E-05
400 1.796607E+02 5.178571E-01 2.504752E+00 8.861910E-03 9.604212E-03 1.037792E-02 1.045527E-02 1.698305E-04 1.411779E-04 9.573125E-05 4.936396E-05 2.332231E-05
401 1.801786E+02 5.178571E-01 2.504752E+00 8.858100E-03 9.600083E-03 1.037345E-02 1.045078E-02 1.697575E-04 1.411172E-04 9.569009E-05 4.934274E-05 2.331228E-05
402 1.806964E+02 5.178571E-01 2.504752E+00 8.854391E-03 9.596063E-03 1.036911E-02 1.044640E-02 1.696864E-04 1.410582E-04 9.565002E-05 4.932208E-05 2.330252E-05
403 1.812143E+02 5.178571E-01 2.504752E+00 8.850780E-03 9.592149E-03 1.036488E-02 1.044214E-02 1.696172E-04 1.410006E-04 9.561101E-05 4.930196E-05 2.329302E-05
404 1.817321E+02 5.178571E-01 2.504752E+00 8.847264E-03 9.588339E-03 1.036076E-02 1.043799E-02 1.695498E-04 1.409446E-04 9.557303E-05 4.928238E-05 2.328377E-05
405 1.822500E+02 5.178571E-01 2.504752E+00 8.843841E-03 9.584630E-03 1.035676E-02 1.043395E-02 1.694842E-04 1.408901E-04 9.553606E-05 4.926331E-05 2.327476E-05
406 1.827679E+02 5.178571E-01 2.504752E+00 8.840509E-03 9.581018E-03 1.035285E-02 1.043002E-02 1.694204E-04 1.408370E-04 9.550006E-05 4.924475E-05 2.326599E-05
407 1.832857E+02 5.178571E-01 2.504752E+00 8.837265E-03 9.577502E-03 1.034906E-02 1.042620E-02 1.693582E-04 1.407853E-04 9.546501E-05 4.922668E-05 2.325745E-05
408 1.838036E+02 5.178571E-01 2.504752E+00 8.834106E-03 9.574079E-03 1.034536E-02 1.042247E-02 1.692977E-04 1.407350E-04 9.543089E-05 4.920909E-05 2.324914E-05
409 1.843214E+02 5.178571E-01 2.504752E+00 8.831031E-03 9.570746E-03 1.034176E-02 1.041884E-02 1.692388E-04 1.406860E-04 9.539768E-05 4.919196E-05 2.324104E-05
410 1.848393E+02 5.178571E-01 2.504752E+00 8.828037E-03 9.567502E-03 1.033825E-02 1.041531E-02 1.691814E-04 1.406383E-04 9.536533E-05 4.917528E-05 2.323317E-05
411 1.853571E+02 5.178571E-01 2.504752E+00 8.825122E-03 9.564343E-03 1.033484E-02 1.041187E-02 1.691255E-04 1.405919E-04 9.533385E-05 4.915904E-05 2.322549E-05
412 1.858750E+02 5.178571E-01 2.504752E+00 8.822285E-03 9.561267E-03 1.033151E-02 1.040852E-02 1.690711E-04 1.405467E-04 9.530319E-05 4.914324E-05 2.321803E-05
413 1.863929E+02 5.178571E-01 2.504752E+00 8.819522E-03 9.558273E-03 1.032828E-02 1.040526E-02 1.690182E-04 1.405027E-04 9.527334E-05 4.912784E-05 2.321075E-05
414 1.869107E+02 5.178571E-01 2.504752E+00 8.816832E-03 9.555357E-03 1.032513E-02 1.040209E-02 1.689666E-04 1.404598E-04 9.524428E-05 4.911286E-05 2.320368E-05
415 1.874286E+02 5.178571E-01 2.504752E+00 8.814213E-03 9.552519E-03 1.032206E-02 1.039900E-02 1.689164E-04 1.404181E-04 9.521599E-05 4.909827E-05 2.319678E-05
416 1.879464E+02 5.178571E-01 2.504752E+00 8.811663E-03 9.549755E-03 1.031907E-02 1.039599E-02 1.688676E-04 1.403775E-04 9.518845E-05 4.908407E-05 2.319007E-05
417 1.884643E+02 5.178571E-01 2.504752E+00 8.809180E-03 9.547065E-03 1.031617E-02 1.039306E-02 1.688200E-04 1.403379E-04 9.516163E-05 4.907024E-05 2.318354E-05
418 1.889821E+02 5.178571E-01 2.504752E+00 8.806763E-03 9.544445E-03 1.031333E-02 1.039021E-02 1.687737E-04 1.402994E-04 9.513551E-05 4.905677E-05 2.317718E-05
419 1.895000E+02 5.178571E-01 2.504752E+00 8.804409E-03 9.541895E-03 1.031058E-02 1.038743E-02 1.687286E-04 1.402619E-04 9.511009E-05 4.904366E-05 2.317098E-05
420 1.900179E+02 5.178571E-01 2.504752E+00 8.802118E-03 9.539411E-03 1.030790E-02 1.038473E-02 1.686847E-04 1.402254E-04 9.508534E-05 4.903090E-05 2.316495E-05
421 1.905357E+02 5.178571E-01 2.504752E+00 8.799887E-03 9.536993E-03 1.030528E-02 1.038210E-02 1.686419E-04 1.401899E-04 9.506124E-05 4.901847E-05 2.315908E-05
422 1.910536E+02 5.178571E-01 2.504752E+00 8.797715E-03 9.534639E-03 1.030274E-02 1.037953E-02 1.686003E-04 1.401553E-04 9.503777E-05 4.900637E-05 2.315336E-05
423 1.915714E+02 5.178571E-01 2.504752E+00 8.795600E-03 9.532347E-03 1.030026E-02 1.037704E-02 1.685597E-04 1.401216E-04 9.501493E-05 4.899459E-05 2.314780E-05
424 1.920893E+02 5.178571E-01 2.504752E+00 8.793540E-03 9.530115E-03 1.029785E-02 1.037461E-02 1.685203E-04 1.400888E-04 9.499268E-05 4.898312E-05 2.314238E-05
425 1.926071E+02 5.178571E-01 2.504752E+00 8.791535E-03 9.527942E-03 1.029550E-02 1.037224E-02 1.684819E-04 1.400568E-04 9.497102E-05 4.897195E-05 2.313710E-05
426 1.931250E+02 5.178571E-01 2.504752E+00 8.789583E-03 9.525827E-03 1.029322E-02 1.036994E-02 1.684444E-04 1.400257E-04 9.494993E-05 4.896108E-05 2.313196E-05
427 1.936429E+02 5.178571E-01 2.504752E+00 8.787683E-03 9.523767E-03 1.029099E-02 1.036770E-02 1.684080E-04 1.399954E-04 9.492940E-05 4.895049E-05 2.312696E-05
428 1.941607E+02 5.178571E-01 2.504752E+00 8.785832E-03 9.521761E-03 1.028882E-02 1.036552E-02 1.683726E-04 1.399660E-04 9.490941E-05 4.894018E-05 2.312209E-05
429 1.946786E+02 5.178571E-01 2.504752E+00 8.784030E-03 9.519808E-03 1.028671E-02 1.036339E-02 1.683380E-04 1.399372E-04 9.488995E-05 4.893014E-05 2.311735E-05
430 1.951964E+02 5.178571E-01 2.504752E+00 8.782276E-03 9.517907E-03 1.028466E-02 1.036132E-02 1.683044E-04 1.399093E-04 9.487099E-05 4.892037E-05 2.311273E-05
431 1.957143E+02 5.178571E-01 2.504752E+00 8.780567E-03 9.516056E-03 1.028266E-02 1.035930E-02 1.682717E-04 1.398821E-04 9.485254E-05 4.891086E-05 2.310824E-05
432 1.962321E+02 5.178571E-01 2.504752E+00 8.778904E-03 9.514253E-03 1.028071E-02 1.035734E-02 1.682398E-04 1.398556E-04 9.483457E-05 4.890159E-05 2.310386E-05
433 1.967500E+02 5.178571E-01 2.504752E+00 8.777285E-03 9.512498E-03 1.027881E-02 1.035543E-02 1.682088E-04 1.398298E-04 9.481708E-05 4.889257E-05 2.309960E-05
434 1.972679E+02 5.178571E-01 2.504752E+00 8.775708E-03 9.510789E-03 1.027697E-02 1.035357E-02 1.681785E-04 1.398047E-04 9.480004E-05 4.888379E-05 2.309545E-05
435 1.977857E+02 5.178571E-01 2.504752E+00 8.774173E-03 9.509125E-03 1.027517E-02 1.035176E-02 1.681491E-04 1.397802E-04 9.478346E-05 4.887523E-05 2.309141E-05
436 1.983036E+02 5.178571E-01 2.504752E+00 8.772678E-03 9.507505E-03 1.027342E-02 1.035000E-02 1.681205E-04 1.397564E-04 9.476731E-05 4.886691E-05 2.308747E-05
437 1.988214E+02 5.178571E-01 2.504752E+00 8.771222E-03 9.505928E-03 1.027171E-02 1.034828E-02 1.680926E-04 1.397332E-04 9.475159E-05 4.885880E-05 2.308364E-05
438 1.993393E+02 5.178571E-01 2.504752E+00 8.769805E-03 9.504392E-03 1.027005E-02 1.034661E-02 1.680654E-04 1.397106E-04 9.473628E-05 4.885091E-05 2.307991E-05
439 1.998571E+02 5.178571E-01 2.504752E+00 8.768425E-03 9.502896E-03 1.026844E-02 1.034498E-02 1.680390E-04 1.396886E-04 9.472137E-05 4.884322E-05 2.307628E-05
440 2.003750E+02 5.178571E-01 2.504752E+00 8.767081E-03 9.501440E-03 1.026687E-02 1.034339E-02 1.680132E-04 1.396672E-04 9.470685E-05 4.883573E-05 2.307274E-05
441 2.008929E+02 5.178571E-01 2.504752E+00 8.765773E-03 9.500022E-03 1.026533E-02 1.034185E-02 1.679881E-04 1.396464E-04 9.469272E-05 4.882845E-05 2.306930E-05
442 2.014107E+02 5.178571E-01 2.504752E+00 8.764499E-03 9.498641E-03 1.026384E-02 1.034035E-02 1.679637E-04 1.396261E-04 9.467896E-05 4.882135E-05 2.306595E-05
443 2.019286E+02 5.178571E-01 2.504752E+00 8.763259E-03 9.497297E-03 1.026239E-02 1.033888E-02 1.679400E-04 1.396063E-04 9.466556E-05 4.881444E-05 2.306268E-05
444 2.024464E+02 5.178571E-01 2.504752E+00 8.762051E-03 9.495988E-03 1.026097E-02 1.033746E-02 1.679168E-04 1.395871E-04 9.465251E-05 4.880771E-05 2.305951E-05
445 2.029643E+02 5.178571E-01 2.504752E+00 8.760875E-03 9.494714E-03 1.025960E-02 1.033607E-02 1.678943E-04 1.395684E-04 9.463981E-05 4.880116E-05 2.305641E-05
446 2.034821E+02 5.178571E-01 2.504752E+00 8.759730E-03 9.493473E-03 1.025826E-02 1.033472E-02 1.678723E-04 1.395501E-04 9.462744E-05 4.879478E-05 2.305340E-05
447 2.040000E+02 5.178571E-01 2.504752E+00 8.758615E-03 9.492264E-03 1.025695E-02 1.033340E-02 1.678510E-04 1.395324E-04 9.461540E-05 4.878857E-05 2.305046E-05
448 2.045179E+02 5.178571E-01 2.504752E+00 8.757529E-03 9.491088E-03 1.025568E-02 1.033212E-02 1.678302E-04 1.395151E-04 9.460367E-05 4.878253E-05 2.304761E-05
449 2.050357E+02 5.178571E-01 2.504752E+00 8.756472E-03 9.489942E-03 1.025444E-02 1.033088E-02 1.678099E-04 1.394982E-04 9.459225E-05 4.877664E-05 2.304482E-05
450 2.055536E+02 5.178571E-01 2.504752E+00 8.755443E-03 9.488827E-03 1.025324E-02 1.032966E-02 1.677902E-04 1.394818E-04 9.458113E-05 4.877090E-05 2.304212E-05
451 2.060714E+02 5.178571E-01 2.504752E+00 8.754441E-03 9.487741E-03 1.025206E-02 1.032848E-02 1.677710E-04 1.394659E-04 9.457030E-05 4.876532E-05 2.303948E-05
452 2.065893E+02 5.178571E-01 2.504752E+00 8.753465E-03 9.486683E-03 1.025092E-02 1.032733E-02 1.677523E-04 1.394503E-04 9.455976E-05 4.875988E-05 2.303691E-05
453 2.071071E+02 5.178571E-01 2.504752E+00 8.752515E-03 9.485653E-03 1.024981E-02 1.032621E-02 1.677341E-04 1.394352E-04 9.454950E-05 4.875459E-05 2.303441E-05
454 2.076250E+02 5.178571E-01 2.504752E+00 8.751589E-03 9.484650E-03 1.024872E-02 1.032512E-02 1.677163E-04 1.394204E-04 9.453950E-05 4.874944E-05 2.303197E-05
455 2.081429E+02 5.178571E-01 2.504752E+00 8.750688E-03 9.483674E-03 1.024767E-02 1.032405E-02 1.676991E-04 1.394061E-04 9.452977E-05 4.874442E-05 2.302960E-05
456 2.086607E+02 5.178571E-01 2.504752E+00 8.749811E-03 9.482723E-03 1.024664E-02 1.032302E-02 1.676822E-04 1.393921E-04 9.452029E-05 4.873953E-05 2.302729E-05
457 2.091786E+02 5.178571E-01 2.504752E+00 8.748957E-03 9.481797E-03 1.024564E-02 1.032201E-02 1.676659E-04 1.393785E-04 9.451107E-05 4.873477E-05 2.302505E-05
458 2.096964E+02 5.178571E-01 2.504752E+00 8.748125E-03 9.480896E-03 1.024467E-02 1.032103E-02 1.676499E-04 1.393652E-04 9.450208E-05 4.873014E-05 2.302286E-05
459 2.102143E+02 5.178571E-01 2.504752E+00 8.747315E-03 9.480018E-03 1.024372E-02 1.032007E-02 1.676344E-04 1.393523E-04 9.449333E-05 4.872563E-05 2.302073E-05
460 2.107321E+02 5.178571E-01 2.504752E+00 8.746527E-03 9.479164E-03 1.024279E-02 1.031914E-02 1.676193E-04 1.393398E-04 9.448481E-05 4.872124E-05 2.301865E-05
461 2.112500E+02 5.178571E-01 2.504752E+00 8.745759E-03 9.478331E-03 1.024190E-02 1.031824E-02 1.676046E-04 1.393276E-04 9.447652E-05 4.871696E-05 2.301663E-05
462 2.117679E+02 5.178571E-01 2.504752E+00 8.745011E-03 9.477521E-03 1.024102E-02 1.031735E-02 1.675903E-04 1.393156E-04 9.446844E-05 4.871279E-05 2.301466E-05
463 2.122857E+02 5.178571E-01 2.504752E+00 8.744283E-03 9.476732E-03 1.024017E-02 1.031650E-02 1.675763E-04 1.393040E-04 9.446058E-05 4.870874E-05 2.301275E-05
464 2.128036E+02 5.178571E-01 2.504752E+00 8.743574E-03 9.475964E-03 1.023934E-02 1.031566E-02 1.675627E-04 1.392927E-04 9.445292E-05 4.870479E-05 2.301088E-05
465 2.133214E+02 5.178571E-01 2.504752E+00 8.742884E-03 9.475216E-03 1.023853E-02 1.031485E-02 1.675495E-04 1.392817E-04 9.444546E-05 4.870095E-05 2.300906E-05
466 2.138393E+02 5.178571E-01 2.504752E+00 8.742212E-03 9.474487E-03 1.023774E-02 1.031405E-02 1.675366E-04 1.392710E-04 9.443820E-05 4.869720E-05 2.300729E-05
467 2.143571E+02 5.178571E-01 2.504752E+00 8.741557E-03 9.473778E-03 1.023697E-02 1.031328E-02 1.675241E-04 1.392606E-04 9.443113E-05 4.869355E-05 2.300557E-05
468 2.148750E+02 5.178571E-01 2.504752E+00 8.740920E-03 9.473087E-03 1.023623E-02 1.031253E-02 1.675119E-04 1.392505E-04 9.442424E-05 4.869000E-05 2.300389E-05
469 2.153929E+02 5.178571E-01 2.504752E+00 8.740299E-03 9.472414E-03 1.023550E-02 1.031180E-02 1.675000E-04 1.392406E-04 9.441754E-05 4.868655E-05 2.300226E-05
470 2.159107E+02 5.178571E-01 2.504752E+00 8.739695E-03 9.471760E-03 1.023479E-02 1.031108E-02 1.674884E-04 1.392309E-04 9.441101E-05 4.868318E-05 2.300067E-05
471 2.164286E+02 5.178571E-01 2.504752E+00 8.739106E-03 9.471122E-03 1.023410E-02 1.031039E-02 1.674771E-04 1.392216E-04 9.440466E-05 4.867990E-05 2.299912E-05
472 2.169464E+02 5.178571E-01 2.504752E+00 8.738534E-03 9.470501E-03 1.023343E-02 1.030971E-02 1.674661E-04 1.392124E-04 9.439847E-05 4.867671E-05 2.299761E-05
473 2.174643E+02 5.178571E-01 2.504752E+00 8.737976E-03 9.469896E-03 1.023278E-02 1.030905E-02 1.674554E-04 1.392036E-04 9.439244E-05 4.867360E-05 2.299615E-05
474 2.179821E+02 5.178571E-01 2.504752E+00 8.737432E-03 9.469308E-03 1.023214E-02 1.030841E-02 1.674450E-04 1.391949E-04 9.438657E-05 4.867058E-05 2.299472E-05
475 2.185000E+02 5.178571E-01 2.504752E+00 8.736903E-03 9.468734E-03 1.023152E-02 1.030779E-02 1.674349E-04 1.391865E-04 9.438086E-05 4.866763E-05 2.299332E-05
476 2.190179E+02 5.178571E-01 2.504752E+00 8.736388E-03 9.468176E-03 1.023092E-02 1.030718E-02 1.674250E-04 1.391783E-04 9.437529E-05 4.866476E-05 2.299197E-05
477 2.195357E+02 5.178571E-01 2.504752E+00 8.735887E-03 9.467632E-03 1.023033E-02 1.030659E-02 1.674154E-04 1.391703E-04 9.436987E-05 4.866197E-05 2.299065E-05
478 2.200536E+02 5.178571E-01 2.504752E+00 8.735398E-03 9.467103E-03 1.022976E-02 1.030601E-02 1.674060E-04 1.391625E-04 9.436460E-05 4.865925E-05 2.298936E-05
479 2.205714E+02 5.178571E-01 2.504752E+00 8.734923E-03 9.466588E-03 1.022921E-02 1.030545E-02 1.673969E-04 1.391549E-04 9.435946E-05 4.865660E-05 2.298811E-05
480 2.210893E+02 5.178571E-01 2.504752E+00 8.734460E-03 9.466086E-03 1.022866E-02 1.030491E-02 1.673881E-04 1.391475E-04 9.435446E-05 4.865402E-05 2.298689E-05
481 2.216071E+02 5.178571E-01 2.504752E+00 8.734009E-03 9.465597E-03 1.022814E-02 1.030437E-02 1.673794E-04 1.391404E-04 9.434959E-05 4.865151E-05 2.298571E-05
482 2.221250E+02 5.178571E-01 2.504752E+00 8.733570E-03 9.465121E-03 1.022762E-02 1.030386E-02 1.673710E-04 1.391334E-04 9.434484E-05 4.864906E-05 2.298455E-05
483 2.226429E+02 5.178571E-01 2.504752E+00 8.733142E-03 9.464658E-03 1.022712E-02 1.030335E-02 1.673628E-04 1.391266E-04 9.434022E-05 4.864668E-05 2.298343E-05
484 2.231607E+02 5.178571E-01 2.504752E+00 8.732726E-03 9.464207E-03 1.022663E-02 1.030286E-02 1.673548E-04 1.391199E-04 9.433573E-05 4.864436E-05 2.298233E-05
485 2.236786E+02 5.178571E-01 2.504752E+00 8.732320E-03 9.463767E-03 1.022616E-02 1.030238E-02 1.673471E-04 1.391135E-04 9.433135E-05 4.864210E-05 2.298126E-05
486 2.241964E+02 5.178571E-01 2.504752E+00 8.731926E-03 9.463340E-03 1.022570E-02 1.030192E-02 1.673395E-04 1.391072E-04 9.432708E-05 4.863990E-05 2.298022E-05
487 2.247143E+02 5.178571E-01 2.504752E+00 8.731541E-03 9.462923E-03 1.022525E-02 1.030146E-02 1.673321E-04 1.391011E-04 9.432293E-05 4.863776E-05 2.297921E-05
488 2.252321E+02 5.178571E-01 2.504752E+00 8.731167E-03 9.462517E-03 1.022481E-02 1.030102E-02 1.673249E-04 1.390951E-04 9.431889E-05 4.863568E-05 2.297823E-05
489 2.257500E+02 5.178571E-01 2.504752E+00 8.730802E-03 9.462122E-03 1.022438E-02 1.030059E-02 1.673180E-04 1.390893E-04 9.431495E-05 4.863365E-05 2.297727E-05
490 2.262679E+02 5.178571E-01 2.504752E+00 8.730448E-03 9.461738E-03 1.022396E-02 1.030017E-02 1.673112E-04 1.390836E-04 9.431112E-05 4.863167E-05 2.297633E-05
491 2.267857E+02 5.178571E-01 2.504752E+00 8.730102E-03 9.461363E-03 1.022356E-02 1.029977E-02 1.673045E-04 1.390781E-04 9.430738E-05 4.862975E-05 2.297542E-05
492 2.273036E+02 5.178571E-01 2.504752E+00 8.729765E-03 9.460998E-03 1.022317E-02 1.029937E-02 1.672981E-04 1.390728E-04 9.430375E-05 4.862787E-05 2.297454E-05
493 2.278214E+02 5.178571E-01 2.504752E+00 8.729438E-03 9.460643E-03 1.022278E-02 1.029898E-02 1.672918E-04 1.390675E-04 9.430021E-05 4.862605E-05 2.297368E-05
494 2.283393E+02 5.178571E-01 2.504752E+00 8.729119E-03 9.460297E-03 1.022241E-02 1.029860E-02 1.672857E-04 1.390625E-04 9.429676E-05 4.862427E-05 2.297284E-05
495 2.288571E+02 5.178571E-01 2.504752E+00 8.728808E-03 9.459961E-03 1.022204E-02 1.029824E-02 1.672797E-04 1.390575E-04 9.429340E-05 4.862254E-05 2.297202E-05
496 2.293750E+02 5.178571E-01 2.504752E+00 8.728505E-03 9.459633E-03 1.022169E-02 1.029788E-02 1.672739E-04 1.390527E-04 9.429014E-05 4.862085E-05 2.297122E-05
497 2.298929E+02 5.178571E-01 2.504752E+00 8.728211E-03 9.459314E-03 1.022135E-02 1.029753E-02 1.672683E-04 1.390480E-04 9.428695E-05 4.861921E-05 2.297045E-05
498 2.304107E+02 5.178571E-01 2.504752E+00 8.727924E-03 9.459003E-03 1.022101E-02 1.029720E-02 1.672628E-04 1.390434E-04 9.428386E-05 4.861761E-05 2.296969E-05
499 2.309286E+02 5.178571E-01 2.504752E+00 8.727645E-03 9.458700E-03 1.022068E-02 1.029687E-02 1.672574E-04 1.390390E-04 9.428084E-05 4.861606E-05 2.296896E-05
500 2.314464E+02 5.178571E-01 2.504752E+00 8.727373E-03 9.458405E-03 1.022036E-02 1.029654E-02 1.672522E-04 1.390346E-04 9.427790E-05 4.861454E-05 2.296824E-05
501 2.319643E+02 5.178571E-01 2.504752E+00 8.727108E-03 9.458118E-03 1.022005E-02 1.029623E-02 1.672472E-04 1.390304E-04 9.427504E-05 4.861307E-05 2.296754E-05
502 2.324821E+02 5.178571E-01 2.504752E+00 8.726850E-03 9.457839E-03 1.021975E-02 1.029593E-02 1.672422E-04 1.390263E-04 9.427225E-05 4.861163E-05 2.296687E-05
503 2.330000E+02 5.178571E-01 2.504752E+00 8.726599E-03 9.457566E-03 1.021946E-02 1.029563E-02 1.672374E-04 1.390223E-04 9.426954E-05 4.861023E-05 2.296620E-05
504 2.335179E+02 5.178571E-01 2.504752E+00 8.726354E-03 9.457301E-03 1.021917E-02 1.029534E-02 1.672327E-04 1.390184E-04 9.426690E-05 4.860887E-05 2.296556E-05
505 2.340357E+02 5.178571E-01 2.504752E+00 8.726116E-03 9.457043E-03 1.021889E-02 1.029506E-02 1.672282E-04 1.390146E-04 9.426432E-05 4.860754E-05 2.296493E-05
506 2.345536E+02 5.178571E-01 2.504752E+00 8.725884E-03 9.456792E-03 1.021862E-02 1.029479E-02 1.672237E-04 1.390109E-04 9.426182E-05 4.860625E-05 2.296432E-05
507 2.350714E+02 5.178571E-01 2.504752E+00 8.725658E-03 9.456547E-03 1.021836E-02 1.029452E-02 1.672194E-04 1.390073E-04 9.425938E-05 4.860499E-05 2.296373E-05
508 2.355893E+02 5.178571E-01 2.504752E+00 8.725438E-03 9.456309E-03 1.021810E-02 1.029426E-02 1.672152E-04 1.390038E-04 9.425700E-05 4.860377E-05 2.296315E-05
509 2.361071E+02 5.178571E-01 2.504752E+00 8.725224E-03 9.456077E-03 1.021785E-02 1.029401E-02 1.672111E-04 1.390004E-04 9.425469E-05 4.860258E-05 2.296259E-05
510 2.366250E+02 5.178571E-01 2.504752E+00 8.725016E-03 9.455851E-03 1.021760E-02 1.029376E-02 1.672071E-04 1.389971E-04 9.425244E-05 4.860141E-05 2.296204E-05
511 2.371429E+02 5.178571E-01 2.504752E+00 8.724813E-03 9.455631E-03 1.021737E-02 1.029352E-02 1.672032E-04 1.389939E-04 9.425025E-05 4.860028E-05 2.296150E-05
512 2.376607E+02 5.178571E-01 2.504752E+00 8.724615E-03 9.455417E-03 1.021713E-02 1.029329E-02 1.671994E-04 1.389907E-04 9.424811E-05 4.859918E-05 2.296098E-05
513 2.381786E+02 5.178571E-01 2.504752E+00 8.724422E-03 9.455208E-03 1.021691E-02 1.029306E-02 1.671957E-04 1.389876E-04 9.424603E-05 4.859811E-05 2.296048E-05
514 2.386964E+02 5.178571E-01 2.504752E+00 8.724235E-03 9.455005E-03 1.021669E-02 1.029284E-02 1.671921E-04 1.389847E-04 9.424401E-05 4.859707E-05 2.295998E-05
515 2.392143E+02 5.178571E-01 2.504752E+00 8.724052E-03 9.454807E-03 1.021648E-02 1.029263E-02 1.671886E-04 1.389818E-04 9.424203E-05 4.859605E-05 2.295950E-05
516 2.397321E+02 5.178571E-01 2.504752E+00 8.723875E-03 9.454614E-03 1.021627E-02 1.029242E-02 1.671852E-04 1.389789E-04 9.424011E-05 4.859506E-05 2.295904E-05
517 2.402500E+02 5.178571E-01 2.504752E+00 8.723702E-03 9.454427E-03 1.021606E-02 1.029221E-02 1.671819E-04 1.389762E-04 9.423824E-05 4.859409E-05 2.295858E-05
518 2.407679E+02 5.178571E-01 2.504752E+00 8.723533E-03 9.454244E-03 1.021587E-02 1.029202E-02 1.671787E-04 1.389735E-04 9.423642E-05 4.859316E-05 2.295814E-05
519 2.412857E+02 5.178571E-01 2.504752E+00 8.723369E-03 9.454066E-03 1.021568E-02 1.029182E-02 1.671755E-04 1.389709E-04 9.423465E-05 4.859224E-05 2.295771E-05
520 2.418036E+02 5.178571E-01 2.504752E+00 8.723209E-03 9.453893E-03 1.021549E-02 1.029163E-02 1.671724E-04 1.389683E-04 9.423292E-05 4.859135E-05 2.295728E-05
521 2.423214E+02 5.178571E-01 2.504752E+00 8.723054E-03 9.453724E-03 1.021531E-02 1.029145E-02 1.671695E-04 1.389658E-04 9.423124E-05 4.859048E-05 2.295688E-05
522 2.428393E+02 5.178571E-01 2.504752E+00 8.722902E-03 9.453560E-03 1.021513E-02 1.029127E-02 1.671666E-04 1.389634E-04 9.422961E-05 4.858964E-05 2.295648E-05
523 2.433571E+02 5.178571E-01 2.504752E+00 8.722754E-03 9.453400E-03 1.021496E-02 1.029110E-02 1.671637E-04 1.389611E-04 9.422801E-05 4.858882E-05 2.295609E-05
524 2.438750E+02 5.178571E-01 2.504752E+00 8.722611E-03 9.453244E-03 1.021479E-02 1.029093E-02 1.671610E-04 1.389588E-04 9.422646E-05 4.858802E-05 2.295571E-05
525 2.443929E+02 5.178571E-01 2.504752E+00 8.722471E-03 9.453093E-03 1.021462E-02 1.029076E-02 1.671583E-04 1.389566E-04 9.422495E-05 4.858724E-05 2.295534E-05
526 2.449107E+02 5.178571E-01 2.504752E+00 8.722335E-03 9.452945E-03 1.021446E-02 1.029060E-02 1.671557E-04 1.389544E-04 9.422348E-05 4.858648E-05 2.295498E-05
527 2.454286E+02 5.178571E-01 2.504752E+00 8.722202E-03 9.452801E-03 1.021431E-02 1.029044E-02 1.671531E-04 1.389523E-04 9.422204E-05 4.858574E-05 2.295463E-05
528 2.459464E+02 5.178571E-01 2.504752E+00 8.722073E-03 9.452661E-03 1.021416E-02 1.029029E-02 1.671507E-04 1.389502E-04 9.422065E-05 4.858502E-05 2.295429E-05
529 2.464643E+02 5.178571E-01 2.504752E+00 8.721947E-03 9.452525E-03 1.021401E-02 1.029014E-02 1.671483E-04 1.389482E-04 9.421929E-05 4.858432E-05 2.295396E-05
530 2.469821E+02 5.178571E-01 2.504752E+00 8.721824E-03 9.452392E-03 1.021387E-02 1.029000E-02 1.671459E-04 1.389463E-04 9.421797E-05 4.858364E-05 2.295364E-05
531 2.475000E+02 5.178571E-01 2.504752E+00 8.721705E-03 9.452263E-03 1.021373E-02 1.028986E-02 1.671436E-04 1.389444E-04 9.421668E-05 4.858297E-05 2.295333E-05
532 2.480179E+02 5.178571E-01 2.504752E+00 8.721589E-03 9.452137E-03 1.021359E-02 1.028972E-02 1.671414E-04 1.389425E-04 9.421542E-05 4.858233E-05 2.295302E-05
533 2.485357E+02 5.178571E-01 2.504752E+00 8.721476E-03 9.452015E-03 1.021346E-02 1.028959E-02 1.671392E-04 1.389407E-04 9.421420E-05 4.858170E-05 2.295272E-05
534 2.490536E+02 5.178571E-01 2.504752E+00 8.721366E-03 9.451895E-03 1.021333E-02 1.028946E-02 1.671371E-04 1.389389E-04 9.421301E-05 4.858108E-05 2.295243E-05
535 2.495714E+02 5.178571E-01 2.504752E+00 8.721259E-03 9.451779E-03 1.021320E-02 1.028933E-02 1.671351E-04 1.389372E-04 9.421185E-05 4.858048E-05 2.295215E-05
536 2.500893E+02 5.178571E-01 2.504752E+00 8.721154E-03 9.451666E-03 1.021308E-02 1.028921E-02 1.671331E-04 1.389356E-04 9.421072E-05 4.857990E-05 2.295188E-05
537 2.506071E+02 5.178571E-01 2.504752E+00 8.721052E-03 9.451556E-03 1.021296E-02 1.028909E-02 1.671311E-04 1.389340E-04 9.420963E-05 4.857934E-05 2.295161E-05
538 2.511250E+02 5.178571E-01 2.504752E+00 8.720953E-03 9.451448E-03 1.021285E-02 1.028897E-02 1.671292E-04 1.389324E-04 9.420856E-05 4.857879E-05 2.295135E-05
539 2.516429E+02 5.178571E-01 2.504752E+00 8.720857E-03 9.451344E-03 1.021273E-02 1.028886E-02 1.671274E-04 1.389308E-04 9.420751E-05 4.857825E-05 2.295109E-05
540 2.521607E+02 5.178571E-01 2.504752E+00 8.720763E-03 9.451242E-03 1.021262E-02 1.028875E-02 1.671256E-04 1.389293E-04 9.420650E-05 4.857772E-05 2.295085E-05
541 2.526786E+02 5.178571E-01 2.504752E+00 8.720672E-03 9.451143E-03 1.021252E-02 1.028864E-02 1.671238E-04 1.389279E-04 9.420551E-05 4.857722E-05 2.295061E-05
542 2.531964E+02 5.178571E-01 2.504752E+00 8.720583E-03 9.451046E-03 1.021241E-02 1.028853E-02 1.671221E-04 1.389265E-04 9.420455E-05 4.857672E-05 2.295037E-05
543 2.537143E+02 5.178571E-01 2.504752E+00 8.720496E-03 9.450952E-03 1.021231E-02 1.028843E-02 1.671204E-04 1.389251E-04 9.420361E-05 4.857624E-05 2.295014E-05
544 2.542321E+02 5.178571E-01 2.504752E+00 8.720411E-03 9.450861E-03 1.021221E-02 1.028833E-02 1.671188E-04 1.389237E-04 9.420270E-05 4.857577E-05 2.294992E-05
545 2.547500E+02 5.178571E-01 2.504752E+00 8.720329E-03 9.450772E-03 1.021212E-02 1.028824E-02 1.671173E-04 1.389224E-04 9.420181E-05 4.857531E-05 2.294971E-05
546 2.552679E+02 5.178571E-01 2.504752E+00 8.720249E-03 9.450685E-03 1.021202E-02 1.028814E-02 1.671157E-04 1.389212E-04 9.420095E-05 4.857486E-05 2.294949E-05
547 2.557857E+02 5.178571E-01 2.504752E+00 8.720171E-03 9.450601E-03 1.021193E-02 1.028805E-02 1.671142E-04 1.389199E-04 9.420011E-05 4.857443E-05 2.294929E-05
548 2.563036E+02 5.178571E-01 2.504752E+00 8.720095E-03 9.450518E-03 1.021184E-02 1.028796E-02 1.671128E-04 1.389187E-04 9.419929E-05 4.857401E-05 2.294909E-05
549 2.568214E+02 5.178571E-01 2.504752E+00 8.720021E-03 9.450438E-03 1.021175E-02 1.028787E-02 1.671114E-04 1.389175E-04 9.419849E-05 4.857359E-05 2.294890E-05
550 2.573393E+02 5.178571E-01 2.504752E+00 8.719949E-03 9.450360E-03 1.021167E-02 1.028779E-02 1.671100E-04 1.389164E-04 9.419771E-05 4.857319E-05 2.294871E-05
551 2.578571E+02 5.178571E-01 2.504752E+00 8.719879E-03 9.450284E-03 1.021159E-02 1.028770E-02 1.671086E-04 1.389153E-04 9.419695E-05 4.857280E-05 2.294852E-05
552 2.583750E+02 5.178571E-01 2.504752E+00 8.719811E-03 9.450210E-03 1.021151E-02 1.028762E-02 1.671073E-04 1.389142E-04 9.419622E-05 4.857242E-05 2.294834E-05
553 2.588929E+02 5.178571E-01 2.504752E+00 8.719745E-03 9.450138E-03 1.021143E-02 1.028755E-02 1.671061E-04 1.389131E-04 9.419550E-05 4.857205E-05 2.294817E-05
554 2.594107E+02 5.178571E-01 2.504752E+00 8.719680E-03 9.450068E-03 1.021135E-02 1.028747E-02 1.671048E-04 1.389121E-04 9.419480E-05 4.857169E-05 2.294800E-05
555 2.599286E+02 5.178571E-01 2.504752E+00 8.719617E-03 9.450000E-03 1.021128E-02 1.028739E-02 1.671036E-04 1.389111E-04 9.419412E-05 4.857134E-05 2.294783E-05
556 2.604464E+02 5.178571E-01 2.504752E+00 8.719556E-03 9.449933E-03 1.021121E-02 1.028732E-02 1.671024E-04 1.389101E-04 9.419346E-05 4.857100E-05 2.294767E-05
557 2.609643E+02 5.178571E-01 2.504752E+00 8.719496E-03 9.449869E-03 1.021114E-02 1.028725E-02 1.671013E-04 1.389092E-04 9.419281E-05 4.857067E-05 2.294751E-05
558 2.614821E+02 5.178571E-01 2.504752E+00 8.719438E-03 9.449805E-03 1.021107E-02 1.028718E-02 1.671002E-04 1.389082E-04 9.419218E-05 4.857034E-05 2.294736E-05
559 2.620000E+02 5.178571E-01 2.504752E+00 8.719381E-03 9.449744E-03 1.021100E-02 1.028712E-02 1.670991E-04 1.389073E-04 9.419157E-05 4.857003E-05 2.294721E-05
560 2.625179E+02 5.178571E-01 2.504752E+00 8.719326E-03 9.449684E-03 1.021094E-02 1.028705E-02 1.670980E-04 1.389064E-04 9.419097E-05 4.856972E-05 2.294706E-05
561 2.630357E+02 5.178571E-01 2.504752E+00 8.719272E-03 9.449626E-03 1.021088E-02 1.028699E-02 1.670970E-04 1.389056E-04 9.419039E-05 4.856942E-05 2.294692E-05
562 2.635536E+02 5.178571E-01 2.504752E+00 8.719220E-03 9.449569E-03 1.021082E-02 1.028693E-02 1.670960E-04 1.389048E-04 9.418983E-05 4.856913E-05 2.294679E-05
563 2.640714E+02 5.178571E-01 2.504752E+00 8.719169E-03 9.449514E-03 1.021076E-02 1.028687E-02 1.670950E-04 1.389039E-04 9.418928E-05 4.856884E-05 2.294665E-05
564 2.645893E+02 5.178571E-01 2.504752E+00 8.719119E-03 9.449460E-03 1.021070E-02 1.028681E-02 1.670941E-04 1.389032E-04 9.418874E-05 4.856857E-05 2.294652E-05
565 2.651071E+02 5.178571E-01 2.504752E+00 8.719071E-03 9.449408E-03 1.021064E-02 1.028675E-02 1.670931E-04 1.389024E-04 9.418822E-05 4.856830E-05 2.294639E-05
566 2.656250E+02 5.178571E-01 2.504752E+00 8.719024E-03 9.449357E-03 1.021059E-02 1.028670E-02 1.670922E-04 1.389016E-04 9.418771E-05 4.856804E-05 2.294627E-05
567 2.661429E+02 5.178571E-01 2.504752E+00 8.718978E-03 9.449307E-03 1.021053E-02 1.028664E-02 1.670914E-04 1.389009E-04 9.418722E-05 4.856778E-05 2.294615E-05
568 2.666607E+02 5.178571E-01 2.504752E+00 8.718933E-03 9.449259E-03 1.021048E-02 1.028659E-02 1.670905E-04 1.389002E-04 9.418673E-05 4.856753E-05 2.294603E-05
569 2.671786E+02 5.178571E-01 2.504752E+00 8.718890E-03 9.449212E-03 1.021043E-02 1.028654E-02 1.670897E-04 1.388995E-04 9.418627E-05 4.856729E-05 2.294592E-05
570 2.676964E+02 5.178571E-01 2.504752E+00 8.718848E-03 9.449166E-03 1.021038E-02 1.028649E-02 1.670889E-04 1.388988E-04 9.418581E-05 4.856706E-05 2.294581E-05
571 2.682143E+02 5.178571E-01 2.504752E+00 8.718806E-03 9.449121E-03 1.021033E-02 1.028644E-02 1.670881E-04 1.388982E-04 9.418536E-05 4.856683E-05 2.294570E-05
572 2.687321E+02 5.178571E-01 2.504752E+00 8.718766E-03 9.449078E-03 1.021029E-02 1.028639E-02 1.670873E-04 1.388975E-04 9.418493E-05 4.856660E-05 2.294559E-05
573 2.692500E+02 5.178571E-01 2.504752E+00 8.718727E-03 9.449036E-03 1.021024E-02 1.028635E-02 1.670866E-04 1.388969E-04 9.418451E-05 4.856638E-05 2.294549E-05
574 2.697679E+02 5.178571E-01 2.504752E+00 8.718689E-03 9.448994E-03 1.021019E-02 1.028630E-02 1.670858E-04 1.388963E-04 9.418410E-05 4.856617E-05 2.294539E-05
575 2.702857E+02 5.178571E-01 2.504752E+00 8.718652E-03 9.448954E-03 1.021015E-02 1.028626E-02 1.670851E-04 1.388957E-04 9.418370E-05 4.856597E-05 2.294529E-05
576 2.708036E+02 5.178571E-01 2.504752E+00 8.718616E-03 9.448915E-03 1.021011E-02 1.028621E-02 1.670844E-04 1.388951E-04 9.418331E-05 4.856577E-05 2.294520E-05
577 2.713214E+02 5.178571E-01 2.504752E+00 8.718581E-03 9.448877E-03 1.021007E-02 1.028617E-02 1.670838E-04 1.388946E-04 9.418293E-05 4.856557E-05 2.294510E-05
578 2.718393E+02 5.178571E-01 2.504752E+00 8.718547E-03 9.448840E-03 1.021003E-02 1.028613E-02 1.670831E-04 1.388940E-04 9.418256E-05 4.856538E-05 2.294501E-05
579 2.723571E+02 5.178571E-01 2.504752E+00 8.718514E-03 9.448804E-03 1.020999E-02 1.028609E-02 1.670825E-04 1.388935E-04 9.418220E-05 4.856519E-05 2.294493E-05
580 2.728750E+02 5.178571E-01 2.504752E+00 8.718481E-03 9.448769E-03 1.020995E-02 1.028605E-02 1.670818E-04 1.388930E-04 9.418185E-05 4.856501E-05 2.294484E-05
581 2.733929E+02 5.178571E-01 2.504752E+00 8.718450E-03 9.448735E-03 1.020991E-02 1.028602E-02 1.670812E-04 1.388925E-04 9.418151E-05 4.856484E-05 2.294476E-05
582 2.739107E+02 5.178571E-01 2.504752E+00 8.718419E-03 9.448701E-03 1.020988E-02 1.028598E-02 1.670806E-04 1.388920E-04 9.418118E-05 4.856467E-05 2.294468E-05
583 2.744286E+02 5.178571E-01 2.504752E+00 8.718389E-03 9.448669E-03 1.020984E-02 1.028595E-02 1.670801E-04 1.388915E-04 9.418085E-05 4.856450E-05 2.294460E-05
584 2.749464E+02 5.178571E-01 2.504752E+00 8.718360E-03 9.448637E-03 1.020981E-02 1.028591E-02 1.670795E-04 1.388911E-04 9.418054E-05 4.856434E-05 2.294452E-05
585 2.754643E+02 5.178571E-01 2.504752E+00 8.718331E-03 9.448607E-03 1.020978E-02 1.028588E-02 1.670790E-04 1.388906E-04 9.418023E-05 4.856418E-05 2.294445E-05
586 2.759821E+02 5.178571E-01 2.504752E+00 8.718304E-03 9.448577E-03 1.020974E-02 1.028585E-02 1.670784E-04 1.388902E-04 9.417993E-05 4.856403E-05 2.294437E-05
587 2.765000E+02 5.178571E-01 2.504752E+00 8.718277E-03 9.448547E-03 1.020971E-02 1.028581E-02 1.670779E-04 1.388897E-04 9.417964E-05 4.856388E-05 2.294430E-05
588 2.770179E+02 5.178571E-01 2.504752E+00 8.718251E-03 9.448519E-03 1.020968E-02 1.028578E-02 1.670774E-04 1.388893E-04 9.417936E-05 4.856373E-05 2.294423E-05
589 2.775357E+02 5.178571E-01 2.504752E+00 8.718225E-03 9.448491E-03 1.020965E-02 1.028575E-02 1.670769E-04 1.388889E-04 9.417908E-05 4.856359E-05 2.294417E-05
590 2.780536E+02 5.178571E-01 2.504752E+00 8.718200E-03 9.448464E-03 1.020962E-02 1.028572E-02 1.670765E-04 1.388885E-04 9.417881E-05 4.856345E-05 2.294410E-05
591 2.785714E+02 5.178571E-01 2.504752E+00 8.718176E-03 9.448438E-03 1.020959E-02 1.028569E-02 1.670760E-04 1.388881E-04 9.417855E-05 4.856331E-05 2.294404E-05
592 2.790893E+02 5.178571E-01 2.504752E+00 8.718152E-03 9.448413E-03 1.020957E-02 1.028567E-02 1.670755E-04 1.388878E-04 9.417830E-05 4.856318E-05 2.294398E-05
593 2.796071E+02 5.178571E-01 2.504752E+00 8.718129E-03 9.448388E-03 1.020954E-02 1.028564E-02 1.670751E-04 1.388874E-04 9.417805E-05 4.856305E-05 2.294392E-05
594 2.801250E+02 5.178571E-01 2.504752E+00 8.718107E-03 9.448364E-03 1.020951E-02 1.028561E-02 1.670747E-04 1.388870E-04 9.417781E-05 4.856293E-05 2.294386E-05
