0 -2.748214E+01 5.178571E-01 5.800001E+00 3.111016E-10 3.369291E-10 3.629463E-10 3.631322E-10 1.750188E-07 2.472099E-10 1.638160E-10 8.210557E-11 3.835569E-11
1 -2.696429E+01 5.178571E-01 7.747934E+00 1.983217E-09 2.147907E-09 2.313984E-09 2.315658E-09 3.085263E-07 1.577628E-09 1.046167E-09 5.247902E-10 2.452198E-10
2 -2.644643E+01 5.178571E-01 9.977890E+00 6.178112E-09 6.691240E-09 7.209028E-09 7.215188E-09 4.121897E-07 4.917924E-09 3.262631E-09 1.637496E-09 7.652788E-10
3 -2.592857E+01 5.178571E-01 1.270145E+01 1.412647E-08 1.529992E-08 1.648470E-08 1.650063E-08 4.951527E-07 1.125146E-08 7.467184E-09 3.749414E-09 1.752517E-09
4 -2.541071E+01 5.178571E-01 1.297803E+01 2.744978E-08 2.973027E-08 3.203392E-08 3.206811E-08 5.649869E-07 2.187450E-08 1.452216E-08 7.294778E-09 3.410077E-09
5 -2.489286E+01 5.178571E-01 1.050289E+01 4.804410E-08 5.203602E-08 5.607038E-08 5.613547E-08 6.280598E-07 3.830434E-08 2.543761E-08 1.278259E-08 5.976137E-09
6 -2.437500E+01 5.178571E-01 8.523362E+00 7.762578E-08 8.407636E-08 9.059852E-08 9.071199E-08 6.894547E-07 6.191811E-08 4.113182E-08 2.067658E-08 9.667821E-09
7 -2.385714E+01 5.178571E-01 7.994298E+00 1.177968E-07 1.275866E-07 1.374896E-07 1.376743E-07 7.533073E-07 9.400417E-08 6.246518E-08 3.141198E-08 1.468902E-08
8 -2.333929E+01 5.178571E-01 7.311944E+00 1.705323E-07 1.847065E-07 1.990509E-07 1.993360E-07 8.234870E-07 1.361499E-07 9.049729E-08 4.552450E-08 2.129067E-08
9 -2.282143E+01 5.178571E-01 6.594895E+00 2.381544E-07 2.579514E-07 2.779946E-07 2.784164E-07 9.037266E-07 1.902212E-07 1.264735E-07 6.364371E-08 2.976764E-08
10 -2.230357E+01 5.178571E-01 5.750926E+00 3.231190E-07 3.499817E-07 3.771896E-07 3.777929E-07 9.975321E-07 2.581934E-07 1.717131E-07 8.643706E-08 4.043262E-08
11 -2.178571E+01 5.178571E-01 4.803650E+00 4.276556E-07 4.632126E-07 4.992410E-07 5.000795E-07 1.107920E-06 3.418648E-07 2.274193E-07 1.145146E-07 5.357160E-08
12 -2.126786E+01 5.178571E-01 4.161025E+00 5.534480E-07 5.994687E-07 6.461179E-07 6.472545E-07 1.237173E-06 4.426023E-07 2.945102E-07 1.483439E-07 6.940407E-08
13 -2.075000E+01 5.178571E-01 3.756400E+00 7.018402E-07 7.602060E-07 8.193926E-07 8.208994E-07 1.387089E-06 5.615031E-07 3.737257E-07 1.883036E-07 8.810801E-08
14 -2.023214E+01 5.178571E-01 3.492180E+00 8.741639E-07 9.468678E-07 1.020624E-06 1.022582E-06 1.559339E-06 6.996558E-07 4.658002E-07 2.347695E-07 1.098601E-07
15 -1.971429E+01 5.178571E-01 3.322720E+00 1.071960E-06 1.161124E-06 1.251613E-06 1.254115E-06 1.755709E-06 8.583156E-07 5.715786E-07 2.881733E-07 1.348632E-07
16 -1.919643E+01 5.178571E-01 3.051156E+00 1.296995E-06 1.404888E-06 1.514428E-06 1.517575E-06 1.978142E-06 1.038919E-06 6.920266E-07 3.490072E-07 1.633484E-07
17 -1.867857E+01 5.178571E-01 2.738620E+00 1.550815E-06 1.679835E-06 1.810876E-06 1.814779E-06 2.228315E-06 1.242726E-06 8.279940E-07 4.177058E-07 1.955200E-07
18 -1.816071E+01 5.178571E-01 2.454352E+00 1.834407E-06 1.987035E-06 2.142114E-06 2.146896E-06 2.507324E-06 1.470555E-06 9.800375E-07 4.945569E-07 2.315137E-07
19 -1.764286E+01 5.178571E-01 2.206633E+00 2.148172E-06 2.326925E-06 2.508615E-06 2.514408E-06 2.815666E-06 1.722759E-06 1.148404E-06 5.796926E-07 2.713924E-07
20 -1.712500E+01 5.178571E-01 2.189555E+00 2.492275E-06 2.699681E-06 2.910577E-06 2.917520E-06 3.153585E-06 1.999497E-06 1.333213E-06 6.731810E-07 3.151891E-07
21 -1.660714E+01 5.178571E-01 2.244502E+00 2.867690E-06 3.106361E-06 3.349139E-06 3.357383E-06 3.522096E-06 2.301574E-06 1.535011E-06 7.753034E-07 3.630363E-07
22 -1.608929E+01 5.178571E-01 2.166557E+00 3.276399E-06 3.549112E-06 3.826620E-06 3.836324E-06 3.923185E-06 2.630596E-06 1.754874E-06 8.866078E-07 4.151912E-07
23 -1.557143E+01 5.178571E-01 2.057539E+00 3.720483E-06 4.030189E-06 4.345453E-06 4.356787E-06 4.358928E-06 2.988249E-06 1.993936E-06 1.007670E-06 4.719240E-07
24 -1.505357E+01 5.178571E-01 2.175718E+00 4.202126E-06 4.551958E-06 4.908191E-06 4.921336E-06 4.831492E-06 3.376303E-06 2.253382E-06 1.139094E-06 5.335182E-07
25 -1.453571E+01 5.178571E-01 2.303752E+00 4.725076E-06 5.118477E-06 5.519211E-06 5.534362E-06 5.344564E-06 3.797773E-06 2.535228E-06 1.281900E-06 6.004512E-07
26 -1.401786E+01 5.178571E-01 2.423842E+00 5.294924E-06 5.735805E-06 6.185043E-06 6.202410E-06 5.903628E-06 4.257145E-06 2.842465E-06 1.437597E-06 6.734307E-07
27 -1.350000E+01 5.178571E-01 2.504752E+00 5.918830E-06 6.411697E-06 6.914050E-06 6.933862E-06 6.515698E-06 4.760163E-06 3.178922E-06 1.608119E-06 7.533616E-07
28 -1.298214E+01 5.178571E-01 2.504752E+00 6.604937E-06 7.154974E-06 7.715741E-06 7.738251E-06 7.188747E-06 5.313362E-06 3.548957E-06 1.795668E-06 8.412743E-07
29 -1.246429E+01 5.178571E-01 2.504752E+00 7.361635E-06 7.974723E-06 8.599914E-06 8.625402E-06 7.930995E-06 5.923482E-06 3.957068E-06 2.002516E-06 9.382342E-07
30 -1.194643E+01 5.178571E-01 2.504752E+00 8.197592E-06 8.880336E-06 9.576700E-06 9.605473E-06 8.750940E-06 6.597500E-06 4.407917E-06 2.231023E-06 1.045346E-06
31 -1.142857E+01 5.178571E-01 2.504752E+00 9.121998E-06 9.881767E-06 1.065683E-05 1.068923E-05 9.657588E-06 7.342812E-06 4.906447E-06 2.483692E-06 1.163783E-06
32 -1.091071E+01 5.178571E-01 2.504752E+00 1.014475E-05 1.098973E-05 1.185187E-05 1.188828E-05 1.066064E-05 8.167391E-06 5.457987E-06 2.763222E-06 1.294811E-06
33 -1.039286E+01 5.178571E-01 2.504752E+00 1.127661E-05 1.221591E-05 1.317439E-05 1.321523E-05 1.177066E-05 9.079917E-06 6.068342E-06 3.072554E-06 1.439807E-06
34 -9.875000E+00 5.178571E-01 2.504752E+00 1.252939E-05 1.357307E-05 1.463820E-05 1.468393E-05 1.299922E-05 1.008990E-05 6.743873E-06 3.414912E-06 1.600282E-06
35 -9.357143E+00 5.178571E-01 2.504752E+00 1.391607E-05 1.507529E-05 1.625846E-05 1.630960E-05 1.435905E-05 1.120781E-05 7.491578E-06 3.793840E-06 1.777899E-06
36 -8.839286E+00 5.178571E-01 2.504752E+00 1.545096E-05 1.673807E-05 1.805189E-05 1.810902E-05 1.586419E-05 1.244518E-05 8.319175E-06 4.213252E-06 1.974490E-06
37 -8.321429E+00 5.178571E-01 2.504752E+00 1.714987E-05 1.857854E-05 2.003698E-05 2.010072E-05 1.753014E-05 1.381476E-05 9.235190E-06 4.677466E-06 2.192082E-06
38 -7.803571E+00 5.178571E-01 2.504752E+00 1.903029E-05 2.061564E-05 2.223413E-05 2.230519E-05 1.937404E-05 1.533064E-05 1.024905E-05 5.191259E-06 2.432911E-06
39 -7.285714E+00 5.178571E-01 2.504752E+00 2.105153E-05 2.280530E-05 2.459593E-05 2.467503E-05 2.135637E-05 1.696068E-05 1.133952E-05 5.744043E-06 2.692040E-06
40 -6.767857E+00 5.178571E-01 2.504752E+00 2.317758E-05 2.510855E-05 2.708037E-05 2.716824E-05 2.344212E-05 1.867633E-05 1.248774E-05 6.326376E-06 2.965061E-06
41 -6.250000E+00 5.178571E-01 2.504752E+00 2.536540E-05 2.747874E-05 2.963723E-05 2.973458E-05 2.558934E-05 2.044340E-05 1.367104E-05 6.926897E-06 3.246665E-06
42 -5.732143E+00 5.178571E-01 2.504752E+00 2.758532E-05 2.988376E-05 3.223189E-05 3.233939E-05 2.776913E-05 2.223825E-05 1.487372E-05 7.537727E-06 3.533171E-06
43 -5.214286E+00 5.178571E-01 2.504752E+00 2.981731E-05 3.230192E-05 3.484098E-05 3.495926E-05 2.996192E-05 2.404486E-05 1.608513E-05 8.153497E-06 3.822065E-06
44 -4.696429E+00 5.178571E-01 2.504752E+00 3.204823E-05 3.471896E-05 3.744913E-05 3.757876E-05 3.215482E-05 2.585264E-05 1.729820E-05 8.770629E-06 4.111672E-06
45 -4.178571E+00 5.178571E-01 2.504752E+00 3.426979E-05 3.712593E-05 4.004666E-05 4.018818E-05 3.433970E-05 2.765489E-05 1.850842E-05 9.386827E-06 4.400914E-06
46 -3.660714E+00 5.178571E-01 2.504752E+00 3.647717E-05 3.951757E-05 4.262791E-05 4.278182E-05 3.651175E-05 2.944762E-05 1.971308E-05 1.000070E-05 4.689135E-06
47 -3.142857E+00 5.178571E-01 2.504752E+00 3.866790E-05 4.189123E-05 4.519000E-05 4.535674E-05 3.866852E-05 3.122872E-05 2.091074E-05 1.061147E-05 4.975973E-06
48 -2.625000E+00 5.178571E-01 2.504752E+00 4.084117E-05 4.424602E-05 4.773194E-05 4.791192E-05 4.080912E-05 3.299743E-05 2.210082E-05 1.121884E-05 5.261270E-06
49 -2.107143E+00 5.178571E-01 2.504752E+00 4.299725E-05 4.658222E-05 5.025403E-05 5.044763E-05 4.293374E-05 3.475381E-05 2.328331E-05 1.182275E-05 5.545008E-06
50 -1.589286E+00 5.178571E-01 2.504752E+00 4.513712E-05 4.890090E-05 5.275740E-05 5.296497E-05 4.504328E-05 3.649855E-05 2.445862E-05 1.242338E-05 5.827258E-06
51 -1.071429E+00 5.178571E-01 2.504752E+00 4.726220E-05 5.120359E-05 5.524370E-05 5.546553E-05 4.713905E-05 3.823265E-05 2.562735E-05 1.302102E-05 6.108150E-06
52 -5.535714E-01 5.178571E-01 2.504752E+00 4.937415E-05 5.349210E-05 5.771484E-05 5.795123E-05 4.922263E-05 3.995733E-05 2.679030E-05 1.361601E-05 6.387849E-06
53 -3.571429E-02 5.178571E-01 2.504752E+00 5.147476E-05 5.576834E-05 6.017289E-05 6.042409E-05 5.129568E-05 4.167393E-05 2.794828E-05 1.420876E-05 6.666536E-06
54 4.821429E-01 5.178571E-01 2.504752E+00 5.356583E-05 5.803427E-05 6.261994E-05 6.288619E-05 5.335992E-05 4.338380E-05 2.910217E-05 1.479968E-05 6.944400E-06
55 1.000000E+00 5.178571E-01 2.504752E+00 5.564912E-05 6.029180E-05 6.505804E-05 6.533955E-05 5.541703E-05 4.508827E-05 3.025282E-05 1.538918E-05 7.221630E-06
56 1.517857E+00 5.178571E-01 2.504752E+00 5.772633E-05 6.254276E-05 6.748915E-05 6.778614E-05 5.746863E-05 4.678861E-05 3.140104E-05 1.597766E-05 7.498407E-06
57 2.035714E+00 5.178571E-01 2.504752E+00 5.979907E-05 6.478889E-05 6.991515E-05 7.022779E-05 5.951625E-05 4.848606E-05 3.254763E-05 1.656548E-05 7.774906E-06
58 2.553571E+00 5.178571E-01 2.504752E+00 6.186882E-05 6.703181E-05 7.233776E-05 7.266622E-05 6.156130E-05 5.018174E-05 3.369331E-05 1.715300E-05 8.051290E-06
59 3.071429E+00 5.178571E-01 2.504752E+00 6.393698E-05 6.927301E-05 7.475859E-05 7.510304E-05 6.360511E-05 5.187671E-05 3.483875E-05 1.774056E-05 8.327710E-06
60 3.589286E+00 5.178571E-01 2.504752E+00 6.600480E-05 7.151387E-05 7.717912E-05 7.753970E-05 6.564890E-05 5.357193E-05 3.598460E-05 1.832846E-05 8.604308E-06
61 4.107143E+00 5.178571E-01 2.504752E+00 6.807346E-05 7.375565E-05 7.960070E-05 7.997754E-05 6.769378E-05 5.526831E-05 3.713141E-05 1.891696E-05 8.881211E-06
62 4.625000E+00 5.178571E-01 2.504752E+00 7.014401E-05 7.599949E-05 8.202456E-05 8.241780E-05 6.974077E-05 5.696665E-05 3.827973E-05 1.950634E-05 9.158538E-06
63 5.142857E+00 5.178571E-01 2.504752E+00 7.221743E-05 7.824643E-05 8.445182E-05 8.486159E-05 7.179078E-05 5.866768E-05 3.943001E-05 2.009682E-05 9.436397E-06
64 5.660714E+00 5.178571E-01 2.504752E+00 7.429457E-05 8.049742E-05 8.688349E-05 8.730991E-05 7.384465E-05 6.037209E-05 4.058271E-05 2.068862E-05 9.714886E-06
65 6.178571E+00 5.178571E-01 2.504752E+00 7.637623E-05 8.275333E-05 8.932050E-05 8.976368E-05 7.590315E-05 6.208047E-05 4.173821E-05 2.128192E-05 9.994095E-06
66 6.696429E+00 5.178571E-01 2.504752E+00 7.846314E-05 8.501492E-05 9.176369E-05 9.222372E-05 7.796697E-05 6.379339E-05 4.289687E-05 2.187690E-05 1.027410E-05
67 7.214286E+00 5.178571E-01 2.504752E+00 8.055593E-05 8.728289E-05 9.421379E-05 9.469080E-05 8.003672E-05 6.551134E-05 4.405902E-05 2.247373E-05 1.055499E-05
68 7.732143E+00 5.178571E-01 2.504752E+00 8.265520E-05 8.955788E-05 9.667150E-05 9.716558E-05 8.211297E-05 6.723478E-05 4.522496E-05 2.307254E-05 1.083681E-05
69 8.250000E+00 5.178571E-01 2.504752E+00 8.476147E-05 9.184047E-05 9.913744E-05 9.964869E-05 8.419622E-05 6.896411E-05 4.639494E-05 2.367346E-05 1.111964E-05
70 8.767857E+00 5.178571E-01 2.504752E+00 8.687522E-05 9.413118E-05 1.016122E-04 1.021407E-04 8.628695E-05 7.069971E-05 4.756922E-05 2.427663E-05 1.140352E-05
71 9.285714E+00 5.178571E-01 2.504752E+00 8.899690E-05 9.643046E-05 1.040962E-04 1.046420E-04 8.838558E-05 7.244192E-05 4.874801E-05 2.488214E-05 1.168851E-05
72 9.803571E+00 5.178571E-01 2.504752E+00 9.112688E-05 9.873876E-05 1.065899E-04 1.071532E-04 9.049247E-05 7.419104E-05 4.993152E-05 2.549009E-05 1.197465E-05
73 1.032143E+01 5.178571E-01 2.504752E+00 9.326554E-05 1.010565E-04 1.090938E-04 1.096747E-04 9.260798E-05 7.594735E-05 5.111992E-05 2.610057E-05 1.226199E-05
74 1.083929E+01 5.178571E-01 2.504752E+00 9.541320E-05 1.033839E-04 1.116083E-04 1.122068E-04 9.473242E-05 7.771111E-05 5.231338E-05 2.671368E-05 1.255056E-05
75 1.135714E+01 5.178571E-01 2.504752E+00 9.757014E-05 1.057214E-04 1.141336E-04 1.147499E-04 9.686608E-05 7.948255E-05 5.351206E-05 2.732947E-05 1.284041E-05
76 1.187500E+01 5.178571E-01 2.504752E+00 9.973665E-05 1.080693E-04 1.166702E-04 1.173042E-04 9.900921E-05 8.126187E-05 5.471610E-05 2.794802E-05 1.313155E-05
77 1.239286E+01 5.178571E-01 2.504752E+00 1.019130E-04 1.104278E-04 1.192182E-04 1.198701E-04 1.011621E-04 8.304928E-05 5.592561E-05 2.856940E-05 1.342402E-05
78 1.291071E+01 5.178571E-01 2.504752E+00 1.040993E-04 1.127972E-04 1.217780E-04 1.224479E-04 1.033249E-04 8.484496E-05 5.714073E-05 2.919366E-05 1.371785E-05
79 1.342857E+01 5.178571E-01 2.504752E+00 1.062959E-04 1.151777E-04 1.243498E-04 1.250378E-04 1.054978E-04 8.664906E-05 5.836156E-05 2.982086E-05 1.401307E-05
80 1.394643E+01 5.178571E-01 2.504752E+00 1.085030E-04 1.175695E-04 1.269337E-04 1.276399E-04 1.076811E-04 8.846174E-05 5.958819E-05 3.045104E-05 1.430969E-05
81 1.446429E+01 5.178571E-01 2.504752E+00 1.107206E-04 1.199728E-04 1.295302E-04 1.302546E-04 1.098748E-04 9.028314E-05 6.082073E-05 3.108426E-05 1.460774E-05
82 1.498214E+01 5.178571E-01 2.504752E+00 1.129490E-04 1.223878E-04 1.321392E-04 1.328820E-04 1.120792E-04 9.211338E-05 6.205926E-05 3.172055E-05 1.490724E-05
83 1.550000E+01 5.178571E-01 2.504752E+00 1.151884E-04 1.248146E-04 1.347610E-04 1.355223E-04 1.142945E-04 9.395260E-05 6.330385E-05 3.235996E-05 1.520820E-05
84 1.601786E+01 5.178571E-01 2.504752E+00 1.174388E-04 1.272534E-04 1.373958E-04 1.381756E-04 1.165206E-04 9.580090E-05 6.455459E-05 3.300253E-05 1.551066E-05
85 1.653571E+01 5.178571E-01 2.504752E+00 1.197004E-04 1.297044E-04 1.400437E-04 1.408421E-04 1.187579E-04 9.765840E-05 6.581155E-05 3.364829E-05 1.581461E-05
86 1.705357E+01 5.178571E-01 2.504752E+00 1.219733E-04 1.321676E-04 1.427049E-04 1.435219E-04 1.210063E-04 9.952518E-05 6.707479E-05 3.429728E-05 1.612008E-05
87 1.757143E+01 5.178571E-01 2.504752E+00 1.242577E-04 1.346432E-04 1.453794E-04 1.462153E-04 1.232661E-04 1.014013E-04 6.834437E-05 3.494952E-05 1.642709E-05
88 1.808929E+01 5.178571E-01 2.504752E+00 1.265536E-04 1.371313E-04 1.480675E-04 1.489222E-04 1.255372E-04 1.032870E-04 6.962036E-05 3.560505E-05 1.673564E-05
89 1.860714E+01 5.178571E-01 2.504752E+00 1.288612E-04 1.396321E-04 1.507692E-04 1.516429E-04 1.278199E-04 1.051822E-04 7.090281E-05 3.626390E-05 1.704575E-05
90 1.912500E+01 5.178571E-01 2.504752E+00 1.311805E-04 1.421456E-04 1.534847E-04 1.543775E-04 1.301142E-04 1.070870E-04 7.219178E-05 3.692609E-05 1.735744E-05
91 1.964286E+01 5.178571E-01 2.504752E+00 1.336002E-04 1.447678E-04 1.563173E-04 1.572293E-04 1.325065E-04 1.090720E-04 7.353398E-05 3.761506E-05 1.768165E-05
92 2.016071E+01 5.178571E-01 2.504752E+00 1.361940E-04 1.475786E-04 1.593531E-04 1.602846E-04 1.350686E-04 1.111959E-04 7.496853E-05 3.835046E-05 1.802757E-05
93 2.067857E+01 5.178571E-01 2.504752E+00 1.390445E-04 1.506674E-04 1.626885E-04 1.636400E-04 1.378813E-04 1.135247E-04 7.653930E-05 3.915440E-05 1.840555E-05
94 2.119643E+01 5.178571E-01 2.504752E+00 1.422141E-04 1.541018E-04 1.663965E-04 1.673685E-04 1.410056E-04 1.161085E-04 7.827967E-05 4.004372E-05 1.882346E-05
95 2.171429E+01 5.178571E-01 2.504752E+00 1.457526E-04 1.579359E-04 1.705352E-04 1.715285E-04 1.444904E-04 1.189876E-04 8.021650E-05 4.103202E-05 1.928770E-05
96 2.223214E+01 5.178571E-01 2.504752E+00 1.497028E-04 1.622158E-04 1.751544E-04 1.761701E-04 1.483775E-04 1.221962E-04 8.237288E-05 4.213104E-05 1.980375E-05
97 2.275000E+01 5.178571E-01 2.504752E+00 1.541034E-04 1.669837E-04 1.802998E-04 1.813390E-04 1.527052E-04 1.257661E-04 8.477003E-05 4.335157E-05 2.037668E-05
98 2.326786E+01 5.178571E-01 2.504752E+00 1.589925E-04 1.722806E-04 1.860156E-04 1.870797E-04 1.575109E-04 1.297280E-04 8.742862E-05 4.470415E-05 2.101145E-05
99 2.378571E+01 5.178571E-01 2.504752E+00 1.644085E-04 1.781484E-04 1.923468E-04 1.934375E-04 1.628323E-04 1.341132E-04 9.036970E-05 4.619951E-05 2.171309E-05
100 2.430357E+01 5.178571E-01 2.504752E+00 1.703920E-04 1.846310E-04 1.993411E-04 2.004601E-04 1.687096E-04 1.389547E-04 9.361544E-05 4.784896E-05 2.248691E-05
101 2.482143E+01 5.178571E-01 2.504752E+00 1.769867E-04 1.917755E-04 2.070491E-04 2.081987E-04 1.751855E-04 1.442878E-04 9.718960E-05 4.966458E-05 2.333858E-05
102 2.533929E+01 5.178571E-01 2.504752E+00 1.842397E-04 1.996333E-04 2.155264E-04 2.167088E-04 1.823065E-04 1.501510E-04 1.011179E-04 5.165952E-05 2.427428E-05
103 2.585714E+01 5.178571E-01 2.504752E+00 1.922028E-04 2.082604E-04 2.248333E-04 2.260511E-04 1.901235E-04 1.565861E-04 1.054286E-04 5.384808E-05 2.530072E-05
104 2.637500E+01 5.178571E-01 2.504752E+00 2.009327E-04 2.177180E-04 2.350360E-04 2.362923E-04 1.986922E-04 1.636391E-04 1.101524E-04 5.624594E-05 2.642525E-05
105 2.689286E+01 5.178571E-01 2.504752E+00 2.104915E-04 2.280737E-04 2.462073E-04 2.475052E-04 2.080736E-04 1.713602E-04 1.153231E-04 5.887026E-05 2.765593E-05
106 2.741071E+01 5.178571E-01 2.504752E+00 2.209474E-04 2.394011E-04 2.584268E-04 2.597698E-04 2.183347E-04 1.798047E-04 1.209776E-04 6.173982E-05 2.900156E-05
107 2.792857E+01 5.178571E-01 2.504752E+00 2.323750E-04 2.517813E-04 2.717818E-04 2.731738E-04 2.295488E-04 1.890330E-04 1.271565E-04 6.487521E-05 3.047181E-05
108 2.844643E+01 5.178571E-01 2.504752E+00 2.448562E-04 2.653029E-04 2.863679E-04 2.878132E-04 2.417964E-04 1.991111E-04 1.339041E-04 6.829893E-05 3.207724E-05
109 2.896429E+01 5.178571E-01 2.504752E+00 2.584804E-04 2.800627E-04 3.022896E-04 3.037929E-04 2.551651E-04 2.101115E-04 1.412688E-04 7.203559E-05 3.382937E-05
110 2.948214E+01 5.178571E-01 2.504752E+00 2.733454E-04 2.961668E-04 3.196613E-04 3.212277E-04 2.697509E-04 2.221130E-04 1.493035E-04 7.611206E-05 3.574082E-05
111 3.000000E+01 5.178571E-01 2.504752E+00 2.895579E-04 3.137306E-04 3.386077E-04 3.402427E-04 2.856588E-04 2.352021E-04 1.580661E-04 8.055768E-05 3.782534E-05
112 3.051786E+01 5.178571E-01 2.504752E+00 3.072344E-04 3.328805E-04 3.592649E-04 3.609746E-04 3.030028E-04 2.494727E-04 1.676195E-04 8.540441E-05 4.009792E-05
113 3.103571E+01 5.178571E-01 2.504752E+00 3.265019E-04 3.537539E-04 3.817813E-04 3.835724E-04 3.219078E-04 2.650274E-04 1.780324E-04 9.068714E-05 4.257493E-05
114 3.155357E+01 5.178571E-01 2.504752E+00 3.474986E-04 3.765008E-04 4.063185E-04 4.081983E-04 3.425094E-04 2.819780E-04 1.893797E-04 9.644383E-05 4.527416E-05
115 3.207143E+01 5.178571E-01 2.504752E+00 3.703754E-04 4.012844E-04 4.330528E-04 4.350290E-04 3.649556E-04 3.004462E-04 2.017429E-04 1.027158E-04 4.821501E-05
116 3.258929E+01 5.178571E-01 2.504752E+00 3.952962E-04 4.282823E-04 4.621756E-04 4.642570E-04 3.894072E-04 3.205644E-04 2.152106E-04 1.095482E-04 5.141859E-05
117 3.310714E+01 5.178571E-01 2.504752E+00 4.224393E-04 4.576878E-04 4.938956E-04 4.960915E-04 4.160393E-04 3.424766E-04 2.298792E-04 1.169898E-04 5.490784E-05
118 3.362500E+01 5.178571E-01 2.504752E+00 4.519988E-04 4.897111E-04 5.284394E-04 5.307600E-04 4.450424E-04 3.663396E-04 2.458538E-04 1.250939E-04 5.870774E-05
119 3.414286E+01 5.178571E-01 2.504752E+00 4.841856E-04 5.245807E-04 5.660534E-04 5.685098E-04 4.766233E-04 3.923237E-04 2.632483E-04 1.339184E-04 6.284540E-05
120 3.466071E+01 5.178571E-01 2.504752E+00 5.192287E-04 5.625448E-04 6.070056E-04 6.096099E-04 5.110069E-04 4.206138E-04 2.821866E-04 1.435262E-04 6.735032E-05
121 3.517857E+01 5.178571E-01 2.504752E+00 5.573772E-04 6.038729E-04 6.515866E-04 6.543520E-04 5.484374E-04 4.514110E-04 3.028033E-04 1.539854E-04 7.225450E-05
122 3.569643E+01 5.178571E-01 2.504752E+00 5.989010E-04 6.488577E-04 7.001122E-04 7.030529E-04 5.891799E-04 4.849333E-04 3.252445E-04 1.653703E-04 7.759270E-05
123 3.621429E+01 5.178571E-01 2.504752E+00 6.440933E-04 6.978170E-04 7.529250E-04 7.560567E-04 6.335222E-04 5.214176E-04 3.496686E-04 1.777612E-04 8.340264E-05
124 3.673214E+01 5.178571E-01 2.504752E+00 6.932722E-04 7.510950E-04 8.103966E-04 8.137362E-04 6.817762E-04 5.611207E-04 3.762475E-04 1.912455E-04 8.972524E-05
125 3.725000E+01 5.178571E-01 2.504752E+00 7.467824E-04 8.090654E-04 8.729299E-04 8.764959E-04 7.342802E-04 6.043208E-04 4.051679E-04 2.059177E-04 9.660485E-05
126 3.776786E+01 5.178571E-01 2.504752E+00 8.049975E-04 8.721327E-04 9.409616E-04 9.447739E-04 7.914009E-04 6.513198E-04 4.366315E-04 2.218803E-04 1.040895E-04
127 3.828571E+01 5.178571E-01 2.504752E+00 8.683220E-04 9.407355E-04 1.014964E-03 1.019045E-03 8.535354E-04 7.024444E-04 4.708573E-04 2.392444E-04 1.122314E-04
128 3.880357E+01 5.178571E-01 2.504752E+00 9.371939E-04 1.015348E-03 1.095450E-03 1.099822E-03 9.211134E-04 7.580483E-04 5.080820E-04 2.581301E-04 1.210868E-04
129 3.932143E+01 5.178571E-01 2.504752E+00 1.012087E-03 1.096484E-03 1.182972E-03 1.187662E-03 9.945999E-04 8.185142E-04 5.485620E-04 2.786676E-04 1.307166E-04
130 3.983929E+01 5.178571E-01 2.504752E+00 1.093513E-03 1.184697E-03 1.278130E-03 1.283165E-03 1.074497E-03 8.842557E-04 5.925742E-04 3.009974E-04 1.411869E-04
131 4.035714E+01 5.178571E-01 2.504752E+00 1.182026E-03 1.280588E-03 1.381569E-03 1.386980E-03 1.161349E-03 9.557198E-04 6.404180E-04 3.252713E-04 1.525689E-04
132 4.087500E+01 5.178571E-01 2.504752E+00 1.278223E-03 1.384803E-03 1.493988E-03 1.499808E-03 1.255741E-03 1.033389E-03 6.924163E-04 3.516534E-04 1.649394E-04
133 4.139286E+01 5.178571E-01 2.504752E+00 1.382747E-03 1.498040E-03 1.616139E-03 1.622404E-03 1.358305E-03 1.117783E-03 7.489176E-04 3.803206E-04 1.783814E-04
134 4.191071E+01 5.178571E-01 2.504752E+00 1.496294E-03 1.621051E-03 1.748834E-03 1.755582E-03 1.469723E-03 1.209463E-03 8.102975E-04 4.114634E-04 1.929843E-04
135 4.242857E+01 5.178571E-01 2.504752E+00 1.619609E-03 1.754645E-03 1.892945E-03 1.900219E-03 1.590727E-03 1.309032E-03 8.769602E-04 4.452871E-04 2.088443E-04
136 4.294643E+01 5.178571E-01 2.504752E+00 1.753496E-03 1.899692E-03 2.049411E-03 2.057257E-03 1.722107E-03 1.417140E-03 9.493404E-04 4.820123E-04 2.260649E-04
137 4.346429E+01 5.178571E-01 2.504752E+00 1.898817E-03 2.057127E-03 2.219241E-03 2.227707E-03 1.864708E-03 1.534484E-03 1.027905E-03 5.218760E-04 2.447573E-04
138 4.398214E+01 5.178571E-01 2.504752E+00 2.056498E-03 2.227952E-03 2.403515E-03 2.412656E-03 2.019440E-03 1.661810E-03 1.113155E-03 5.651327E-04 2.650408E-04
139 4.450000E+01 5.178571E-01 2.504752E+00 2.227530E-03 2.413240E-03 2.603392E-03 2.613266E-03 2.187274E-03 1.799921E-03 1.205627E-03 6.120548E-04 2.870431E-04
140 4.501786E+01 5.178571E-01 2.504752E+00 2.412972E-03 2.614139E-03 2.820110E-03 2.830779E-03 2.369252E-03 1.949672E-03 1.305894E-03 6.629336E-04 3.109010E-04
141 4.553571E+01 5.178571E-01 2.504752E+00 2.613954E-03 2.831876E-03 3.054991E-03 3.066523E-03 2.566483E-03 2.111978E-03 1.414570E-03 7.180803E-04 3.367603E-04
142 4.605357E+01 5.178571E-01 2.504752E+00 2.831683E-03 3.067754E-03 3.309443E-03 3.321913E-03 2.780150E-03 2.287814E-03 1.532307E-03 7.778265E-04 3.647767E-04
143 4.657143E+01 5.178571E-01 2.504752E+00 3.067440E-03 3.323163E-03 3.584965E-03 3.598451E-03 3.011513E-03 2.478215E-03 1.659800E-03 8.425252E-04 3.951156E-04
144 4.708929E+01 5.178571E-01 2.504752E+00 3.322583E-03 3.599576E-03 3.883145E-03 3.897734E-03 3.261907E-03 2.684281E-03 1.797786E-03 9.125508E-04 4.279527E-04
145 4.760714E+01 5.178571E-01 2.504752E+00 3.598553E-03 3.898551E-03 4.205665E-03 4.221450E-03 3.532744E-03 2.907177E-03 1.947045E-03 9.882997E-04 4.634739E-04
146 4.812500E+01 5.178571E-01 2.504752E+00 3.896868E-03 4.221733E-03 4.554301E-03 4.571382E-03 3.825517E-03 3.148132E-03 2.108402E-03 1.070191E-03 5.018759E-04
147 4.864286E+01 5.178571E-01 2.504752E+00 4.219125E-03 4.570855E-03 4.930921E-03 4.949404E-03 4.141795E-03 3.408438E-03 2.282723E-03 1.158665E-03 5.433653E-04
148 4.916071E+01 5.178571E-01 2.504752E+00 4.567002E-03 4.947733E-03 5.337484E-03 5.357487E-03 4.483226E-03 3.689454E-03 2.470919E-03 1.254185E-03 5.881594E-04
149 4.967857E+01 5.178571E-01 2.504752E+00 4.942251E-03 5.354264E-03 5.776040E-03 5.797685E-03 4.851532E-03 3.992598E-03 2.673942E-03 1.357234E-03 6.364852E-04
150 5.019643E+01 5.178571E-01 2.504752E+00 5.346695E-03 5.792425E-03 6.248719E-03 6.272142E-03 5.248504E-03 4.319348E-03 2.892783E-03 1.468318E-03 6.885794E-04
151 5.071429E+01 5.178571E-01 2.504752E+00 5.782225E-03 6.264265E-03 6.757733E-03 6.783076E-03 5.676002E-03 4.671236E-03 3.128470E-03 1.587959E-03 7.446875E-04
152 5.123214E+01 5.178571E-01 2.504752E+00 6.250790E-03 6.771894E-03 7.305360E-03 7.332777E-03 6.135941E-03 5.049843E-03 3.382065E-03 1.716698E-03 8.050631E-04
153 5.175000E+01 5.178571E-01 2.504752E+00 6.754390E-03 7.317480E-03 7.893938E-03 7.923593E-03 6.630289E-03 5.456791E-03 3.654656E-03 1.855088E-03 8.699663E-04
154 5.226786E+01 5.178571E-01 2.504752E+00 7.295063E-03 7.903231E-03 8.525851E-03 8.557920E-03 7.161051E-03 5.893734E-03 3.947356E-03 2.003696E-03 9.396631E-04
155 5.278571E+01 5.178571E-01 2.504752E+00 7.874873E-03 8.531382E-03 9.203512E-03 9.238182E-03 7.730257E-03 6.362349E-03 4.261290E-03 2.163097E-03 1.014423E-03
156 5.330357E+01 5.178571E-01 2.504752E+00 8.495891E-03 9.204180E-03 9.929344E-03 9.966814E-03 8.339946E-03 6.864320E-03 4.597592E-03 2.333868E-03 1.094517E-03
157 5.382143E+01 5.178571E-01 2.504752E+00 9.160182E-03 9.923859E-03 1.070576E-02 1.074624E-02 8.992152E-03 7.401326E-03 4.957390E-03 2.516584E-03 1.180216E-03
158 5.433929E+01 5.178571E-01 2.504752E+00 9.869776E-03 1.069262E-02 1.153514E-02 1.157886E-02 9.688876E-03 7.975022E-03 5.341800E-03 2.711817E-03 1.271788E-03
159 5.485714E+01 5.178571E-01 2.504752E+00 1.062665E-02 1.151261E-02 1.241979E-02 1.246698E-02 1.043207E-02 8.587022E-03 5.751908E-03 2.920120E-03 1.369494E-03
160 5.537500E+01 5.178571E-01 2.504752E+00 1.143271E-02 1.238588E-02 1.336194E-02 1.341286E-02 1.122360E-02 9.238874E-03 6.188760E-03 3.142029E-03 1.473584E-03
161 5.589286E+01 5.178571E-01 2.504752E+00 1.228972E-02 1.331436E-02 1.436367E-02 1.441858E-02 1.206523E-02 9.932043E-03 6.653343E-03 3.378051E-03 1.584298E-03
162 5.641071E+01 5.178571E-01 2.504752E+00 1.319935E-02 1.429985E-02 1.542691E-02 1.548609E-02 1.295860E-02 1.066788E-02 7.146572E-03 3.628655E-03 1.701857E-03
163 5.692857E+01 5.178571E-01 2.504752E+00 1.416306E-02 1.534393E-02 1.655339E-02 1.661712E-02 1.390516E-02 1.144760E-02 7.669270E-03 3.894266E-03 1.826460E-03
164 5.744643E+01 5.178571E-01 2.504752E+00 1.518212E-02 1.644798E-02 1.774459E-02 1.781319E-02 1.490617E-02 1.227224E-02 8.222153E-03 4.175253E-03 1.958281E-03
165 5.796429E+01 5.178571E-01 2.504752E+00 1.625756E-02 1.761311E-02 1.900171E-02 1.907549E-02 1.596265E-02 1.314268E-02 8.805808E-03 4.471922E-03 2.097466E-03
166 5.848214E+01 5.178571E-01 2.504752E+00 1.739012E-02 1.884014E-02 2.032564E-02 2.040494E-02 1.707536E-02 1.405955E-02 9.420675E-03 4.784504E-03 2.244123E-03
167 5.900000E+01 5.178571E-01 2.504752E+00 1.858025E-02 2.012955E-02 2.171691E-02 2.180206E-02 1.824476E-02 1.502324E-02 1.006703E-02 5.113150E-03 2.398326E-03
168 5.951786E+01 5.178571E-01 2.504752E+00 1.982807E-02 2.148146E-02 2.317564E-02 2.326699E-02 1.947098E-02 1.603388E-02 1.074498E-02 5.457920E-03 2.560102E-03
169 6.003571E+01 5.178571E-01 2.504752E+00 2.113331E-02 2.289559E-02 2.470155E-02 2.479947E-02 2.075378E-02 1.709130E-02 1.145443E-02 5.818775E-03 2.729435E-03
170 6.055357E+01 5.178571E-01 2.504752E+00 2.249533E-02 2.437125E-02 2.629389E-02 2.639875E-02 2.209256E-02 1.819502E-02 1.219506E-02 6.195571E-03 2.906260E-03
171 6.107143E+01 5.178571E-01 2.504752E+00 2.391309E-02 2.590730E-02 2.795143E-02 2.806361E-02 2.348631E-02 1.934424E-02 1.296637E-02 6.588056E-03 3.090459E-03
172 6.158929E+01 5.178571E-01 2.504752E+00 2.538512E-02 2.750217E-02 2.967249E-02 2.979238E-02 2.493363E-02 2.053781E-02 1.376761E-02 6.995863E-03 3.281862E-03
173 6.210714E+01 5.178571E-01 2.504752E+00 2.690954E-02 2.915380E-02 3.145486E-02 3.158284E-02 2.643269E-02 2.177427E-02 1.459780E-02 7.418510E-03 3.480246E-03
174 6.262500E+01 5.178571E-01 2.504752E+00 2.848404E-02 3.085970E-02 3.329585E-02 3.343232E-02 2.798125E-02 2.305179E-02 1.545575E-02 7.855400E-03 3.685330E-03
175 6.314286E+01 5.178571E-01 2.504752E+00 3.010590E-02 3.261693E-02 3.519230E-02 3.533765E-02 2.957667E-02 2.436823E-02 1.634004E-02 8.305825E-03 3.896786E-03
176 6.366071E+01 5.178571E-01 2.504752E+00 3.177203E-02 3.442214E-02 3.714059E-02 3.729521E-02 3.121593E-02 2.572112E-02 1.724904E-02 8.768966E-03 4.114230E-03
177 6.417857E+01 5.178571E-01 2.504752E+00 3.347894E-02 3.627155E-02 3.913665E-02 3.930094E-02 3.289564E-02 2.710769E-02 1.818091E-02 9.243906E-03 4.337234E-03
178 6.469643E+01 5.178571E-01 2.504752E+00 3.522283E-02 3.816104E-02 4.117606E-02 4.135039E-02 3.461210E-02 2.852492E-02 1.913364E-02 9.729631E-03 4.565324E-03
179 6.521429E+01 5.178571E-01 2.504752E+00 3.699961E-02 4.008619E-02 4.325404E-02 4.343879E-02 3.636131E-02 2.996953E-02 2.010505E-02 1.022505E-02 4.797988E-03
180 6.573214E+01 5.178571E-01 2.504752E+00 3.880493E-02 4.204227E-02 4.536549E-02 4.556104E-02 3.813901E-02 3.143804E-02 2.109284E-02 1.072899E-02 5.034681E-03
181 6.625000E+01 5.178571E-01 2.504752E+00 4.063425E-02 4.402438E-02 4.750513E-02 4.771183E-02 3.994077E-02 3.292682E-02 2.209457E-02 1.124023E-02 5.274830E-03
182 6.676786E+01 5.178571E-01 2.504752E+00 4.248288E-02 4.602743E-02 4.966748E-02 4.988567E-02 4.176200E-02 3.443210E-02 2.310773E-02 1.175751E-02 5.517841E-03
183 6.728571E+01 5.178571E-01 2.504752E+00 4.434603E-02 4.804624E-02 5.184696E-02 5.207696E-02 4.359802E-02 3.595004E-02 2.412977E-02 1.227952E-02 5.763108E-03
184 6.780357E+01 5.178571E-01 2.504752E+00 4.621891E-02 5.007561E-02 5.403793E-02 5.428006E-02 4.544412E-02 3.747677E-02 2.515809E-02 1.280496E-02 6.010017E-03
185 6.832143E+01 5.178571E-01 2.504752E+00 4.809671E-02 5.211034E-02 5.623482E-02 5.648937E-02 4.729560E-02 3.900843E-02 2.619011E-02 1.333252E-02 6.257953E-03
186 6.883929E+01 5.178571E-01 2.504752E+00 4.997473E-02 5.414532E-02 5.843209E-02 5.869933E-02 4.914782E-02 4.054119E-02 2.722327E-02 1.386090E-02 6.506309E-03
187 6.935714E+01 5.178571E-01 2.504752E+00 5.184834E-02 5.617557E-02 6.062438E-02 6.090456E-02 5.099627E-02 4.207135E-02 2.825509E-02 1.438884E-02 6.754492E-03
188 6.987500E+01 5.178571E-01 2.504752E+00 5.371314E-02 5.819628E-02 6.280650E-02 6.309985E-02 5.283659E-02 4.359531E-02 2.928316E-02 1.491511E-02 7.001925E-03
189 7.039286E+01 5.178571E-01 2.504752E+00 5.556488E-02 6.020288E-02 6.497350E-02 6.528022E-02 5.466462E-02 4.510964E-02 3.030516E-02 1.543853E-02 7.248057E-03
190 7.091071E+01 5.178571E-01 2.504752E+00 5.739958E-02 6.219103E-02 6.712072E-02 6.744100E-02 5.647644E-02 4.661109E-02 3.131890E-02 1.595799E-02 7.492364E-03
191 7.142857E+01 5.178571E-01 2.504752E+00 5.921351E-02 6.415671E-02 6.924381E-02 6.957779E-02 5.826836E-02 4.809661E-02 3.232236E-02 1.647244E-02 7.734353E-03
192 7.194643E+01 5.178571E-01 2.504752E+00 6.100323E-02 6.609618E-02 7.133874E-02 7.168655E-02 6.003700E-02 4.956341E-02 3.331362E-02 1.698091E-02 7.973569E-03
193 7.246429E+01 5.178571E-01 2.504752E+00 6.276562E-02 6.800607E-02 7.340183E-02 7.376359E-02 6.177926E-02 5.100891E-02 3.429094E-02 1.748251E-02 8.209591E-03
194 7.298214E+01 5.178571E-01 2.504752E+00 6.449786E-02 6.988330E-02 7.542980E-02 7.580558E-02 6.349234E-02 5.243078E-02 3.525276E-02 1.797643E-02 8.442036E-03
195 7.350000E+01 5.178571E-01 2.504752E+00 6.619743E-02 7.172516E-02 7.741971E-02 7.780956E-02 6.517376E-02 5.382695E-02 3.619766E-02 1.846193E-02 8.670564E-03
196 7.401786E+01 5.178571E-01 2.504752E+00 6.786215E-02 7.352929E-02 7.936899E-02 7.977294E-02 6.682134E-02 5.519562E-02 3.712441E-02 1.893839E-02 8.894869E-03
197 7.453571E+01 5.178571E-01 2.504752E+00 6.949015E-02 7.529364E-02 8.127544E-02 8.169349E-02 6.843322E-02 5.653519E-02 3.803193E-02 1.940523E-02 9.114689E-03
198 7.505357E+01 5.178571E-01 2.504752E+00 7.107985E-02 7.701652E-02 8.313721E-02 8.356936E-02 7.000780E-02 5.784436E-02 3.891930E-02 1.986198E-02 9.329796E-03
199 7.557143E+01 5.178571E-01 2.504752E+00 7.262997E-02 7.869654E-02 8.495280E-02 8.539900E-02 7.154381E-02 5.912202E-02 3.978577E-02 2.030824E-02 9.540002E-03
200 7.608929E+01 5.178571E-01 2.504752E+00 7.413950E-02 8.033258E-02 8.672101E-02 8.718120E-02 7.304021E-02 6.036730E-02 4.063073E-02 2.074369E-02 9.745152E-03
201 7.660714E+01 5.178571E-01 2.504752E+00 7.560769E-02 8.192385E-02 8.844096E-02 8.891506E-02 7.449623E-02 6.157953E-02 4.145371E-02 2.116807E-02 9.945124E-03
202 7.712500E+01 5.178571E-01 2.504752E+00 7.703402E-02 8.346979E-02 9.011204E-02 9.059995E-02 7.591135E-02 6.275824E-02 4.225436E-02 2.158119E-02 1.013983E-02
203 7.764286E+01 5.178571E-01 2.504752E+00 7.841822E-02 8.497008E-02 9.173392E-02 9.223552E-02 7.728524E-02 6.390314E-02 4.303247E-02 2.198293E-02 1.032920E-02
204 7.816071E+01 5.178571E-01 2.504752E+00 7.976020E-02 8.642464E-02 9.330647E-02 9.382163E-02 7.861779E-02 6.501411E-02 4.378793E-02 2.237322E-02 1.051321E-02
205 7.867857E+01 5.178571E-01 2.504752E+00 8.106006E-02 8.783356E-02 9.482982E-02 9.535838E-02 7.990907E-02 6.609117E-02 4.452072E-02 2.275204E-02 1.069185E-02
206 7.919643E+01 5.178571E-01 2.504752E+00 8.231805E-02 8.919714E-02 9.630425E-02 9.684606E-02 8.115929E-02 6.713447E-02 4.523094E-02 2.311941E-02 1.086512E-02
207 7.971429E+01 5.178571E-01 2.504752E+00 8.353459E-02 9.051580E-02 9.773023E-02 9.828510E-02 8.236883E-02 6.814429E-02 4.591874E-02 2.347540E-02 1.103306E-02
208 8.023214E+01 5.178571E-01 2.504752E+00 8.471020E-02 9.179013E-02 9.910838E-02 9.967612E-02 8.353818E-02 6.912102E-02 4.658435E-02 2.382013E-02 1.119571E-02
209 8.075000E+01 5.178571E-01 2.504752E+00 8.584554E-02 9.302081E-02 1.004394E-01 1.010198E-01 8.466795E-02 7.006511E-02 4.722808E-02 2.415372E-02 1.135314E-02
210 8.126786E+01 5.178571E-01 2.504752E+00 8.694133E-02 9.420866E-02 1.017243E-01 1.023171E-01 8.575882E-02 7.097713E-02 4.785027E-02 2.447635E-02 1.150542E-02
211 8.178571E+01 5.178571E-01 2.504752E+00 8.799839E-02 9.535454E-02 1.029638E-01 1.035689E-01 8.681159E-02 7.185768E-02 4.845131E-02 2.478820E-02 1.165265E-02
212 8.230357E+01 5.178571E-01 2.504752E+00 8.901761E-02 9.645942E-02 1.041591E-01 1.047762E-01 8.782709E-02 7.270745E-02 4.903164E-02 2.508949E-02 1.179491E-02
213 8.282143E+01 5.178571E-01 2.504752E+00 8.999992E-02 9.752430E-02 1.053112E-01 1.059401E-01 8.880622E-02 7.352715E-02 4.959172E-02 2.538043E-02 1.193231E-02
214 8.333929E+01 5.178571E-01 2.504752E+00 9.094629E-02 9.855025E-02 1.064212E-01 1.070617E-01 8.974991E-02 7.431753E-02 5.013205E-02 2.566128E-02 1.206497E-02
215 8.385714E+01 5.178571E-01 2.504752E+00 9.185773E-02 9.953834E-02 1.074904E-01 1.081421E-01 9.065913E-02 7.507937E-02 5.065313E-02 2.593228E-02 1.219299E-02
216 8.437500E+01 5.178571E-01 2.504752E+00 9.273527E-02 1.004897E-01 1.085199E-01 1.091827E-01 9.153488E-02 7.581347E-02 5.115550E-02 2.619368E-02 1.231651E-02
217 8.489286E+01 5.178571E-01 2.504752E+00 9.357994E-02 1.014054E-01 1.095109E-01 1.101845E-01 9.237815E-02 7.652066E-02 5.163967E-02 2.644576E-02 1.243564E-02
218 8.541071E+01 5.178571E-01 2.504752E+00 9.439279E-02 1.022867E-01 1.104647E-01 1.111488E-01 9.318998E-02 7.720175E-02 5.210620E-02 2.668879E-02 1.255051E-02
219 8.592857E+01 5.178571E-01 2.504752E+00 9.517488E-02 1.031346E-01 1.113825E-01 1.120769E-01 9.397136E-02 7.785757E-02 5.255563E-02 2.692303E-02 1.266124E-02
220 8.644643E+01 5.178571E-01 2.504752E+00 9.592724E-02 1.039503E-01 1.122654E-01 1.129699E-01 9.472332E-02 7.848893E-02 5.298850E-02 2.714875E-02 1.276797E-02
221 8.696429E+01 5.178571E-01 2.504752E+00 9.665090E-02 1.047349E-01 1.131148E-01 1.138290E-01 9.544686E-02 7.909667E-02 5.340535E-02 2.736624E-02 1.287081E-02
222 8.748214E+01 5.178571E-01 2.504752E+00 9.734688E-02 1.054895E-01 1.139317E-01 1.146555E-01 9.614296E-02 7.968159E-02 5.380672E-02 2.757574E-02 1.296990E-02
223 8.800000E+01 5.178571E-01 2.504752E+00 9.801617E-02 1.062152E-01 1.147174E-01 1.154504E-01 9.681261E-02 8.024447E-02 5.419315E-02 2.777754E-02 1.306536E-02
224 8.851786E+01 5.178571E-01 2.504752E+00 9.865977E-02 1.069130E-01 1.154729E-01 1.162150E-01 9.745675E-02 8.078612E-02 5.456514E-02 2.797190E-02 1.315730E-02
225 8.903571E+01 5.178571E-01 2.504752E+00 9.927863E-02 1.075840E-01 1.161995E-01 1.169503E-01 9.807633E-02 8.130729E-02 5.492320E-02 2.815906E-02 1.324586E-02
226 8.955357E+01 5.178571E-01 2.504752E+00 9.987367E-02 1.082292E-01 1.168981E-01 1.176575E-01 9.867226E-02 8.180873E-02 5.526785E-02 2.833928E-02 1.333115E-02
227 9.007143E+01 5.178571E-01 2.504752E+00 1.004458E-01 1.088495E-01 1.175700E-01 1.183376E-01 9.924542E-02 8.229117E-02 5.559956E-02 2.851281E-02 1.341328E-02
228 9.058929E+01 5.178571E-01 2.504752E+00 1.009959E-01 1.094460E-01 1.182160E-01 1.189917E-01 9.979668E-02 8.275532E-02 5.591881E-02 2.867990E-02 1.349236E-02
229 9.110714E+01 5.178571E-01 2.504752E+00 1.015249E-01 1.100196E-01 1.188371E-01 1.196207E-01 1.003269E-01 8.320187E-02 5.622606E-02 2.884076E-02 1.356851E-02
230 9.162500E+01 5.178571E-01 2.504752E+00 1.020335E-01 1.105711E-01 1.194345E-01 1.202256E-01 1.008368E-01 8.363148E-02 5.652176E-02 2.899563E-02 1.364184E-02
231 9.214286E+01 5.178571E-01 2.504752E+00 1.025226E-01 1.111014E-01 1.200089E-01 1.208074E-01 1.013273E-01 8.404482E-02 5.680634E-02 2.914474E-02 1.371244E-02
232 9.266071E+01 5.178571E-01 2.504752E+00 1.029929E-01 1.116114E-01 1.205613E-01 1.213669E-01 1.017991E-01 8.444249E-02 5.708023E-02 2.928828E-02 1.378042E-02
233 9.317857E+01 5.178571E-01 2.504752E+00 1.034451E-01 1.121018E-01 1.210926E-01 1.219051E-01 1.022529E-01 8.482511E-02 5.734382E-02 2.942648E-02 1.384587E-02
234 9.369643E+01 5.178571E-01 2.504752E+00 1.038801E-01 1.125735E-01 1.216035E-01 1.224227E-01 1.026894E-01 8.519326E-02 5.759751E-02 2.955953E-02 1.390889E-02
235 9.421429E+01 5.178571E-01 2.504752E+00 1.042984E-01 1.130271E-01 1.220949E-01 1.229207E-01 1.031093E-01 8.554750E-02 5.784169E-02 2.968763E-02 1.396957E-02
236 9.473214E+01 5.178571E-01 2.504752E+00 1.047008E-01 1.134634E-01 1.225677E-01 1.233997E-01 1.035133E-01 8.588838E-02 5.807671E-02 2.981096E-02 1.402800E-02
237 9.525000E+01 5.178571E-01 2.504752E+00 1.050879E-01 1.138832E-01 1.230224E-01 1.238605E-01 1.039020E-01 8.621640E-02 5.830293E-02 2.992971E-02 1.408426E-02
238 9.576786E+01 5.178571E-01 2.504752E+00 1.054602E-01 1.142870E-01 1.234599E-01 1.243039E-01 1.042760E-01 8.653209E-02 5.852068E-02 3.004404E-02 1.413843E-02
239 9.628571E+01 5.178571E-01 2.504752E+00 1.058184E-01 1.146754E-01 1.238808E-01 1.247305E-01 1.046359E-01 8.683591E-02 5.873030E-02 3.015413E-02 1.419060E-02
240 9.680357E+01 5.178571E-01 2.504752E+00 1.061631E-01 1.150492E-01 1.242858E-01 1.251410E-01 1.049822E-01 8.712833E-02 5.893210E-02 3.026013E-02 1.424083E-02
241 9.732143E+01 5.178571E-01 2.504752E+00 1.064948E-01 1.154088E-01 1.246755E-01 1.255360E-01 1.053155E-01 8.740981E-02 5.912638E-02 3.036221E-02 1.428921E-02
242 9.783929E+01 5.178571E-01 2.504752E+00 1.068139E-01 1.157549E-01 1.250505E-01 1.259162E-01 1.056363E-01 8.768076E-02 5.931343E-02 3.046050E-02 1.433580E-02
243 9.835714E+01 5.178571E-01 2.504752E+00 1.071211E-01 1.160880E-01 1.254115E-01 1.262821E-01 1.059450E-01 8.794159E-02 5.949353E-02 3.055517E-02 1.438067E-02
244 9.887500E+01 5.178571E-01 2.504752E+00 1.074167E-01 1.164086E-01 1.257589E-01 1.266343E-01 1.062422E-01 8.819271E-02 5.966695E-02 3.064633E-02 1.442388E-02
245 9.939286E+01 5.178571E-01 2.504752E+00 1.077013E-01 1.167172E-01 1.260933E-01 1.269734E-01 1.065284E-01 8.843449E-02 5.983394E-02 3.073414E-02 1.446551E-02
246 9.991071E+01 5.178571E-01 2.504752E+00 1.079752E-01 1.170143E-01 1.264152E-01 1.272998E-01 1.068038E-01 8.866730E-02 5.999476E-02 3.081871E-02 1.450560E-02
247 1.004286E+02 5.178571E-01 2.504752E+00 1.082389E-01 1.173003E-01 1.267252E-01 1.276141E-01 1.070690E-01 8.889147E-02 6.014964E-02 3.090017E-02 1.454422E-02
248 1.009464E+02 5.178571E-01 2.504752E+00 1.084928E-01 1.175756E-01 1.270236E-01 1.279167E-01 1.073244E-01 8.910736E-02 6.029880E-02 3.097864E-02 1.458142E-02
249 1.014643E+02 5.178571E-01 2.504752E+00 1.087373E-01 1.178408E-01 1.273110E-01 1.282081E-01 1.075704E-01 8.931527E-02 6.044248E-02 3.105423E-02 1.461726E-02
250 1.019821E+02 5.178571E-01 2.504752E+00 1.089728E-01 1.180961E-01 1.275877E-01 1.284888E-01 1.078072E-01 8.951553E-02 6.058087E-02 3.112705E-02 1.465179E-02
251 1.025000E+02 5.178571E-01 2.504752E+00 1.091995E-01 1.183420E-01 1.278542E-01 1.287590E-01 1.080353E-01 8.970841E-02 6.071419E-02 3.119720E-02 1.468506E-02
252 1.030179E+02 5.178571E-01 2.504752E+00 1.094179E-01 1.185789E-01 1.281109E-01 1.290194E-01 1.082550E-01 8.989421E-02 6.084262E-02 3.126479E-02 1.471711E-02
253 1.035357E+02 5.178571E-01 2.504752E+00 1.096282E-01 1.188070E-01 1.283581E-01 1.292701E-01 1.084667E-01 9.007320E-02 6.096635E-02 3.132991E-02 1.474799E-02
254 1.040536E+02 5.178571E-01 2.504752E+00 1.098309E-01 1.190267E-01 1.285963E-01 1.295117E-01 1.086706E-01 9.024563E-02 6.108556E-02 3.139266E-02 1.477775E-02
255 1.045714E+02 5.178571E-01 2.504752E+00 1.100261E-01 1.192384E-01 1.288258E-01 1.297444E-01 1.088670E-01 9.041177E-02 6.120042E-02 3.145313E-02 1.480642E-02
256 1.050893E+02 5.178571E-01 2.504752E+00 1.102141E-01 1.194424E-01 1.290468E-01 1.299686E-01 1.090563E-01 9.057184E-02 6.131110E-02 3.151139E-02 1.483405E-02
257 1.056071E+02 5.178571E-01 2.504752E+00 1.103953E-01 1.196389E-01 1.292598E-01 1.301846E-01 1.092386E-01 9.072609E-02 6.141775E-02 3.156754E-02 1.486068E-02
258 1.061250E+02 5.178571E-01 2.504752E+00 1.105699E-01 1.198283E-01 1.294650E-01 1.303928E-01 1.094144E-01 9.087472E-02 6.152053E-02 3.162165E-02 1.488635E-02
259 1.066429E+02 5.178571E-01 2.504752E+00 1.107382E-01 1.200107E-01 1.296628E-01 1.305934E-01 1.095837E-01 9.101796E-02 6.161958E-02 3.167380E-02 1.491108E-02
260 1.071607E+02 5.178571E-01 2.504752E+00 1.109003E-01 1.201866E-01 1.298534E-01 1.307867E-01 1.097469E-01 9.115601E-02 6.171504E-02 3.172407E-02 1.493492E-02
261 1.076786E+02 5.178571E-01 2.504752E+00 1.110566E-01 1.203560E-01 1.300371E-01 1.309731E-01 1.099042E-01 9.128906E-02 6.180704E-02 3.177251E-02 1.495790E-02
262 1.081964E+02 5.178571E-01 2.504752E+00 1.112072E-01 1.205194E-01 1.302141E-01 1.311526E-01 1.100558E-01 9.141729E-02 6.189573E-02 3.181921E-02 1.498005E-02
263 1.087143E+02 5.178571E-01 2.504752E+00 1.113524E-01 1.206768E-01 1.303848E-01 1.313257E-01 1.102019E-01 9.154090E-02 6.198121E-02 3.186423E-02 1.500140E-02
264 1.092321E+02 5.178571E-01 2.504752E+00 1.114923E-01 1.208286E-01 1.305493E-01 1.314926E-01 1.103427E-01 9.166006E-02 6.206361E-02 3.190762E-02 1.502198E-02
265 1.097500E+02 5.178571E-01 2.504752E+00 1.116272E-01 1.209749E-01 1.307079E-01 1.316534E-01 1.104785E-01 9.177492E-02 6.214305E-02 3.194945E-02 1.504182E-02
266 1.102679E+02 5.178571E-01 2.504752E+00 1.117573E-01 1.211159E-01 1.308607E-01 1.318085E-01 1.106094E-01 9.188565E-02 6.221963E-02 3.198977E-02 1.506095E-02
267 1.107857E+02 5.178571E-01 2.504752E+00 1.118826E-01 1.212519E-01 1.310081E-01 1.319580E-01 1.107356E-01 9.199241E-02 6.229346E-02 3.202865E-02 1.507939E-02
268 1.113036E+02 5.178571E-01 2.504752E+00 1.120035E-01 1.213830E-01 1.311502E-01 1.321021E-01 1.108573E-01 9.209534E-02 6.236464E-02 3.206613E-02 1.509717E-02
269 1.118214E+02 5.178571E-01 2.504752E+00 1.121201E-01 1.215094E-01 1.312872E-01 1.322411E-01 1.109746E-01 9.219458E-02 6.243327E-02 3.210227E-02 1.511431E-02
270 1.123393E+02 5.178571E-01 2.504752E+00 1.122325E-01 1.216313E-01 1.314194E-01 1.323751E-01 1.110877E-01 9.229027E-02 6.249944E-02 3.213711E-02 1.513084E-02
271 1.128571E+02 5.178571E-01 2.504752E+00 1.123409E-01 1.217488E-01 1.315468E-01 1.325043E-01 1.111968E-01 9.238254E-02 6.256324E-02 3.217071E-02 1.514678E-02
272 1.133750E+02 5.178571E-01 2.504752E+00 1.124454E-01 1.218622E-01 1.316696E-01 1.326289E-01 1.113020E-01 9.247151E-02 6.262477E-02 3.220311E-02 1.516214E-02
273 1.138929E+02 5.178571E-01 2.504752E+00 1.125462E-01 1.219715E-01 1.317881E-01 1.327491E-01 1.114034E-01 9.255731E-02 6.268410E-02 3.223435E-02 1.517696E-02
274 1.144107E+02 5.178571E-01 2.504752E+00 1.126434E-01 1.220769E-01 1.319023E-01 1.328650E-01 1.115012E-01 9.264005E-02 6.274131E-02 3.226447E-02 1.519125E-02
275 1.149286E+02 5.178571E-01 2.504752E+00 1.127371E-01 1.221786E-01 1.320125E-01 1.329768E-01 1.115956E-01 9.271985E-02 6.279648E-02 3.229352E-02 1.520503E-02
276 1.154464E+02 5.178571E-01 2.504752E+00 1.128275E-01 1.222766E-01 1.321188E-01 1.330846E-01 1.116865E-01 9.279680E-02 6.284969E-02 3.232153E-02 1.521832E-02
277 1.159643E+02 5.178571E-01 2.504752E+00 1.129148E-01 1.223712E-01 1.322213E-01 1.331885E-01 1.117743E-01 9.287103E-02 6.290101E-02 3.234855E-02 1.523113E-02
278 1.164821E+02 5.178571E-01 2.504752E+00 1.129989E-01 1.224625E-01 1.323202E-01 1.332888E-01 1.118589E-01 9.294261E-02 6.295050E-02 3.237460E-02 1.524349E-02
279 1.170000E+02 5.178571E-01 2.504752E+00 1.130800E-01 1.225505E-01 1.324156E-01 1.333855E-01 1.119406E-01 9.301166E-02 6.299823E-02 3.239973E-02 1.525541E-02
280 1.175179E+02 5.178571E-01 2.504752E+00 1.131583E-01 1.226353E-01 1.325076E-01 1.334788E-01 1.120193E-01 9.307826E-02 6.304428E-02 3.242397E-02 1.526690E-02
281 1.180357E+02 5.178571E-01 2.504752E+00 1.132338E-01 1.227172E-01 1.325963E-01 1.335689E-01 1.120953E-01 9.314250E-02 6.308868E-02 3.244734E-02 1.527799E-02
282 1.185536E+02 5.178571E-01 2.504752E+00 1.133066E-01 1.227962E-01 1.326819E-01 1.336557E-01 1.121686E-01 9.320447E-02 6.313152E-02 3.246988E-02 1.528868E-02
283 1.190714E+02 5.178571E-01 2.504752E+00 1.133769E-01 1.228724E-01 1.327645E-01 1.337394E-01 1.122393E-01 9.326424E-02 6.317283E-02 3.249163E-02 1.529900E-02
284 1.195893E+02 5.178571E-01 2.504752E+00 1.134447E-01 1.229459E-01 1.328442E-01 1.338202E-01 1.123075E-01 9.332190E-02 6.321269E-02 3.251260E-02 1.530894E-02
285 1.201071E+02 5.178571E-01 2.504752E+00 1.135101E-01 1.230169E-01 1.329211E-01 1.338982E-01 1.123733E-01 9.337753E-02 6.325113E-02 3.253284E-02 1.531854E-02
286 1.206250E+02 5.178571E-01 2.504752E+00 1.135732E-01 1.230853E-01 1.329952E-01 1.339734E-01 1.124368E-01 9.343119E-02 6.328822E-02 3.255235E-02 1.532780E-02
287 1.211429E+02 5.178571E-01 2.504752E+00 1.136341E-01 1.231513E-01 1.330668E-01 1.340460E-01 1.124980E-01 9.348296E-02 6.332399E-02 3.257118E-02 1.533672E-02
288 1.216607E+02 5.178571E-01 2.504752E+00 1.136928E-01 1.232150E-01 1.331358E-01 1.341160E-01 1.125571E-01 9.353290E-02 6.335850E-02 3.258933E-02 1.534534E-02
289 1.221786E+02 5.178571E-01 2.504752E+00 1.137495E-01 1.232765E-01 1.332024E-01 1.341835E-01 1.126141E-01 9.358109E-02 6.339180E-02 3.260685E-02 1.535365E-02
290 1.226964E+02 5.178571E-01 2.504752E+00 1.138042E-01 1.233358E-01 1.332667E-01 1.342487E-01 1.126691E-01 9.362757E-02 6.342392E-02 3.262375E-02 1.536166E-02
291 1.232143E+02 5.178571E-01 2.504752E+00 1.138569E-01 1.233930E-01 1.333287E-01 1.343116E-01 1.127221E-01 9.367242E-02 6.345490E-02 3.264005E-02 1.536939E-02
292 1.237321E+02 5.178571E-01 2.504752E+00 1.139079E-01 1.234482E-01 1.333886E-01 1.343722E-01 1.127733E-01 9.371570E-02 6.348480E-02 3.265578E-02 1.537685E-02
293 1.242500E+02 5.178571E-01 2.504752E+00 1.139570E-01 1.235015E-01 1.334463E-01 1.344308E-01 1.128227E-01 9.375745E-02 6.351364E-02 3.267095E-02 1.538404E-02
294 1.247679E+02 5.178571E-01 2.504752E+00 1.140044E-01 1.235529E-01 1.335020E-01 1.344873E-01 1.128704E-01 9.379773E-02 6.354147E-02 3.268558E-02 1.539099E-02
295 1.252857E+02 5.178571E-01 2.504752E+00 1.140501E-01 1.236025E-01 1.335558E-01 1.345418E-01 1.129164E-01 9.383660E-02 6.356832E-02 3.269970E-02 1.539768E-02
296 1.258036E+02 5.178571E-01 2.504752E+00 1.140943E-01 1.236504E-01 1.336077E-01 1.345944E-01 1.129608E-01 9.387410E-02 6.359422E-02 3.271333E-02 1.540414E-02
297 1.263214E+02 5.178571E-01 2.504752E+00 1.141369E-01 1.236966E-01 1.336577E-01 1.346451E-01 1.130036E-01 9.391029E-02 6.361921E-02 3.272647E-02 1.541037E-02
298 1.268393E+02 5.178571E-01 2.504752E+00 1.141780E-01 1.237412E-01 1.337060E-01 1.346941E-01 1.130450E-01 9.394521E-02 6.364333E-02 3.273915E-02 1.541639E-02
299 1.273571E+02 5.178571E-01 2.504752E+00 1.142177E-01 1.237842E-01 1.337527E-01 1.347414E-01 1.130848E-01 9.397891E-02 6.366659E-02 3.275138E-02 1.542219E-02
300 1.278750E+02 5.178571E-01 2.504752E+00 1.142560E-01 1.238257E-01 1.337977E-01 1.347870E-01 1.131233E-01 9.401142E-02 6.368905E-02 3.276319E-02 1.542779E-02
301 1.283929E+02 5.178571E-01 2.504752E+00 1.142929E-01 1.238658E-01 1.338411E-01 1.348310E-01 1.131605E-01 9.404279E-02 6.371071E-02 3.277458E-02 1.543319E-02
302 1.289107E+02 5.178571E-01 2.504752E+00 1.143286E-01 1.239045E-01 1.338830E-01 1.348735E-01 1.131963E-01 9.407307E-02 6.373161E-02 3.278557E-02 1.543840E-02
303 1.294286E+02 5.178571E-01 2.504752E+00 1.143630E-01 1.239418E-01 1.339234E-01 1.349145E-01 1.132309E-01 9.410228E-02 6.375178E-02 3.279617E-02 1.544343E-02
304 1.299464E+02 5.178571E-01 2.504752E+00 1.143962E-01 1.239778E-01 1.339624E-01 1.349541E-01 1.132643E-01 9.413047E-02 6.377124E-02 3.280640E-02 1.544828E-02
305 1.304643E+02 5.178571E-01 2.504752E+00 1.144283E-01 1.240126E-01 1.340001E-01 1.349922E-01 1.132965E-01 9.415768E-02 6.379002E-02 3.281627E-02 1.545296E-02
306 1.309821E+02 5.178571E-01 2.504752E+00 1.144592E-01 1.240461E-01 1.340365E-01 1.350291E-01 1.133276E-01 9.418393E-02 6.380814E-02 3.282579E-02 1.545747E-02
307 1.315000E+02 5.178571E-01 2.504752E+00 1.144890E-01 1.240785E-01 1.340715E-01 1.350646E-01 1.133576E-01 9.420927E-02 6.382563E-02 3.283498E-02 1.546183E-02
308 1.320179E+02 5.178571E-01 2.504752E+00 1.145179E-01 1.241098E-01 1.341054E-01 1.350990E-01 1.133865E-01 9.423372E-02 6.384251E-02 3.284385E-02 1.546603E-02
309 1.325357E+02 5.178571E-01 2.504752E+00 1.145457E-01 1.241399E-01 1.341381E-01 1.351321E-01 1.134145E-01 9.425731E-02 6.385879E-02 3.285240E-02 1.547009E-02
310 1.330536E+02 5.178571E-01 2.504752E+00 1.145725E-01 1.241690E-01 1.341696E-01 1.351641E-01 1.134414E-01 9.428008E-02 6.387450E-02 3.286066E-02 1.547401E-02
311 1.335714E+02 5.178571E-01 2.504752E+00 1.145984E-01 1.241971E-01 1.342001E-01 1.351949E-01 1.134675E-01 9.430206E-02 6.388967E-02 3.286863E-02 1.547778E-02
312 1.340893E+02 5.178571E-01 2.504752E+00 1.146234E-01 1.242242E-01 1.342295E-01 1.352247E-01 1.134926E-01 9.432327E-02 6.390430E-02 3.287632E-02 1.548143E-02
313 1.346071E+02 5.178571E-01 2.504752E+00 1.146476E-01 1.242504E-01 1.342578E-01 1.352534E-01 1.135168E-01 9.434373E-02 6.391842E-02 3.288373E-02 1.548494E-02
314 1.351250E+02 5.178571E-01 2.504752E+00 1.146709E-01 1.242757E-01 1.342852E-01 1.352812E-01 1.135402E-01 9.436349E-02 6.393205E-02 3.289089E-02 1.548834E-02
315 1.356429E+02 5.178571E-01 2.504752E+00 1.146934E-01 1.243001E-01 1.343116E-01 1.353079E-01 1.135628E-01 9.438255E-02 6.394520E-02 3.289780E-02 1.549161E-02
316 1.361607E+02 5.178571E-01 2.504752E+00 1.147151E-01 1.243236E-01 1.343371E-01 1.353338E-01 1.135846E-01 9.440095E-02 6.395789E-02 3.290447E-02 1.549477E-02
317 1.366786E+02 5.178571E-01 2.504752E+00 1.147360E-01 1.243463E-01 1.343617E-01 1.353587E-01 1.136056E-01 9.441870E-02 6.397014E-02 3.291090E-02 1.549782E-02
318 1.371964E+02 5.178571E-01 2.504752E+00 1.147562E-01 1.243682E-01 1.343855E-01 1.353828E-01 1.136260E-01 9.443584E-02 6.398196E-02 3.291711E-02 1.550077E-02
319 1.377143E+02 5.178571E-01 2.504752E+00 1.147757E-01 1.243894E-01 1.344084E-01 1.354060E-01 1.136456E-01 9.445238E-02 6.399337E-02 3.292310E-02 1.550361E-02
320 1.382321E+02 5.178571E-01 2.504752E+00 1.147946E-01 1.244098E-01 1.344305E-01 1.354285E-01 1.136645E-01 9.446834E-02 6.400438E-02 3.292888E-02 1.550635E-02
321 1.387500E+02 5.178571E-01 2.504752E+00 1.148128E-01 1.244295E-01 1.344519E-01 1.354501E-01 1.136827E-01 9.448375E-02 6.401500E-02 3.293445E-02 1.550899E-02
322 1.392679E+02 5.178571E-01 2.504752E+00 1.148303E-01 1.244486E-01 1.344725E-01 1.354710E-01 1.137003E-01 9.449862E-02 6.402526E-02 3.293984E-02 1.551154E-02
323 1.397857E+02 5.178571E-01 2.504752E+00 1.148473E-01 1.244669E-01 1.344924E-01 1.354912E-01 1.137174E-01 9.451297E-02 6.403515E-02 3.294503E-02 1.551401E-02
324 1.403036E+02 5.178571E-01 2.504752E+00 1.148636E-01 1.244847E-01 1.345116E-01 1.355106E-01 1.137338E-01 9.452682E-02 6.404470E-02 3.295005E-02 1.551638E-02
325 1.408214E+02 5.178571E-01 2.504752E+00 1.148794E-01 1.245018E-01 1.345302E-01 1.355294E-01 1.137496E-01 9.454019E-02 6.405392E-02 3.295489E-02 1.551868E-02
326 1.413393E+02 5.178571E-01 2.504752E+00 1.148946E-01 1.245183E-01 1.345481E-01 1.355476E-01 1.137649E-01 9.455309E-02 6.406282E-02 3.295955E-02 1.552089E-02
327 1.418571E+02 5.178571E-01 2.504752E+00 1.149093E-01 1.245343E-01 1.345653E-01 1.355651E-01 1.137797E-01 9.456555E-02 6.407140E-02 3.296406E-02 1.552303E-02
328 1.423750E+02 5.178571E-01 2.504752E+00 1.149235E-01 1.245497E-01 1.345820E-01 1.355820E-01 1.137939E-01 9.457757E-02 6.407969E-02 3.296841E-02 1.552509E-02
329 1.428929E+02 5.178571E-01 2.504752E+00 1.149372E-01 1.245645E-01 1.345981E-01 1.355983E-01 1.138077E-01 9.458917E-02 6.408769E-02 3.297261E-02 1.552708E-02
330 1.434107E+02 5.178571E-01 2.504752E+00 1.149505E-01 1.245789E-01 1.346137E-01 1.356140E-01 1.138210E-01 9.460037E-02 6.409540E-02 3.297666E-02 1.552900E-02
331 1.439286E+02 5.178571E-01 2.504752E+00 1.149632E-01 1.245927E-01 1.346287E-01 1.356292E-01 1.138338E-01 9.461118E-02 6.410285E-02 3.298057E-02 1.553085E-02
332 1.444464E+02 5.178571E-01 2.504752E+00 1.149756E-01 1.246061E-01 1.346431E-01 1.356439E-01 1.138461E-01 9.462161E-02 6.411004E-02 3.298434E-02 1.553264E-02
333 1.449643E+02 5.178571E-01 2.504752E+00 1.149875E-01 1.246190E-01 1.346571E-01 1.356580E-01 1.138581E-01 9.463168E-02 6.411698E-02 3.298798E-02 1.553436E-02
334 1.454821E+02 5.178571E-01 2.504752E+00 1.149989E-01 1.246314E-01 1.346706E-01 1.356717E-01 1.138696E-01 9.464139E-02 6.412368E-02 3.299149E-02 1.553603E-02
335 1.460000E+02 5.178571E-01 2.504752E+00 1.150100E-01 1.246434E-01 1.346836E-01 1.356849E-01 1.138807E-01 9.465078E-02 6.413015E-02 3.299488E-02 1.553764E-02
336 1.465179E+02 5.178571E-01 2.504752E+00 1.150207E-01 1.246551E-01 1.346962E-01 1.356976E-01 1.138915E-01 9.465983E-02 6.413638E-02 3.299816E-02 1.553919E-02
337 1.470357E+02 5.178571E-01 2.504752E+00 1.150311E-01 1.246663E-01 1.347083E-01 1.357099E-01 1.139018E-01 9.466857E-02 6.414241E-02 3.300132E-02 1.554068E-02
338 1.475536E+02 5.178571E-01 2.504752E+00 1.150410E-01 1.246771E-01 1.347200E-01 1.357218E-01 1.139118E-01 9.467700E-02 6.414822E-02 3.300437E-02 1.554213E-02
339 1.480714E+02 5.178571E-01 2.504752E+00 1.150507E-01 1.246875E-01 1.347313E-01 1.357332E-01 1.139215E-01 9.468515E-02 6.415383E-02 3.300731E-02 1.554352E-02
340 1.485893E+02 5.178571E-01 2.504752E+00 1.150599E-01 1.246976E-01 1.347423E-01 1.357443E-01 1.139308E-01 9.469301E-02 6.415924E-02 3.301015E-02 1.554487E-02
341 1.491071E+02 5.178571E-01 2.504752E+00 1.150689E-01 1.247073E-01 1.347528E-01 1.357550E-01 1.139398E-01 9.470059E-02 6.416447E-02 3.301289E-02 1.554617E-02
342 1.496250E+02 5.178571E-01 2.504752E+00 1.150776E-01 1.247167E-01 1.347630E-01 1.357653E-01 1.139485E-01 9.470791E-02 6.416951E-02 3.301553E-02 1.554742E-02
343 1.501429E+02 5.178571E-01 2.504752E+00 1.150859E-01 1.247258E-01 1.347728E-01 1.357752E-01 1.139569E-01 9.471498E-02 6.417438E-02 3.301809E-02 1.554863E-02
344 1.506607E+02 5.178571E-01 2.504752E+00 1.150940E-01 1.247345E-01 1.347823E-01 1.357848E-01 1.139650E-01 9.472180E-02 6.417908E-02 3.302055E-02 1.554980E-02
345 1.511786E+02 5.178571E-01 2.504752E+00 1.151018E-01 1.247430E-01 1.347914E-01 1.357941E-01 1.139728E-01 9.472839E-02 6.418362E-02 3.302293E-02 1.555093E-02
346 1.516964E+02 5.178571E-01 2.504752E+00 1.151093E-01 1.247511E-01 1.348002E-01 1.358030E-01 1.139803E-01 9.473474E-02 6.418799E-02 3.302522E-02 1.555201E-02
347 1.522143E+02 5.178571E-01 2.504752E+00 1.151166E-01 1.247590E-01 1.348088E-01 1.358117E-01 1.139876E-01 9.474088E-02 6.419222E-02 3.302744E-02 1.555306E-02
348 1.527321E+02 5.178571E-01 2.504752E+00 1.151236E-01 1.247666E-01 1.348170E-01 1.358200E-01 1.139946E-01 9.474680E-02 6.419630E-02 3.302958E-02 1.555408E-02
349 1.532500E+02 5.178571E-01 2.504752E+00 1.151303E-01 1.247739E-01 1.348249E-01 1.358280E-01 1.140014E-01 9.475252E-02 6.420023E-02 3.303164E-02 1.555506E-02
350 1.537679E+02 5.178571E-01 2.504752E+00 1.151369E-01 1.247810E-01 1.348326E-01 1.358358E-01 1.140080E-01 9.475804E-02 6.420403E-02 3.303363E-02 1.555600E-02
351 1.542857E+02 5.178571E-01 2.504752E+00 1.151432E-01 1.247878E-01 1.348400E-01 1.358433E-01 1.140143E-01 9.476336E-02 6.420770E-02 3.303556E-02 1.555691E-02
352 1.548036E+02 5.178571E-01 2.504752E+00 1.151492E-01 1.247944E-01 1.348471E-01 1.358505E-01 1.140204E-01 9.476850E-02 6.421124E-02 3.303741E-02 1.555779E-02
353 1.553214E+02 5.178571E-01 2.504752E+00 1.151551E-01 1.248008E-01 1.348540E-01 1.358575E-01 1.140263E-01 9.477347E-02 6.421466E-02 3.303920E-02 1.555864E-02
354 1.558393E+02 5.178571E-01 2.504752E+00 1.151608E-01 1.248069E-01 1.348607E-01 1.358643E-01 1.140320E-01 9.477826E-02 6.421796E-02 3.304093E-02 1.555946E-02
355 1.563571E+02 5.178571E-01 2.504752E+00 1.151663E-01 1.248129E-01 1.348671E-01 1.358708E-01 1.140375E-01 9.478288E-02 6.422114E-02 3.304260E-02 1.556025E-02
356 1.568750E+02 5.178571E-01 2.504752E+00 1.151715E-01 1.248186E-01 1.348733E-01 1.358771E-01 1.140427E-01 9.478734E-02 6.422421E-02 3.304421E-02 1.556101E-02
357 1.573929E+02 5.178571E-01 2.504752E+00 1.151766E-01 1.248241E-01 1.348793E-01 1.358831E-01 1.140479E-01 9.479165E-02 6.422718E-02 3.304576E-02 1.556175E-02
358 1.579107E+02 5.178571E-01 2.504752E+00 1.151816E-01 1.248295E-01 1.348851E-01 1.358890E-01 1.140528E-01 9.479581E-02 6.423004E-02 3.304726E-02 1.556246E-02
359 1.584286E+02 5.178571E-01 2.504752E+00 1.151863E-01 1.248346E-01 1.348907E-01 1.358946E-01 1.140576E-01 9.479982E-02 6.423281E-02 3.304871E-02 1.556315E-02
360 1.589464E+02 5.178571E-01 2.504752E+00 1.151909E-01 1.248396E-01 1.348961E-01 1.359001E-01 1.140622E-01 9.480370E-02 6.423547E-02 3.305011E-02 1.556381E-02
361 1.594643E+02 5.178571E-01 2.504752E+00 1.151953E-01 1.248444E-01 1.349013E-01 1.359054E-01 1.140666E-01 9.480744E-02 6.423805E-02 3.305146E-02 1.556445E-02
362 1.599821E+02 5.178571E-01 2.504752E+00 1.151996E-01 1.248490E-01 1.349063E-01 1.359104E-01 1.140709E-01 9.481105E-02 6.424053E-02 3.305276E-02 1.556506E-02
363 1.605000E+02 5.178571E-01 2.504752E+00 1.152037E-01 1.248535E-01 1.349111E-01 1.359153E-01 1.140750E-01 9.481454E-02 6.424293E-02 3.305402E-02 1.556566E-02
364 1.610179E+02 5.178571E-01 2.504752E+00 1.152077E-01 1.248578E-01 1.349158E-01 1.359201E-01 1.140790E-01 9.481790E-02 6.424525E-02 3.305523E-02 1.556623E-02
365 1.615357E+02 5.178571E-01 2.504752E+00 1.152116E-01 1.248620E-01 1.349203E-01 1.359247E-01 1.140829E-01 9.482115E-02 6.424748E-02 3.305640E-02 1.556679E-02
366 1.620536E+02 5.178571E-01 2.504752E+00 1.152153E-01 1.248660E-01 1.349247E-01 1.359291E-01 1.140866E-01 9.482428E-02 6.424964E-02 3.305753E-02 1.556732E-02
367 1.625714E+02 5.178571E-01 2.504752E+00 1.152189E-01 1.248699E-01 1.349289E-01 1.359333E-01 1.140902E-01 9.482731E-02 6.425172E-02 3.305862E-02 1.556784E-02
368 1.630893E+02 5.178571E-01 2.504752E+00 1.152223E-01 1.248737E-01 1.349330E-01 1.359374E-01 1.140937E-01 9.483023E-02 6.425373E-02 3.305968E-02 1.556834E-02
369 1.636071E+02 5.178571E-01 2.504752E+00 1.152257E-01 1.248773E-01 1.349369E-01 1.359414E-01 1.140970E-01 9.483305E-02 6.425567E-02 3.306069E-02 1.556882E-02
370 1.641250E+02 5.178571E-01 2.504752E+00 1.152289E-01 1.248808E-01 1.349407E-01 1.359453E-01 1.141002E-01 9.483577E-02 6.425755E-02 3.306167E-02 1.556929E-02
371 1.646429E+02 5.178571E-01 2.504752E+00 1.152320E-01 1.248841E-01 1.349443E-01 1.359490E-01 1.141034E-01 9.483840E-02 6.425935E-02 3.306262E-02 1.556974E-02
372 1.651607E+02 5.178571E-01 2.504752E+00 1.152350E-01 1.248874E-01 1.349479E-01 1.359525E-01 1.141064E-01 9.484093E-02 6.426110E-02 3.306354E-02 1.557017E-02
373 1.656786E+02 5.178571E-01 2.504752E+00 1.152379E-01 1.248906E-01 1.349513E-01 1.359560E-01 1.141093E-01 9.484338E-02 6.426278E-02 3.306442E-02 1.557059E-02
374 1.661964E+02 5.178571E-01 2.504752E+00 1.152407E-01 1.248936E-01 1.349546E-01 1.359593E-01 1.141121E-01 9.484575E-02 6.426441E-02 3.306527E-02 1.557099E-02
375 1.667143E+02 5.178571E-01 2.504752E+00 1.152434E-01 1.248965E-01 1.349577E-01 1.359625E-01 1.141148E-01 9.484803E-02 6.426598E-02 3.306609E-02 1.557138E-02
376 1.672321E+02 5.178571E-01 2.504752E+00 1.152460E-01 1.248994E-01 1.349608E-01 1.359656E-01 1.141174E-01 9.485023E-02 6.426749E-02 3.306688E-02 1.557176E-02
377 1.677500E+02 5.178571E-01 2.504752E+00 1.152485E-01 1.249021E-01 1.349638E-01 1.359686E-01 1.141199E-01 9.485236E-02 6.426896E-02 3.306765E-02 1.557212E-02
378 1.682679E+02 5.178571E-01 2.504752E+00 1.152510E-01 1.249047E-01 1.349666E-01 1.359715E-01 1.141224E-01 9.485441E-02 6.427037E-02 3.306839E-02 1.557247E-02
379 1.687857E+02 5.178571E-01 2.504752E+00 1.152533E-01 1.249073E-01 1.349694E-01 1.359743E-01 1.141247E-01 9.485639E-02 6.427173E-02 3.306910E-02 1.557281E-02
380 1.693036E+02 5.178571E-01 2.504752E+00 1.152556E-01 1.249097E-01 1.349720E-01 1.359770E-01 1.141270E-01 9.485830E-02 6.427305E-02 3.306979E-02 1.557313E-02
381 1.698214E+02 5.178571E-01 2.504752E+00 1.152578E-01 1.249121E-01 1.349746E-01 1.359796E-01 1.141292E-01 9.486015E-02 6.427432E-02 3.307046E-02 1.557345E-02
382 1.703393E+02 5.178571E-01 2.504752E+00 1.152599E-01 1.249144E-01 1.349771E-01 1.359821E-01 1.141313E-01 9.486193E-02 6.427554E-02 3.307110E-02 1.557375E-02
383 1.708571E+02 5.178571E-01 2.504752E+00 1.152619E-01 1.249166E-01 1.349795E-01 1.359845E-01 1.141333E-01 9.486365E-02 6.427673E-02 3.307172E-02 1.557405E-02
384 1.713750E+02 5.178571E-01 2.504752E+00 1.152639E-01 1.249187E-01 1.349818E-01 1.359869E-01 1.141353E-01 9.486531E-02 6.427787E-02 3.307232E-02 1.557433E-02
385 1.718929E+02 5.178571E-01 2.504752E+00 1.152658E-01 1.249208E-01 1.349840E-01 1.359891E-01 1.141372E-01 9.486691E-02 6.427897E-02 3.307289E-02 1.557460E-02
386 1.724107E+02 5.178571E-01 2.504752E+00 1.152676E-01 1.249228E-01 1.349862E-01 1.359913E-01 1.141391E-01 9.486846E-02 6.428003E-02 3.307345E-02 1.557487E-02
387 1.729286E+02 5.178571E-01 2.504752E+00 1.152694E-01 1.249247E-01 1.349883E-01 1.359934E-01 1.141408E-01 9.486995E-02 6.428106E-02 3.307399E-02 1.557512E-02
388 1.734464E+02 5.178571E-01 2.504752E+00 1.152711E-01 1.249266E-01 1.349903E-01 1.359955E-01 1.141425E-01 9.487139E-02 6.428205E-02 3.307451E-02 1.557537E-02
389 1.739643E+02 5.178571E-01 2.504752E+00 1.152728E-01 1.249283E-01 1.349922E-01 1.359974E-01 1.141442E-01 9.487279E-02 6.428301E-02 3.307501E-02 1.557560E-02
390 1.744821E+02 5.178571E-01 2.504752E+00 1.152744E-01 1.249301E-01 1.349941E-01 1.359993E-01 1.141458E-01 9.487413E-02 6.428393E-02 3.307549E-02 1.557583E-02
391 1.750000E+02 5.178571E-01 2.504752E+00 1.152759E-01 1.249317E-01 1.349959E-01 1.360011E-01 1.141473E-01 9.487543E-02 6.428483E-02 3.307596E-02 1.557605E-02
392 1.755179E+02 5.178571E-01 2.504752E+00 1.152774E-01 1.249333E-01 1.349976E-01 1.360029E-01 1.141488E-01 9.487668E-02 6.428569E-02 3.307641E-02 1.557627E-02
393 1.760357E+02 5.178571E-01 2.504752E+00 1.152788E-01 1.249349E-01 1.349993E-01 1.360046E-01 1.141503E-01 9.487789E-02 6.428652E-02 3.307684E-02 1.557647E-02
394 1.765536E+02 5.178571E-01 2.504752E+00 1.152802E-01 1.249364E-01 1.350009E-01 1.360062E-01 1.141516E-01 9.487905E-02 6.428732E-02 3.307726E-02 1.557667E-02
395 1.770714E+02 5.178571E-01 2.504752E+00 1.152815E-01 1.249379E-01 1.350025E-01 1.360078E-01 1.141530E-01 9.488018E-02 6.428810E-02 3.307767E-02 1.557686E-02
396 1.775893E+02 5.178571E-01 2.504752E+00 1.152828E-01 1.249392E-01 1.350040E-01 1.360094E-01 1.141543E-01 9.488127E-02 6.428884E-02 3.307806E-02 1.557705E-02
397 1.781071E+02 5.178571E-01 2.504752E+00 1.152841E-01 1.249406E-01 1.350055E-01 1.360108E-01 1.141555E-01 9.488232E-02 6.428956E-02 3.307844E-02 1.557723E-02
398 1.786250E+02 5.178571E-01 2.504752E+00 1.152853E-01 1.249419E-01 1.350069E-01 1.360123E-01 1.141567E-01 9.488333E-02 6.429026E-02 3.307880E-02 1.557740E-02
399 1.791429E+02 5.178571E-01 2.504752E+00 1.152864E-01 1.249432E-01 1.350082E-01 1.360137E-01 1.141579E-01 9.488431E-02 6.429093E-02 3.307916E-02 1.557757E-02
400 1.796607E+02 5.178571E-01 2.504752E+00 1.152875E-01 1.249444E-01 1.350096E-01 1.360150E-01 1.141590E-01 9.488525E-02 6.429158E-02 3.307950E-02 1.557773E-02
401 1.801786E+02 5.178571E-01 2.504752E+00 1.152886E-01 1.249455E-01 1.350108E-01 1.360163E-01 1.141601E-01 9.488616E-02 6.429221E-02 3.307982E-02 1.557788E-02
402 1.806964E+02 5.178571E-01 2.504752E+00 1.152897E-01 1.249467E-01 1.350121E-01 1.360175E-01 1.141611E-01 9.488704E-02 6.429281E-02 3.308014E-02 1.557803E-02
403 1.812143E+02 5.178571E-01 2.504752E+00 1.152907E-01 1.249478E-01 1.350132E-01 1.360187E-01 1.141621E-01 9.488789E-02 6.429340E-02 3.308045E-02 1.557818E-02
404 1.817321E+02 5.178571E-01 2.504752E+00 1.152916E-01 1.249488E-01 1.350144E-01 1.360199E-01 1.141631E-01 9.488871E-02 6.429396E-02 3.308074E-02 1.557832E-02
405 1.822500E+02 5.178571E-01 2.504752E+00 1.152926E-01 1.249498E-01 1.350155E-01 1.360210E-01 1.141641E-01 9.488950E-02 6.429451E-02 3.308103E-02 1.557845E-02
406 1.827679E+02 5.178571E-01 2.504752E+00 1.152935E-01 1.249508E-01 1.350165E-01 1.360221E-01 1.141650E-01 9.489027E-02 6.429503E-02 3.308130E-02 1.557858E-02
407 1.832857E+02 5.178571E-01 2.504752E+00 1.152944E-01 1.249518E-01 1.350176E-01 1.360231E-01 1.141658E-01 9.489100E-02 6.429554E-02 3.308157E-02 1.557871E-02
408 1.838036E+02 5.178571E-01 2.504752E+00 1.152952E-01 1.249527E-01 1.350186E-01 1.360241E-01 1.141667E-01 9.489172E-02 6.429603E-02 3.308182E-02 1.557883E-02
409 1.843214E+02 5.178571E-01 2.504752E+00 1.152960E-01 1.249536E-01 1.350195E-01 1.360251E-01 1.141675E-01 9.489240E-02 6.429650E-02 3.308207E-02 1.557895E-02
410 1.848393E+02 5.178571E-01 2.504752E+00 1.152968E-01 1.249544E-01 1.350204E-01 1.360260E-01 1.141683E-01 9.489307E-02 6.429696E-02 3.308231E-02 1.557906E-02
411 1.853571E+02 5.178571E-01 2.504752E+00 1.152976E-01 1.249553E-01 1.350213E-01 1.360269E-01 1.141691E-01 9.489371E-02 6.429740E-02 3.308254E-02 1.557917E-02
412 1.858750E+02 5.178571E-01 2.504752E+00 1.152983E-01 1.249560E-01 1.350222E-01 1.360278E-01 1.141698E-01 9.489433E-02 6.429782E-02 3.308276E-02 1.557928E-02
413 1.863929E+02 5.178571E-01 2.504752E+00 1.152990E-01 1.249568E-01 1.350230E-01 1.360286E-01 1.141705E-01 9.489492E-02 6.429823E-02 3.308297E-02 1.557938E-02
414 1.869107E+02 5.178571E-01 2.504752E+00 1.152997E-01 1.249576E-01 1.350238E-01 1.360294E-01 1.141712E-01 9.489550E-02 6.429863E-02 3.308318E-02 1.557948E-02
415 1.874286E+02 5.178571E-01 2.504752E+00 1.153004E-01 1.249583E-01 1.350246E-01 1.360302E-01 1.141718E-01 9.489605E-02 6.429901E-02 3.308338E-02 1.557957E-02
416 1.879464E+02 5.178571E-01 2.504752E+00 1.153010E-01 1.249590E-01 1.350254E-01 1.360310E-01 1.141725E-01 9.489659E-02 6.429938E-02 3.308358E-02 1.557966E-02
417 1.884643E+02 5.178571E-01 2.504752E+00 1.153016E-01 1.249596E-01 1.350261E-01 1.360317E-01 1.141731E-01 9.489711E-02 6.429974E-02 3.308376E-02 1.557975E-02
418 1.889821E+02 5.178571E-01 2.504752E+00 1.153022E-01 1.249603E-01 1.350268E-01 1.360324E-01 1.141737E-01 9.489761E-02 6.430008E-02 3.308394E-02 1.557984E-02
419 1.895000E+02 5.178571E-01 2.504752E+00 1.153028E-01 1.249609E-01 1.350275E-01 1.360331E-01 1.141743E-01 9.489809E-02 6.430041E-02 3.308412E-02 1.557992E-02
420 1.900179E+02 5.178571E-01 2.504752E+00 1.153033E-01 1.249615E-01 1.350281E-01 1.360338E-01 1.141748E-01 9.489856E-02 6.430073E-02 3.308428E-02 1.558000E-02
421 1.905357E+02 5.178571E-01 2.504752E+00 1.153039E-01 1.249621E-01 1.350287E-01 1.360344E-01 1.141754E-01 9.489901E-02 6.430104E-02 3.308444E-02 1.558007E-02
422 1.910536E+02 5.178571E-01 2.504752E+00 1.153044E-01 1.249626E-01 1.350293E-01 1.360350E-01 1.141759E-01 9.489944E-02 6.430134E-02 3.308460E-02 1.558015E-02
423 1.915714E+02 5.178571E-01 2.504752E+00 1.153049E-01 1.249632E-01 1.350299E-01 1.360356E-01 1.141764E-01 9.489986E-02 6.430163E-02 3.308475E-02 1.558022E-02
424 1.920893E+02 5.178571E-01 2.504752E+00 1.153054E-01 1.249637E-01 1.350305E-01 1.360362E-01 1.141769E-01 9.490027E-02 6.430191E-02 3.308490E-02 1.558029E-02
425 1.926071E+02 5.178571E-01 2.504752E+00 1.153058E-01 1.249642E-01 1.350310E-01 1.360367E-01 1.141773E-01 9.490066E-02 6.430217E-02 3.308504E-02 1.558035E-02
426 1.931250E+02 5.178571E-01 2.504752E+00 1.153063E-01 1.249647E-01 1.350316E-01 1.360372E-01 1.141778E-01 9.490104E-02 6.430243E-02 3.308517E-02 1.558042E-02
427 1.936429E+02 5.178571E-01 2.504752E+00 1.153067E-01 1.249652E-01 1.350321E-01 1.360378E-01 1.141782E-01 9.490140E-02 6.430268E-02 3.308530E-02 1.558048E-02
428 1.941607E+02 5.178571E-01 2.504752E+00 1.153071E-01 1.249656E-01 1.350326E-01 1.360383E-01 1.141786E-01 9.490175E-02 6.430293E-02 3.308543E-02 1.558054E-02
429 1.946786E+02 5.178571E-01 2.504752E+00 1.153075E-01 1.249660E-01 1.350330E-01 1.360387E-01 1.141790E-01 9.490209E-02 6.430316E-02 3.308555E-02 1.558060E-02
430 1.951964E+02 5.178571E-01 2.504752E+00 1.153079E-01 1.249665E-01 1.350335E-01 1.360392E-01 1.141794E-01 9.490242E-02 6.430338E-02 3.308567E-02 1.558065E-02
431 1.957143E+02 5.178571E-01 2.504752E+00 1.153083E-01 1.249669E-01 1.350339E-01 1.360396E-01 1.141798E-01 9.490274E-02 6.430360E-02 3.308578E-02 1.558071E-02
432 1.962321E+02 5.178571E-01 2.504752E+00 1.153087E-01 1.249673E-01 1.350343E-01 1.360401E-01 1.141802E-01 9.490304E-02 6.430381E-02 3.308589E-02 1.558076E-02
433 1.967500E+02 5.178571E-01 2.504752E+00 1.153090E-01 1.249676E-01 1.350348E-01 1.360405E-01 1.141805E-01 9.490334E-02 6.430401E-02 3.308600E-02 1.558081E-02
434 1.972679E+02 5.178571E-01 2.504752E+00 1.153093E-01 1.249680E-01 1.350352E-01 1.360409E-01 1.141808E-01 9.490362E-02 6.430421E-02 3.308610E-02 1.558086E-02
435 1.977857E+02 5.178571E-01 2.504752E+00 1.153097E-01 1.249684E-01 1.350355E-01 1.360413E-01 1.141812E-01 9.490390E-02 6.430440E-02 3.308620E-02 1.558091E-02
436 1.983036E+02 5.178571E-01 2.504752E+00 1.153100E-01 1.249687E-01 1.350359E-01 1.360417E-01 1.141815E-01 9.490416E-02 6.430458E-02 3.308630E-02 1.558095E-02
437 1.988214E+02 5.178571E-01 2.504752E+00 1.153103E-01 1.249690E-01 1.350363E-01 1.360420E-01 1.141818E-01 9.490442E-02 6.430476E-02 3.308639E-02 1.558099E-02
438 1.993393E+02 5.178571E-01 2.504752E+00 1.153106E-01 1.249694E-01 1.350366E-01 1.360424E-01 1.141821E-01 9.490466E-02 6.430493E-02 3.308648E-02 1.558104E-02
439 1.998571E+02 5.178571E-01 2.504752E+00 1.153109E-01 1.249697E-01 1.350369E-01 1.360427E-01 1.141824E-01 9.490490E-02 6.430509E-02 3.308656E-02 1.558108E-02
440 2.003750E+02 5.178571E-01 2.504752E+00 1.153111E-01 1.249700E-01 1.350373E-01 1.360430E-01 1.141826E-01 9.490513E-02 6.430525E-02 3.308665E-02 1.558112E-02
441 2.008929E+02 5.178571E-01 2.504752E+00 1.153114E-01 1.249702E-01 1.350376E-01 1.360433E-01 1.141829E-01 9.490536E-02 6.430540E-02 3.308673E-02 1.558115E-02
442 2.014107E+02 5.178571E-01 2.504752E+00 1.153117E-01 1.249705E-01 1.350379E-01 1.360436E-01 1.141832E-01 9.490557E-02 6.430555E-02 3.308680E-02 1.558119E-02
443 2.019286E+02 5.178571E-01 2.504752E+00 1.153119E-01 1.249708E-01 1.350382E-01 1.360439E-01 1.141834E-01 9.490578E-02 6.430569E-02 3.308688E-02 1.558123E-02
444 2.024464E+02 5.178571E-01 2.504752E+00 1.153121E-01 1.249710E-01 1.350384E-01 1.360442E-01 1.141836E-01 9.490598E-02 6.430583E-02 3.308695E-02 1.558126E-02
445 2.029643E+02 5.178571E-01 2.504752E+00 1.153124E-01 1.249713E-01 1.350387E-01 1.360445E-01 1.141839E-01 9.490617E-02 6.430596E-02 3.308702E-02 1.558129E-02
446 2.034821E+02 5.178571E-01 2.504752E+00 1.153126E-01 1.249715E-01 1.350390E-01 1.360448E-01 1.141841E-01 9.490636E-02 6.430609E-02 3.308709E-02 1.558132E-02
447 2.040000E+02 5.178571E-01 2.504752E+00 1.153128E-01 1.249718E-01 1.350392E-01 1.360450E-01 1.141843E-01 9.490654E-02 6.430621E-02 3.308715E-02 1.558135E-02
448 2.045179E+02 5.178571E-01 2.504752E+00 1.153130E-01 1.249720E-01 1.350395E-01 1.360453E-01 1.141845E-01 9.490671E-02 6.430633E-02 3.308721E-02 1.558138E-02
449 2.050357E+02 5.178571E-01 2.504752E+00 1.153132E-01 1.249722E-01 1.350397E-01 1.360455E-01 1.141847E-01 9.490688E-02 6.430645E-02 3.308727E-02 1.558141E-02
450 2.055536E+02 5.178571E-01 2.504752E+00 1.153134E-01 1.249724E-01 1.350399E-01 1.360457E-01 1.141849E-01 9.490704E-02 6.430656E-02 3.308733E-02 1.558144E-02
451 2.060714E+02 5.178571E-01 2.504752E+00 1.153136E-01 1.249726E-01 1.350401E-01 1.360459E-01 1.141851E-01 9.490720E-02 6.430667E-02 3.308739E-02 1.558147E-02
452 2.065893E+02 5.178571E-01 2.504752E+00 1.153138E-01 1.249728E-01 1.350404E-01 1.360462E-01 1.141853E-01 9.490735E-02 6.430677E-02 3.308744E-02 1.558149E-02
453 2.071071E+02 5.178571E-01 2.504752E+00 1.153139E-01 1.249730E-01 1.350406E-01 1.360464E-01 1.141854E-01 9.490749E-02 6.430687E-02 3.308749E-02 1.558152E-02
454 2.076250E+02 5.178571E-01 2.504752E+00 1.153141E-01 1.249732E-01 1.350407E-01 1.360466E-01 1.141856E-01 9.490763E-02 6.430697E-02 3.308754E-02 1.558154E-02
455 2.081429E+02 5.178571E-01 2.504752E+00 1.153143E-01 1.249734E-01 1.350409E-01 1.360467E-01 1.141858E-01 9.490777E-02 6.430706E-02 3.308759E-02 1.558156E-02
456 2.086607E+02 5.178571E-01 2.504752E+00 1.153144E-01 1.249735E-01 1.350411E-01 1.360469E-01 1.141859E-01 9.490790E-02 6.430715E-02 3.308764E-02 1.558159E-02
457 2.091786E+02 5.178571E-01 2.504752E+00 1.153146E-01 1.249737E-01 1.350413E-01 1.360471E-01 1.141861E-01 9.490803E-02 6.430724E-02 3.308769E-02 1.558161E-02
458 2.096964E+02 5.178571E-01 2.504752E+00 1.153147E-01 1.249738E-01 1.350415E-01 1.360473E-01 1.141862E-01 9.490815E-02 6.430732E-02 3.308773E-02 1.558163E-02
459 2.102143E+02 5.178571E-01 2.504752E+00 1.153149E-01 1.249740E-01 1.350416E-01 1.360474E-01 1.141864E-01 9.490827E-02 6.430740E-02 3.308777E-02 1.558165E-02
460 2.107321E+02 5.178571E-01 2.504752E+00 1.153150E-01 1.249741E-01 1.350418E-01 1.360476E-01 1.141865E-01 9.490838E-02 6.430748E-02 3.308781E-02 1.558167E-02
461 2.112500E+02 5.178571E-01 2.504752E+00 1.153151E-01 1.249743E-01 1.350419E-01 1.360478E-01 1.141866E-01 9.490849E-02 6.430756E-02 3.308785E-02 1.558169E-02
462 2.117679E+02 5.178571E-01 2.504752E+00 1.153153E-01 1.249744E-01 1.350421E-01 1.360479E-01 1.141868E-01 9.490860E-02 6.430763E-02 3.308789E-02 1.558171E-02
463 2.122857E+02 5.178571E-01 2.504752E+00 1.153154E-01 1.249745E-01 1.350422E-01 1.360481E-01 1.141869E-01 9.490870E-02 6.430770E-02 3.308793E-02 1.558172E-02
464 2.128036E+02 5.178571E-01 2.504752E+00 1.153155E-01 1.249747E-01 1.350424E-01 1.360482E-01 1.141870E-01 9.490880E-02 6.430777E-02 3.308796E-02 1.558174E-02
465 2.133214E+02 5.178571E-01 2.504752E+00 1.153156E-01 1.249748E-01 1.350425E-01 1.360483E-01 1.141871E-01 9.490889E-02 6.430783E-02 3.308800E-02 1.558176E-02
466 2.138393E+02 5.178571E-01 2.504752E+00 1.153157E-01 1.249749E-01 1.350426E-01 1.360485E-01 1.141872E-01 9.490898E-02 6.430790E-02 3.308803E-02 1.558177E-02
467 2.143571E+02 5.178571E-01 2.504752E+00 1.153158E-01 1.249750E-01 1.350428E-01 1.360486E-01 1.141873E-01 9.490907E-02 6.430796E-02 3.308806E-02 1.558179E-02
468 2.148750E+02 5.178571E-01 2.504752E+00 1.153159E-01 1.249751E-01 1.350429E-01 1.360487E-01 1.141874E-01 9.490916E-02 6.430802E-02 3.308809E-02 1.558180E-02
469 2.153929E+02 5.178571E-01 2.504752E+00 1.153160E-01 1.249752E-01 1.350430E-01 1.360488E-01 1.141875E-01 9.490924E-02 6.430807E-02 3.308812E-02 1.558182E-02
470 2.159107E+02 5.178571E-01 2.504752E+00 1.153161E-01 1.249754E-01 1.350431E-01 1.360489E-01 1.141876E-01 9.490932E-02 6.430813E-02 3.308815E-02 1.558183E-02
471 2.164286E+02 5.178571E-01 2.504752E+00 1.153162E-01 1.249755E-01 1.350432E-01 1.360490E-01 1.141877E-01 9.490940E-02 6.430818E-02 3.308818E-02 1.558184E-02
472 2.169464E+02 5.178571E-01 2.504752E+00 1.153163E-01 1.249755E-01 1.350433E-01 1.360492E-01 1.141878E-01 9.490947E-02 6.430823E-02 3.308821E-02 1.558185E-02
473 2.174643E+02 5.178571E-01 2.504752E+00 1.153164E-01 1.249756E-01 1.350434E-01 1.360493E-01 1.141879E-01 9.490955E-02 6.430828E-02 3.308823E-02 1.558187E-02
474 2.179821E+02 5.178571E-01 2.504752E+00 1.153165E-01 1.249757E-01 1.350435E-01 1.360494E-01 1.141880E-01 9.490962E-02 6.430833E-02 3.308826E-02 1.558188E-02
475 2.185000E+02 5.178571E-01 2.504752E+00 1.153165E-01 1.249758E-01 1.350436E-01 1.360494E-01 1.141880E-01 9.490968E-02 6.430837E-02 3.308828E-02 1.558189E-02
476 2.190179E+02 5.178571E-01 2.504752E+00 1.153166E-01 1.249759E-01 1.350437E-01 1.360495E-01 1.141881E-01 9.490975E-02 6.430842E-02 3.308830E-02 1.558190E-02
477 2.195357E+02 5.178571E-01 2.504752E+00 1.153167E-01 1.249760E-01 1.350438E-01 1.360496E-01 1.141882E-01 9.490981E-02 6.430846E-02 3.308833E-02 1.558191E-02
478 2.200536E+02 5.178571E-01 2.504752E+00 1.153168E-01 1.249761E-01 1.350439E-01 1.360497E-01 1.141883E-01 9.490987E-02 6.430850E-02 3.308835E-02 1.558192E-02
479 2.205714E+02 5.178571E-01 2.504752E+00 1.153168E-01 1.249761E-01 1.350440E-01 1.360498E-01 1.141883E-01 9.490993E-02 6.430854E-02 3.308837E-02 1.558193E-02
480 2.210893E+02 5.178571E-01 2.504752E+00 1.153169E-01 1.249762E-01 1.350440E-01 1.360499E-01 1.141884E-01 9.490998E-02 6.430858E-02 3.308839E-02 1.558194E-02
481 2.216071E+02 5.178571E-01 2.504752E+00 1.153170E-01 1.249763E-01 1.350441E-01 1.360500E-01 1.141885E-01 9.491004E-02 6.430862E-02 3.308841E-02 1.558195E-02
482 2.221250E+02 5.178571E-01 2.504752E+00 1.153170E-01 1.249763E-01 1.350442E-01 1.360500E-01 1.141885E-01 9.491009E-02 6.430866E-02 3.308843E-02 1.558196E-02
483 2.226429E+02 5.178571E-01 2.504752E+00 1.153171E-01 1.249764E-01 1.350442E-01 1.360501E-01 1.141886E-01 9.491014E-02 6.430869E-02 3.308845E-02 1.558197E-02
484 2.231607E+02 5.178571E-01 2.504752E+00 1.153171E-01 1.249765E-01 1.350443E-01 1.360502E-01 1.141887E-01 9.491019E-02 6.430872E-02 3.308846E-02 1.558198E-02
485 2.236786E+02 5.178571E-01 2.504752E+00 1.153172E-01 1.249765E-01 1.350444E-01 1.360502E-01 1.141887E-01 9.491024E-02 6.430876E-02 3.308848E-02 1.558198E-02
486 2.241964E+02 5.178571E-01 2.504752E+00 1.153173E-01 1.249766E-01 1.350444E-01 1.360503E-01 1.141888E-01 9.491028E-02 6.430879E-02 3.308850E-02 1.558199E-02
487 2.247143E+02 5.178571E-01 2.504752E+00 1.153173E-01 1.249766E-01 1.350445E-01 1.360504E-01 1.141888E-01 9.491033E-02 6.430882E-02 3.308851E-02 1.558200E-02
488 2.252321E+02 5.178571E-01 2.504752E+00 1.153174E-01 1.249767E-01 1.350446E-01 1.360504E-01 1.141889E-01 9.491037E-02 6.430885E-02 3.308853E-02 1.558201E-02
489 2.257500E+02 5.178571E-01 2.504752E+00 1.153174E-01 1.249768E-01 1.350446E-01 1.360505E-01 1.141889E-01 9.491041E-02 6.430887E-02 3.308854E-02 1.558201E-02
490 2.262679E+02 5.178571E-01 2.504752E+00 1.153175E-01 1.249768E-01 1.350447E-01 1.360505E-01 1.141890E-01 9.491045E-02 6.430890E-02 3.308856E-02 1.558202E-02
491 2.267857E+02 5.178571E-01 2.504752E+00 1.153175E-01 1.249769E-01 1.350447E-01 1.360506E-01 1.141890E-01 9.491049E-02 6.430893E-02 3.308857E-02 1.558203E-02
492 2.273036E+02 5.178571E-01 2.504752E+00 1.153175E-01 1.249769E-01 1.350448E-01 1.360506E-01 1.141890E-01 9.491052E-02 6.430895E-02 3.308858E-02 1.558203E-02
493 2.278214E+02 5.178571E-01 2.504752E+00 1.153176E-01 1.249769E-01 1.350448E-01 1.360507E-01 1.141891E-01 9.491056E-02 6.430898E-02 3.308860E-02 1.558204E-02
494 2.283393E+02 5.178571E-01 2.504752E+00 1.153176E-01 1.249770E-01 1.350449E-01 1.360507E-01 1.141891E-01 9.491059E-02 6.430900E-02 3.308861E-02 1.558205E-02
495 2.288571E+02 5.178571E-01 2.504752E+00 1.153177E-01 1.249770E-01 1.350449E-01 1.360508E-01 1.141892E-01 9.491063E-02 6.430902E-02 3.308862E-02 1.558205E-02
496 2.293750E+02 5.178571E-01 2.504752E+00 1.153177E-01 1.249771E-01 1.350450E-01 1.360508E-01 1.141892E-01 9.491066E-02 6.430905E-02 3.308863E-02 1.558206E-02
497 2.298929E+02 5.178571E-01 2.504752E+00 1.153177E-01 1.249771E-01 1.350450E-01 1.360509E-01 1.141892E-01 9.491069E-02 6.430907E-02 3.308864E-02 1.558206E-02
498 2.304107E+02 5.178571E-01 2.504752E+00 1.153178E-01 1.249772E-01 1.350451E-01 1.360509E-01 1.141893E-01 9.491072E-02 6.430909E-02 3.308865E-02 1.558207E-02
499 2.309286E+02 5.178571E-01 2.504752E+00 1.153178E-01 1.249772E-01 1.350451E-01 1.360510E-01 1.141893E-01 9.491075E-02 6.430911E-02 3.308866E-02 1.558207E-02
500 2.314464E+02 5.178571E-01 2.504752E+00 1.153178E-01 1.249772E-01 1.350451E-01 1.360510E-01 1.141893E-01 9.491078E-02 6.430913E-02 3.308867E-02 1.558208E-02
501 2.319643E+02 5.178571E-01 2.504752E+00 1.153179E-01 1.249773E-01 1.350452E-01 1.360510E-01 1.141894E-01 9.491080E-02 6.430915E-02 3.308868E-02 1.558208E-02
502 2.324821E+02 5.178571E-01 2.504752E+00 1.153179E-01 1.249773E-01 1.350452E-01 1.360511E-01 1.141894E-01 9.491083E-02 6.430916E-02 3.308869E-02 1.558209E-02
503 2.330000E+02 5.178571E-01 2.504752E+00 1.153179E-01 1.249773E-01 1.350452E-01 1.360511E-01 1.141894E-01 9.491085E-02 6.430918E-02 3.308870E-02 1.558209E-02
504 2.335179E+02 5.178571E-01 2.504752E+00 1.153180E-01 1.249774E-01 1.350453E-01 1.360511E-01 1.141895E-01 9.491088E-02 6.430920E-02 3.308871E-02 1.558209E-02
505 2.340357E+02 5.178571E-01 2.504752E+00 1.153180E-01 1.249774E-01 1.350453E-01 1.360512E-01 1.141895E-01 9.491090E-02 6.430921E-02 3.308872E-02 1.558210E-02
506 2.345536E+02 5.178571E-01 2.504752E+00 1.153180E-01 1.249774E-01 1.350453E-01 1.360512E-01 1.141895E-01 9.491092E-02 6.430923E-02 3.308873E-02 1.558210E-02
507 2.350714E+02 5.178571E-01 2.504752E+00 1.153180E-01 1.249774E-01 1.350454E-01 1.360512E-01 1.141896E-01 9.491095E-02 6.430924E-02 3.308873E-02 1.558211E-02
508 2.355893E+02 5.178571E-01 2.504752E+00 1.153181E-01 1.249775E-01 1.350454E-01 1.360513E-01 1.141896E-01 9.491097E-02 6.430926E-02 3.308874E-02 1.558211E-02
509 2.361071E+02 5.178571E-01 2.504752E+00 1.153181E-01 1.249775E-01 1.350454E-01 1.360513E-01 1.141896E-01 9.491099E-02 6.430927E-02 3.308875E-02 1.558211E-02
510 2.366250E+02 5.178571E-01 2.504752E+00 1.153181E-01 1.249775E-01 1.350455E-01 1.360513E-01 1.141896E-01 9.491101E-02 6.430928E-02 3.308876E-02 1.558212E-02
511 2.371429E+02 5.178571E-01 2.504752E+00 1.153181E-01 1.249775E-01 1.350455E-01 1.360513E-01 1.141896E-01 9.491103E-02 6.430930E-02 3.308876E-02 1.558212E-02
512 2.376607E+02 5.178571E-01 2.504752E+00 1.153182E-01 1.249776E-01 1.350455E-01 1.360514E-01 1.141897E-01 9.491104E-02 6.430931E-02 3.308877E-02 1.558212E-02
513 2.381786E+02 5.178571E-01 2.504752E+00 1.153182E-01 1.249776E-01 1.350455E-01 1.360514E-01 1.141897E-01 9.491106E-02 6.430932E-02 3.308878E-02 1.558212E-02
514 2.386964E+02 5.178571E-01 2.504752E+00 1.153182E-01 1.249776E-01 1.350456E-01 1.360514E-01 1.141897E-01 9.491108E-02 6.430933E-02 3.308878E-02 1.558213E-02
515 2.392143E+02 5.178571E-01 2.504752E+00 1.153182E-01 1.249776E-01 1.350456E-01 1.360514E-01 1.141897E-01 9.491110E-02 6.430935E-02 3.308879E-02 1.558213E-02
516 2.397321E+02 5.178571E-01 2.504752E+00 1.153182E-01 1.249777E-01 1.350456E-01 1.360515E-01 1.141897E-01 9.491111E-02 6.430936E-02 3.308879E-02 1.558213E-02
517 2.402500E+02 5.178571E-01 2.504752E+00 1.153183E-01 1.249777E-01 1.350456E-01 1.360515E-01 1.141898E-01 9.491113E-02 6.430937E-02 3.308880E-02 1.558214E-02
518 2.407679E+02 5.178571E-01 2.504752E+00 1.153183E-01 1.249777E-01 1.350456E-01 1.360515E-01 1.141898E-01 9.491114E-02 6.430938E-02 3.308880E-02 1.558214E-02
519 2.412857E+02 5.178571E-01 2.504752E+00 1.153183E-01 1.249777E-01 1.350457E-01 1.360515E-01 1.141898E-01 9.491116E-02 6.430939E-02 3.308881E-02 1.558214E-02
520 2.418036E+02 5.178571E-01 2.504752E+00 1.153183E-01 1.249777E-01 1.350457E-01 1.360515E-01 1.141898E-01 9.491117E-02 6.430940E-02 3.308881E-02 1.558214E-02
521 2.423214E+02 5.178571E-01 2.504752E+00 1.153183E-01 1.249777E-01 1.350457E-01 1.360516E-01 1.141898E-01 9.491118E-02 6.430941E-02 3.308882E-02 1.558215E-02
522 2.428393E+02 5.178571E-01 2.504752E+00 1.153183E-01 1.249778E-01 1.350457E-01 1.360516E-01 1.141898E-01 9.491119E-02 6.430941E-02 3.308882E-02 1.558215E-02
523 2.433571E+02 5.178571E-01 2.504752E+00 1.153184E-01 1.249778E-01 1.350457E-01 1.360516E-01 1.141899E-01 9.491121E-02 6.430942E-02 3.308883E-02 1.558215E-02
524 2.438750E+02 5.178571E-01 2.504752E+00 1.153184E-01 1.249778E-01 1.350458E-01 1.360516E-01 1.141899E-01 9.491122E-02 6.430943E-02 3.308883E-02 1.558215E-02
525 2.443929E+02 5.178571E-01 2.504752E+00 1.153184E-01 1.249778E-01 1.350458E-01 1.360516E-01 1.141899E-01 9.491123E-02 6.430944E-02 3.308884E-02 1.558215E-02
526 2.449107E+02 5.178571E-01 2.504752E+00 1.153184E-01 1.249778E-01 1.350458E-01 1.360516E-01 1.141899E-01 9.491124E-02 6.430945E-02 3.308884E-02 1.558216E-02
527 2.454286E+02 5.178571E-01 2.504752E+00 1.153184E-01 1.249778E-01 1.350458E-01 1.360517E-01 1.141899E-01 9.491125E-02 6.430945E-02 3.308884E-02 1.558216E-02
528 2.459464E+02 5.178571E-01 2.504752E+00 1.153184E-01 1.249779E-01 1.350458E-01 1.360517E-01 1.141899E-01 9.491126E-02 6.430946E-02 3.308885E-02 1.558216E-02
529 2.464643E+02 5.178571E-01 2.504752E+00 1.153184E-01 1.249779E-01 1.350458E-01 1.360517E-01 1.141899E-01 9.491127E-02 6.430947E-02 3.308885E-02 1.558216E-02
530 2.469821E+02 5.178571E-01 2.504752E+00 1.153184E-01 1.249779E-01 1.350458E-01 1.360517E-01 1.141900E-01 9.491128E-02 6.430947E-02 3.308886E-02 1.558216E-02
531 2.475000E+02 5.178571E-01 2.504752E+00 1.153185E-01 1.249779E-01 1.350459E-01 1.360517E-01 1.141900E-01 9.491129E-02 6.430948E-02 3.308886E-02 1.558216E-02
532 2.480179E+02 5.178571E-01 2.504752E+00 1.153185E-01 1.249779E-01 1.350459E-01 1.360517E-01 1.141900E-01 9.491130E-02 6.430949E-02 3.308886E-02 1.558217E-02
533 2.485357E+02 5.178571E-01 2.504752E+00 1.153185E-01 1.249779E-01 1.350459E-01 1.360517E-01 1.141900E-01 9.491131E-02 6.430949E-02 3.308886E-02 1.558217E-02
534 2.490536E+02 5.178571E-01 2.504752E+00 1.153185E-01 1.249779E-01 1.350459E-01 1.360518E-01 1.141900E-01 9.491132E-02 6.430950E-02 3.308887E-02 1.558217E-02
535 2.495714E+02 5.178571E-01 2.504752E+00 1.153185E-01 1.249779E-01 1.350459E-01 1.360518E-01 1.141900E-01 9.491133E-02 6.430950E-02 3.308887E-02 1.558217E-02
536 2.500893E+02 5.178571E-01 2.504752E+00 1.153185E-01 1.249779E-01 1.350459E-01 1.360518E-01 1.141900E-01 9.491133E-02 6.430951E-02 3.308887E-02 1.558217E-02
537 2.506071E+02 5.178571E-01 2.504752E+00 1.153185E-01 1.249780E-01 1.350459E-01 1.360518E-01 1.141900E-01 9.491134E-02 6.430951E-02 3.308888E-02 1.558217E-02
538 2.511250E+02 5.178571E-01 2.504752E+00 1.153185E-01 1.249780E-01 1.350459E-01 1.360518E-01 1.141900E-01 9.491135E-02 6.430952E-02 3.308888E-02 1.558217E-02
539 2.516429E+02 5.178571E-01 2.504752E+00 1.153185E-01 1.249780E-01 1.350459E-01 1.360518E-01 1.141900E-01 9.491136E-02 6.430952E-02 3.308888E-02 1.558217E-02
540 2.521607E+02 5.178571E-01 2.504752E+00 1.153185E-01 1.249780E-01 1.350460E-01 1.360518E-01 1.141900E-01 9.491136E-02 6.430953E-02 3.308888E-02 1.558218E-02
541 2.526786E+02 5.178571E-01 2.504752E+00 1.153185E-01 1.249780E-01 1.350460E-01 1.360518E-01 1.141901E-01 9.491137E-02 6.430953E-02 3.308889E-02 1.558218E-02
542 2.531964E+02 5.178571E-01 2.504752E+00 1.153186E-01 1.249780E-01 1.350460E-01 1.360518E-01 1.141901E-01 9.491138E-02 6.430954E-02 3.308889E-02 1.558218E-02
543 2.537143E+02 5.178571E-01 2.504752E+00 1.153186E-01 1.249780E-01 1.350460E-01 1.360518E-01 1.141901E-01 9.491138E-02 6.430954E-02 3.308889E-02 1.558218E-02
544 2.542321E+02 5.178571E-01 2.504752E+00 1.153186E-01 1.249780E-01 1.350460E-01 1.360519E-01 1.141901E-01 9.491139E-02 6.430955E-02 3.308889E-02 1.558218E-02
545 2.547500E+02 5.178571E-01 2.504752E+00 1.153186E-01 1.249780E-01 1.350460E-01 1.360519E-01 1.141901E-01 9.491139E-02 6.430955E-02 3.308889E-02 1.558218E-02
546 2.552679E+02 5.178571E-01 2.504752E+00 1.153186E-01 1.249780E-01 1.350460E-01 1.360519E-01 1.141901E-01 9.491140E-02 6.430955E-02 3.308890E-02 1.558218E-02
547 2.557857E+02 5.178571E-01 2.504752E+00 1.153186E-01 1.249780E-01 1.350460E-01 1.360519E-01 1.141901E-01 9.491140E-02 6.430956E-02 3.308890E-02 1.558218E-02
548 2.563036E+02 5.178571E-01 2.504752E+00 1.153186E-01 1.249780E-01 1.350460E-01 1.360519E-01 1.141901E-01 9.491141E-02 6.430956E-02 3.308890E-02 1.558218E-02
549 2.568214E+02 5.178571E-01 2.504752E+00 1.153186E-01 1.249780E-01 1.350460E-01 1.360519E-01 1.141901E-01 9.491141E-02 6.430956E-02 3.308890E-02 1.558218E-02
550 2.573393E+02 5.178571E-01 2.504752E+00 1.153186E-01 1.249781E-01 1.350460E-01 1.360519E-01 1.141901E-01 9.491142E-02 6.430957E-02 3.308890E-02 1.558219E-02
551 2.578571E+02 5.178571E-01 2.504752E+00 1.153186E-01 1.249781E-01 1.350460E-01 1.360519E-01 1.141901E-01 9.491142E-02 6.430957E-02 3.308891E-02 1.558219E-02
552 2.583750E+02 5.178571E-01 2.504752E+00 1.153186E-01 1.249781E-01 1.350460E-01 1.360519E-01 1.141901E-01 9.491143E-02 6.430957E-02 3.308891E-02 1.558219E-02
553 2.588929E+02 5.178571E-01 2.504752E+00 1.153186E-01 1.249781E-01 1.350460E-01 1.360519E-01 1.141901E-01 9.491143E-02 6.430958E-02 3.308891E-02 1.558219E-02
554 2.594107E+02 5.178571E-01 2.504752E+00 1.153186E-01 1.249781E-01 1.350461E-01 1.360519E-01 1.141901E-01 9.491144E-02 6.430958E-02 3.308891E-02 1.558219E-02
555 2.599286E+02 5.178571E-01 2.504752E+00 1.153186E-01 1.249781E-01 1.350461E-01 1.360519E-01 1.141901E-01 9.491144E-02 6.430958E-02 3.308891E-02 1.558219E-02
556 2.604464E+02 5.178571E-01 2.504752E+00 1.153186E-01 1.249781E-01 1.350461E-01 1.360519E-01 1.141901E-01 9.491144E-02 6.430958E-02 3.308891E-02 1.558219E-02
557 2.609643E+02 5.178571E-01 2.504752E+00 1.153186E-01 1.249781E-01 1.350461E-01 1.360519E-01 1.141901E-01 9.491145E-02 6.430959E-02 3.308891E-02 1.558219E-02
558 2.614821E+02 5.178571E-01 2.504752E+00 1.153186E-01 1.249781E-01 1.350461E-01 1.360519E-01 1.141902E-01 9.491145E-02 6.430959E-02 3.308892E-02 1.558219E-02
559 2.620000E+02 5.178571E-01 2.504752E+00 1.153186E-01 1.249781E-01 1.350461E-01 1.360519E-01 1.141902E-01 9.491145E-02 6.430959E-02 3.308892E-02 1.558219E-02
560 2.625179E+02 5.178571E-01 2.504752E+00 1.153187E-01 1.249781E-01 1.350461E-01 1.360520E-01 1.141902E-01 9.491146E-02 6.430959E-02 3.308892E-02 1.558219E-02
561 2.630357E+02 5.178571E-01 2.504752E+00 1.153187E-01 1.249781E-01 1.350461E-01 1.360520E-01 1.141902E-01 9.491146E-02 6.430960E-02 3.308892E-02 1.558219E-02
562 2.635536E+02 5.178571E-01 2.504752E+00 1.153187E-01 1.249781E-01 1.350461E-01 1.360520E-01 1.141902E-01 9.491146E-02 6.430960E-02 3.308892E-02 1.558219E-02
563 2.640714E+02 5.178571E-01 2.504752E+00 1.153187E-01 1.249781E-01 1.350461E-01 1.360520E-01 1.141902E-01 9.491147E-02 6.430960E-02 3.308892E-02 1.558219E-02
564 2.645893E+02 5.178571E-01 2.504752E+00 1.153187E-01 1.249781E-01 1.350461E-01 1.360520E-01 1.141902E-01 9.491147E-02 6.430960E-02 3.308892E-02 1.558219E-02
565 2.651071E+02 5.178571E-01 2.504752E+00 1.153187E-01 1.249781E-01 1.350461E-01 1.360520E-01 1.141902E-01 9.491147E-02 6.430961E-02 3.308892E-02 1.558219E-02
566 2.656250E+02 5.178571E-01 2.504752E+00 1.153187E-01 1.249781E-01 1.350461E-01 1.360520E-01 1.141902E-01 9.491148E-02 6.430961E-02 3.308892E-02 1.558220E-02
567 2.661429E+02 5.178571E-01 2.504752E+00 1.153187E-01 1.249781E-01 1.350461E-01 1.360520E-01 1.141902E-01 9.491148E-02 6.430961E-02 3.308893E-02 1.558220E-02
568 2.666607E+02 5.178571E-01 2.504752E+00 1.153187E-01 1.249781E-01 1.350461E-01 1.360520E-01 1.141902E-01 9.491148E-02 6.430961E-02 3.308893E-02 1.558220E-02
569 2.671786E+02 5.178571E-01 2.504752E+00 1.153187E-01 1.249781E-01 1.350461E-01 1.360520E-01 1.141902E-01 9.491148E-02 6.430961E-02 3.308893E-02 1.558220E-02
570 2.676964E+02 5.178571E-01 2.504752E+00 1.153187E-01 1.249781E-01 1.350461E-01 1.360520E-01 1.141902E-01 9.491149E-02 6.430961E-02 3.308893E-02 1.558220E-02
571 2.682143E+02 5.178571E-01 2.504752E+00 1.153187E-01 1.249781E-01 1.350461E-01 1.360520E-01 1.141902E-01 9.491149E-02 6.430962E-02 3.308893E-02 1.558220E-02
572 2.687321E+02 5.178571E-01 2.504752E+00 1.153187E-01 1.249781E-01 1.350461E-01 1.360520E-01 1.141902E-01 9.491149E-02 6.430962E-02 3.308893E-02 1.558220E-02
573 2.692500E+02 5.178571E-01 2.504752E+00 1.153187E-01 1.249781E-01 1.350461E-01 1.360520E-01 1.141902E-01 9.491149E-02 6.430962E-02 3.308893E-02 1.558220E-02
574 2.697679E+02 5.178571E-01 2.504752E+00 1.153187E-01 1.249782E-01 1.350461E-01 1.360520E-01 1.141902E-01 9.491149E-02 6.430962E-02 3.308893E-02 1.558220E-02
575 2.702857E+02 5.178571E-01 2.504752E+00 1.153187E-01 1.249782E-01 1.350461E-01 1.360520E-01 1.141902E-01 9.491150E-02 6.430962E-02 3.308893E-02 1.558220E-02
576 2.708036E+02 5.178571E-01 2.504752E+00 1.153187E-01 1.249782E-01 1.350461E-01 1.360520E-01 1.141902E-01 9.491150E-02 6.430962E-02 3.308893E-02 1.558220E-02
577 2.713214E+02 5.178571E-01 2.504752E+00 1.153187E-01 1.249782E-01 1.350461E-01 1.360520E-01 1.141902E-01 9.491150E-02 6.430962E-02 3.308893E-02 1.558220E-02
578 2.718393E+02 5.178571E-01 2.504752E+00 1.153187E-01 1.249782E-01 1.350461E-01 1.360520E-01 1.141902E-01 9.491150E-02 6.430962E-02 3.308893E-02 1.558220E-02
579 2.723571E+02 5.178571E-01 2.504752E+00 1.153187E-01 1.249782E-01 1.350461E-01 1.360520E-01 1.141902E-01 9.491150E-02 6.430963E-02 3.308893E-02 1.558220E-02
580 2.728750E+02 5.178571E-01 2.504752E+00 1.153187E-01 1.249782E-01 1.350462E-01 1.360520E-01 1.141902E-01 9.491151E-02 6.430963E-02 3.308894E-02 1.558220E-02
581 2.733929E+02 5.178571E-01 2.504752E+00 1.153187E-01 1.249782E-01 1.350462E-01 1.360520E-01 1.141902E-01 9.491151E-02 6.430963E-02 3.308894E-02 1.558220E-02
582 2.739107E+02 5.178571E-01 2.504752E+00 1.153187E-01 1.249782E-01 1.350462E-01 1.360520E-01 1.141902E-01 9.491151E-02 6.430963E-02 3.308894E-02 1.558220E-02
583 2.744286E+02 5.178571E-01 2.504752E+00 1.153187E-01 1.249782E-01 1.350462E-01 1.360520E-01 1.141902E-01 9.491151E-02 6.430963E-02 3.308894E-02 1.558220E-02
584 2.749464E+02 5.178571E-01 2.504752E+00 1.153187E-01 1.249782E-01 1.350462E-01 1.360520E-01 1.141902E-01 9.491151E-02 6.430963E-02 3.308894E-02 1.558220E-02
585 2.754643E+02 5.178571E-01 2.504752E+00 1.153187E-01 1.249782E-01 1.350462E-01 1.360520E-01 1.141902E-01 9.491151E-02 6.430963E-02 3.308894E-02 1.558220E-02
586 2.759821E+02 5.178571E-01 2.504752E+00 1.153187E-01 1.249782E-01 1.350462E-01 1.360520E-01 1.141902E-01 9.491151E-02 6.430963E-02 3.308894E-02 1.558220E-02
587 2.765000E+02 5.178571E-01 2.504752E+00 1.153187E-01 1.249782E-01 1.350462E-01 1.360520E-01 1.141902E-01 9.491152E-02 6.430963E-02 3.308894E-02 1.558220E-02
588 2.770179E+02 5.178571E-01 2.504752E+00 1.153187E-01 1.249782E-01 1.350462E-01 1.360520E-01 1.141902E-01 9.491152E-02 6.430963E-02 3.308894E-02 1.558220E-02
589 2.775357E+02 5.178571E-01 2.504752E+00 1.153187E-01 1.249782E-01 1.350462E-01 1.360520E-01 1.141902E-01 9.491152E-02 6.430964E-02 3.308894E-02 1.558220E-02
590 2.780536E+02 5.178571E-01 2.504752E+00 1.153187E-01 1.249782E-01 1.350462E-01 1.360520E-01 1.141902E-01 9.491152E-02 6.430964E-02 3.308894E-02 1.558220E-02
591 2.785714E+02 5.178571E-01 2.504752E+00 1.153187E-01 1.249782E-01 1.350462E-01 1.360520E-01 1.141902E-01 9.491152E-02 6.430964E-02 3.308894E-02 1.558220E-02
592 2.790893E+02 5.178571E-01 2.504752E+00 1.153187E-01 1.249782E-01 1.350462E-01 1.360520E-01 1.141902E-01 9.491152E-02 6.430964E-02 3.308894E-02 1.558220E-02
593 2.796071E+02 5.178571E-01 2.504752E+00 1.153187E-01 1.249782E-01 1.350462E-01 1.360520E-01 1.141902E-01 9.491152E-02 6.430964E-02 3.308894E-02 1.558220E-02
594 2.801250E+02 5.178571E-01 2.504752E+00 1.153187E-01 1.249782E-01 1.350462E-01 1.360520E-01 1.141902E-01 9.491152E-02 6.430964E-02 3.308894E-02 1.558220E-02
