0 -2.548214E+01 5.178571E-01 0.000000E+00 0.000000E+00 0.000000E+00 0.000000E+00 0.000000E+00 0.000000E+00 0.000000E+00 0.000000E+00 0.000000E+00 0.000000E+00
1 -2.496429E+01 5.178571E-01 0.000000E+00 0.000000E+00 0.000000E+00 0.000000E+00 0.000000E+00 0.000000E+00 0.000000E+00 0.000000E+00 0.000000E+00 0.000000E+00
2 -2.444643E+01 5.178571E-01 1.689209E-01 6.971482E-10 5.627284E-10 6.097481E-10 6.666976E-10 5.344088E-10 4.672517E-10 3.202330E-10 1.412353E-10 6.997859E-11
3 -2.392857E+01 5.178571E-01 3.468894E+00 1.275251E-08 1.029365E-08 1.115375E-08 1.219550E-08 9.775616E-09 8.547152E-09 5.857828E-09 2.583532E-09 1.280076E-09
4 -2.341071E+01 5.178571E-01 8.093230E+00 5.344932E-08 4.314355E-08 4.674848E-08 5.111472E-08 4.097233E-08 3.582349E-08 2.455179E-08 1.082830E-08 5.365155E-09
5 -2.289286E+01 5.178571E-01 9.522322E+00 1.305713E-07 1.053953E-07 1.142018E-07 1.248681E-07 1.000913E-07 8.751318E-08 5.997754E-08 2.645245E-08 1.310653E-08
6 -2.237500E+01 5.178571E-01 9.099507E+00 2.430085E-07 1.961531E-07 2.125430E-07 2.323942E-07 1.862816E-07 1.628723E-07 1.116252E-07 4.923112E-08 2.439280E-08
7 -2.185714E+01 5.178571E-01 5.812589E+00 3.821230E-07 3.084444E-07 3.342170E-07 3.654323E-07 2.929218E-07 2.561114E-07 1.755271E-07 7.741433E-08 3.835688E-08
8 -2.133929E+01 5.178571E-01 3.978590E+00 5.355939E-07 4.323240E-07 4.684475E-07 5.121998E-07 4.105670E-07 3.589726E-07 2.460234E-07 1.085060E-07 5.376203E-08
9 -2.082143E+01 5.178571E-01 4.759281E+00 7.045034E-07 5.686655E-07 6.161812E-07 6.737316E-07 5.400470E-07 4.721814E-07 3.236116E-07 1.427254E-07 7.071689E-08
10 -2.030357E+01 5.178571E-01 4.781279E+00 8.973275E-07 7.243104E-07 7.848312E-07 8.581333E-07 6.878590E-07 6.014184E-07 4.121847E-07 1.817896E-07 9.007225E-08
11 -1.978571E+01 5.178571E-01 4.000323E+00 1.114747E-06 8.998083E-07 9.749932E-07 1.066056E-06 8.545249E-07 7.471401E-07 5.120557E-07 2.258367E-07 1.118965E-07
12 -1.926786E+01 5.178571E-01 3.002535E+00 1.349832E-06 1.089566E-06 1.180606E-06 1.290873E-06 1.034733E-06 9.047018E-07 6.200413E-07 2.734626E-07 1.354939E-07
13 -1.875000E+01 5.178571E-01 1.816319E+00 1.589555E-06 1.283067E-06 1.390276E-06 1.520125E-06 1.218496E-06 1.065372E-06 7.301574E-07 3.220281E-07 1.595569E-07
14 -1.823214E+01 5.178571E-01 1.559247E+00 1.824985E-06 1.473102E-06 1.596190E-06 1.745271E-06 1.398968E-06 1.223165E-06 8.383012E-07 3.697238E-07 1.831890E-07
15 -1.771429E+01 5.178571E-01 1.966781E+00 2.061526E-06 1.664035E-06 1.803076E-06 1.971481E-06 1.580292E-06 1.381703E-06 9.469558E-07 4.176447E-07 2.069326E-07
16 -1.719643E+01 5.178571E-01 2.015504E+00 2.307116E-06 1.862272E-06 2.017877E-06 2.206344E-06 1.768552E-06 1.546305E-06 1.059767E-06 4.673988E-07 2.315845E-07
17 -1.667857E+01 5.178571E-01 1.837508E+00 2.562398E-06 2.068332E-06 2.241155E-06 2.450476E-06 1.964242E-06 1.717403E-06 1.177030E-06 5.191164E-07 2.572093E-07
18 -1.616071E+01 5.178571E-01 1.141606E+00 2.817193E-06 2.273999E-06 2.464007E-06 2.694141E-06 2.159559E-06 1.888175E-06 1.294069E-06 5.707353E-07 2.827852E-07
19 -1.564286E+01 5.178571E-01 2.494869E-01 3.050013E-06 2.461928E-06 2.667638E-06 2.916792E-06 2.338030E-06 2.044219E-06 1.401014E-06 6.179023E-07 3.061552E-07
20 -1.512500E+01 5.178571E-01 5.196387E-01 3.255028E-06 2.627414E-06 2.846951E-06 3.112852E-06 2.495187E-06 2.181627E-06 1.495187E-06 6.594364E-07 3.267344E-07
21 -1.460714E+01 5.178571E-01 1.213893E+00 3.451942E-06 2.786360E-06 3.019178E-06 3.301165E-06 2.646134E-06 2.313605E-06 1.585639E-06 6.993291E-07 3.465002E-07
22 -1.408929E+01 5.178571E-01 1.855092E+00 3.665499E-06 2.958740E-06 3.205963E-06 3.505395E-06 2.809840E-06 2.456738E-06 1.683736E-06 7.425938E-07 3.679368E-07
23 -1.357143E+01 5.178571E-01 2.431703E+00 3.917693E-06 3.162308E-06 3.426540E-06 3.746573E-06 3.003163E-06 2.625767E-06 1.799581E-06 7.936858E-07 3.932516E-07
24 -1.305357E+01 5.178571E-01 1.417508E+00 4.197995E-06 3.388564E-06 3.671700E-06 4.014631E-06 3.218032E-06 2.813634E-06 1.928336E-06 8.504721E-07 4.213878E-07
25 -1.253571E+01 5.178571E-01 1.479046E+00 4.488043E-06 3.622687E-06 3.925386E-06 4.292011E-06 3.440373E-06 3.008034E-06 2.061569E-06 9.092330E-07 4.505024E-07
26 -1.201786E+01 5.178571E-01 1.464872E+00 4.790535E-06 3.866854E-06 4.189955E-06 4.581290E-06 3.672252E-06 3.210774E-06 2.200518E-06 9.705148E-07 4.808660E-07
27 -1.150000E+01 5.178571E-01 1.416098E+00 5.105495E-06 4.121085E-06 4.465428E-06 4.882493E-06 3.913689E-06 3.421871E-06 2.345194E-06 1.034323E-06 5.124812E-07
28 -1.098214E+01 5.178571E-01 1.361035E+00 5.431870E-06 4.384531E-06 4.750887E-06 5.194613E-06 4.163877E-06 3.640618E-06 2.495113E-06 1.100443E-06 5.452422E-07
29 -1.046429E+01 5.178571E-01 1.318894E+00 5.768709E-06 4.656422E-06 5.045497E-06 5.516739E-06 4.422085E-06 3.866379E-06 2.649839E-06 1.168683E-06 5.790535E-07
30 -9.946429E+00 5.178571E-01 1.340837E+00 6.112868E-06 4.934223E-06 5.346509E-06 5.845865E-06 4.672742E-06 4.085537E-06 2.800040E-06 1.234928E-06 6.118760E-07
31 -9.428571E+00 5.178571E-01 1.447778E+00 6.455797E-06 5.211030E-06 5.646446E-06 6.173815E-06 4.899206E-06 4.283542E-06 2.935744E-06 1.294778E-06 6.415306E-07
32 -8.910714E+00 5.178571E-01 1.529898E+00 6.799771E-06 5.488681E-06 5.947296E-06 6.502765E-06 5.080890E-06 4.442394E-06 3.044614E-06 1.342794E-06 6.653213E-07
33 -8.392857E+00 5.178571E-01 1.553286E+00 7.148502E-06 5.770172E-06 6.252308E-06 6.836264E-06 5.222961E-06 4.566611E-06 3.129747E-06 1.380341E-06 6.839248E-07
34 -7.875000E+00 5.178571E-01 1.520767E+00 7.502349E-06 6.055793E-06 6.561794E-06 7.174656E-06 5.330017E-06 4.660215E-06 3.193898E-06 1.408635E-06 6.979435E-07
35 -7.357143E+00 5.178571E-01 1.432925E+00 7.858627E-06 6.343375E-06 6.873405E-06 7.515371E-06 5.406150E-06 4.726780E-06 3.239519E-06 1.428755E-06 7.079128E-07
36 -6.839286E+00 5.178571E-01 1.443251E+00 8.215860E-06 6.631729E-06 7.185853E-06 7.857001E-06 5.455046E-06 4.769532E-06 3.268819E-06 1.441678E-06 7.143155E-07
37 -6.321429E+00 5.178571E-01 1.438639E+00 8.574620E-06 6.921315E-06 7.499636E-06 8.200091E-06 5.480042E-06 4.791386E-06 3.283797E-06 1.448284E-06 7.175886E-07
38 -5.803571E+00 5.178571E-01 1.436477E+00 8.934987E-06 7.212198E-06 7.814824E-06 8.544717E-06 5.484126E-06 4.794957E-06 3.286245E-06 1.449363E-06 7.181233E-07
39 -5.285714E+00 5.178571E-01 1.438731E+00 9.297134E-06 7.504519E-06 8.131570E-06 8.891047E-06 5.469977E-06 4.782586E-06 3.277766E-06 1.445624E-06 7.162706E-07
40 -4.767857E+00 5.178571E-01 1.446275E+00 9.661431E-06 7.798574E-06 8.450195E-06 9.239431E-06 5.440000E-06 4.756376E-06 3.259803E-06 1.437701E-06 7.123453E-07
41 -4.250000E+00 5.178571E-01 1.458259E+00 1.002844E-05 8.094822E-06 8.771197E-06 9.590414E-06 5.396350E-06 4.718211E-06 3.233646E-06 1.426165E-06 7.066294E-07
42 -3.732143E+00 5.178571E-01 1.468803E+00 1.039875E-05 8.393728E-06 9.095079E-06 9.944545E-06 5.340954E-06 4.669777E-06 3.200452E-06 1.411525E-06 6.993755E-07
43 -3.214286E+00 5.178571E-01 1.469851E+00 1.077253E-05 8.695441E-06 9.422002E-06 1.030200E-05 5.275531E-06 4.612575E-06 3.161248E-06 1.394235E-06 6.908087E-07
44 -2.696429E+00 5.178571E-01 1.463741E+00 1.114947E-05 8.999697E-06 9.751680E-06 1.066247E-05 5.201607E-06 4.547941E-06 3.116951E-06 1.374698E-06 6.811287E-07
45 -2.178571E+00 5.178571E-01 1.455398E+00 1.152898E-05 9.306030E-06 1.008361E-05 1.102540E-05 5.120539E-06 4.477060E-06 3.068373E-06 1.353273E-06 6.705131E-07
46 -1.660714E+00 5.178571E-01 1.449695E+00 1.191055E-05 9.614035E-06 1.041735E-05 1.139031E-05 5.033534E-06 4.400989E-06 3.016237E-06 1.330279E-06 6.591202E-07
47 -1.142857E+00 5.178571E-01 1.451943E+00 1.229409E-05 9.923616E-06 1.075280E-05 1.175709E-05 4.941672E-06 4.320671E-06 2.961191E-06 1.306001E-06 6.470912E-07
48 -6.250000E-01 5.178571E-01 1.452587E+00 1.267966E-05 1.023485E-05 1.109004E-05 1.212583E-05 4.845913E-06 4.236946E-06 2.903809E-06 1.280694E-06 6.345521E-07
49 -1.071429E-01 5.178571E-01 1.453917E+00 1.306735E-05 1.054779E-05 1.142912E-05 1.249659E-05 4.747110E-06 4.150559E-06 2.844604E-06 1.254582E-06 6.216142E-07
50 4.107143E-01 5.178571E-01 1.455528E+00 1.345725E-05 1.086251E-05 1.177014E-05 1.286945E-05 4.646016E-06 4.062169E-06 2.784025E-06 1.227865E-06 6.083764E-07
51 9.285714E-01 5.178571E-01 1.457047E+00 1.384946E-05 1.117909E-05 1.211318E-05 1.324453E-05 4.543298E-06 3.972359E-06 2.722474E-06 1.200718E-06 5.949259E-07
52 1.446429E+00 5.178571E-01 1.457972E+00 1.424406E-05 1.149761E-05 1.245831E-05 1.362189E-05 4.439542E-06 3.881642E-06 2.660300E-06 1.173297E-06 5.813394E-07
53 1.964286E+00 5.178571E-01 1.457851E+00 1.464109E-05 1.181808E-05 1.280556E-05 1.400158E-05 4.335263E-06 3.790467E-06 2.597813E-06 1.145738E-06 5.676845E-07
54 2.482143E+00 5.178571E-01 1.456768E+00 1.504051E-05 1.214050E-05 1.315491E-05 1.438356E-05 4.230911E-06 3.699229E-06 2.535282E-06 1.118159E-06 5.540201E-07
55 3.000000E+00 5.178571E-01 1.455568E+00 1.544230E-05 1.246481E-05 1.350632E-05 1.476779E-05 4.126879E-06 3.608270E-06 2.472944E-06 1.090665E-06 5.403976E-07
56 3.517857E+00 5.178571E-01 1.454871E+00 1.584642E-05 1.279101E-05 1.385978E-05 1.515426E-05 4.023510E-06 3.517891E-06 2.411002E-06 1.063346E-06 5.268617E-07
57 4.035714E+00 5.178571E-01 1.454888E+00 1.625292E-05 1.311914E-05 1.421533E-05 1.554302E-05 3.921099E-06 3.428350E-06 2.349634E-06 1.036281E-06 5.134515E-07
58 4.553571E+00 5.178571E-01 1.455405E+00 1.666192E-05 1.344927E-05 1.457305E-05 1.593415E-05 3.819905E-06 3.339872E-06 2.288996E-06 1.009537E-06 5.002006E-07
59 5.071429E+00 5.178571E-01 1.455700E+00 1.707353E-05 1.378152E-05 1.493305E-05 1.632778E-05 3.720147E-06 3.252651E-06 2.229218E-06 9.831728E-07 4.871377E-07
60 5.589286E+00 5.178571E-01 1.455982E+00 1.748785E-05 1.411595E-05 1.529543E-05 1.672400E-05 3.622014E-06 3.166850E-06 2.170414E-06 9.572379E-07 4.742876E-07
61 6.107143E+00 5.178571E-01 1.456160E+00 1.790501E-05 1.445268E-05 1.566029E-05 1.712294E-05 3.525664E-06 3.082607E-06 2.112678E-06 9.317740E-07 4.616709E-07
62 6.625000E+00 5.178571E-01 1.456205E+00 1.832511E-05 1.479178E-05 1.602773E-05 1.752469E-05 3.431229E-06 3.000039E-06 2.056090E-06 9.068164E-07 4.493050E-07
63 7.142857E+00 5.178571E-01 1.456116E+00 1.874826E-05 1.513334E-05 1.639782E-05 1.792936E-05 3.338818E-06 2.919241E-06 2.000715E-06 8.823938E-07 4.372042E-07
64 7.660714E+00 5.178571E-01 1.455940E+00 1.917455E-05 1.547743E-05 1.677067E-05 1.833703E-05 3.248520E-06 2.840291E-06 1.946606E-06 8.585295E-07 4.253801E-07
65 8.178571E+00 5.178571E-01 1.455766E+00 1.960409E-05 1.582415E-05 1.714636E-05 1.874781E-05 3.160405E-06 2.763249E-06 1.893805E-06 8.352424E-07 4.138419E-07
66 8.696429E+00 5.178571E-01 1.455683E+00 2.003700E-05 1.617359E-05 1.752500E-05 1.916180E-05 3.074529E-06 2.688165E-06 1.842345E-06 8.125466E-07 4.025967E-07
67 9.214286E+00 5.178571E-01 1.455703E+00 2.047339E-05 1.652584E-05 1.790668E-05 1.957914E-05 2.990930E-06 2.615071E-06 1.792251E-06 7.904529E-07 3.916498E-07
68 9.732143E+00 5.178571E-01 1.455785E+00 2.091341E-05 1.688102E-05 1.829154E-05 1.999994E-05 2.909638E-06 2.543995E-06 1.743538E-06 7.689686E-07 3.810049E-07
69 1.025000E+01 5.178571E-01 1.455866E+00 2.135721E-05 1.723924E-05 1.867969E-05 2.042435E-05 2.830668E-06 2.474949E-06 1.696217E-06 7.480983E-07 3.706641E-07
70 1.076786E+01 5.178571E-01 1.455904E+00 2.180492E-05 1.760063E-05 1.907127E-05 2.085250E-05 2.754029E-06 2.407941E-06 1.650292E-06 7.278438E-07 3.606285E-07
71 1.128571E+01 5.178571E-01 1.455921E+00 2.225668E-05 1.796529E-05 1.946641E-05 2.128454E-05 2.679719E-06 2.342969E-06 1.605764E-06 7.082049E-07 3.508979E-07
72 1.180357E+01 5.178571E-01 1.455913E+00 2.271266E-05 1.833334E-05 1.986521E-05 2.172059E-05 2.607729E-06 2.280026E-06 1.562625E-06 6.891792E-07 3.414712E-07
73 1.232143E+01 5.178571E-01 1.455889E+00 2.317298E-05 1.870491E-05 2.026782E-05 2.216081E-05 2.538045E-06 2.219098E-06 1.520869E-06 6.707628E-07 3.323463E-07
74 1.283929E+01 5.178571E-01 1.455860E+00 2.363779E-05 1.908010E-05 2.067436E-05 2.260532E-05 2.470645E-06 2.160169E-06 1.480481E-06 6.529503E-07 3.235207E-07
75 1.335714E+01 5.178571E-01 1.455837E+00 2.410724E-05 1.945903E-05 2.108496E-05 2.305427E-05 2.405506E-06 2.103215E-06 1.441448E-06 6.357351E-07 3.149910E-07
76 1.387500E+01 5.178571E-01 1.455829E+00 2.458149E-05 1.984184E-05 2.149975E-05 2.350780E-05 2.342597E-06 2.048212E-06 1.403751E-06 6.191093E-07 3.067533E-07
77 1.439286E+01 5.178571E-01 1.455836E+00 2.506068E-05 2.022864E-05 2.191887E-05 2.396606E-05 2.281887E-06 1.995131E-06 1.367371E-06 6.030645E-07 2.988035E-07
78 1.491071E+01 5.178571E-01 1.455851E+00 2.554498E-05 2.061956E-05 2.234246E-05 2.442921E-05 2.223339E-06 1.943940E-06 1.332288E-06 5.875913E-07 2.911369E-07
79 1.542857E+01 5.178571E-01 1.455864E+00 2.603455E-05 2.101473E-05 2.277065E-05 2.489739E-05 2.166916E-06 1.894608E-06 1.298478E-06 5.726796E-07 2.837485E-07
80 1.594643E+01 5.178571E-01 1.455871E+00 2.652954E-05 2.141428E-05 2.320358E-05 2.537076E-05 2.112578E-06 1.847098E-06 1.265917E-06 5.583190E-07 2.766332E-07
81 1.646429E+01 5.178571E-01 1.455870E+00 2.703012E-05 2.181834E-05 2.364140E-05 2.584947E-05 2.060284E-06 1.801376E-06 1.234581E-06 5.444987E-07 2.697856E-07
82 1.698214E+01 5.178571E-01 1.455867E+00 2.753644E-05 2.222703E-05 2.408425E-05 2.633368E-05 2.009992E-06 1.757404E-06 1.204445E-06 5.312074E-07 2.632001E-07
83 1.750000E+01 5.178571E-01 1.455862E+00 2.804867E-05 2.264050E-05 2.453226E-05 2.682354E-05 1.961659E-06 1.715145E-06 1.175482E-06 5.184337E-07 2.568710E-07
84 1.801786E+01 5.178571E-01 1.455857E+00 2.856698E-05 2.305887E-05 2.498559E-05 2.731921E-05 1.915240E-06 1.674559E-06 1.147667E-06 5.061660E-07 2.507927E-07
85 1.853571E+01 5.178571E-01 1.455855E+00 2.909152E-05 2.348228E-05 2.544438E-05 2.782084E-05 1.870692E-06 1.635610E-06 1.120972E-06 4.943928E-07 2.449593E-07
86 1.905357E+01 5.178571E-01 1.455854E+00 2.962247E-05 2.391085E-05 2.590876E-05 2.832860E-05 1.827971E-06 1.598257E-06 1.095372E-06 4.831021E-07 2.393651E-07
87 1.957143E+01 5.178571E-01 1.455856E+00 3.016000E-05 2.434473E-05 2.637889E-05 2.884264E-05 1.787031E-06 1.562462E-06 1.070840E-06 4.722824E-07 2.340042E-07
88 2.008929E+01 5.178571E-01 1.455859E+00 3.070426E-05 2.478406E-05 2.685493E-05 2.936313E-05 1.747829E-06 1.528186E-06 1.047349E-06 4.619221E-07 2.288709E-07
89 2.060714E+01 5.178571E-01 1.455861E+00 3.125544E-05 2.522896E-05 2.733700E-05 2.989024E-05 1.710322E-06 1.495392E-06 1.024873E-06 4.520094E-07 2.239595E-07
90 2.112500E+01 5.178571E-01 1.455861E+00 3.181369E-05 2.567958E-05 2.782527E-05 3.042411E-05 1.674465E-06 1.464041E-06 1.003387E-06 4.425331E-07 2.192641E-07
91 2.164286E+01 5.178571E-01 1.455861E+00 3.237921E-05 2.613605E-05 2.831989E-05 3.096492E-05 1.640216E-06 1.434096E-06 9.828641E-07 4.334817E-07 2.147794E-07
92 2.216071E+01 5.178571E-01 1.455860E+00 3.295215E-05 2.659852E-05 2.882100E-05 3.151284E-05 1.607533E-06 1.405521E-06 9.632796E-07 4.248441E-07 2.104997E-07
93 2.267857E+01 5.178571E-01 1.455859E+00 3.353269E-05 2.706713E-05 2.932876E-05 3.206803E-05 1.576375E-06 1.378278E-06 9.446087E-07 4.166095E-07 2.064197E-07
94 2.319643E+01 5.178571E-01 1.455859E+00 3.412102E-05 2.754201E-05 2.984333E-05 3.263065E-05 1.546700E-06 1.352332E-06 9.268269E-07 4.087671E-07 2.025339E-07
95 2.371429E+01 5.178571E-01 1.455858E+00 3.471729E-05 2.802332E-05 3.036485E-05 3.320088E-05 1.518470E-06 1.327650E-06 9.099104E-07 4.013062E-07 1.988373E-07
96 2.423214E+01 5.178571E-01 1.455859E+00 3.532170E-05 2.851119E-05 3.089349E-05 3.377889E-05 1.491645E-06 1.304195E-06 8.938360E-07 3.942168E-07 1.953246E-07
97 2.475000E+01 5.178571E-01 1.455859E+00 3.593443E-05 2.900577E-05 3.142940E-05 3.436485E-05 1.466186E-06 1.281937E-06 8.785807E-07 3.874886E-07 1.919910E-07
98 2.526786E+01 5.178571E-01 1.455859E+00 3.655564E-05 2.950721E-05 3.197273E-05 3.495894E-05 1.442058E-06 1.260840E-06 8.641225E-07 3.811119E-07 1.888315E-07
99 2.578571E+01 5.178571E-01 1.455860E+00 3.718553E-05 3.001565E-05 3.252365E-05 3.556131E-05 1.419224E-06 1.240876E-06 8.504395E-07 3.750772E-07 1.858415E-07
100 2.630357E+01 5.178571E-01 1.455860E+00 3.782428E-05 3.053124E-05 3.308232E-05 3.617216E-05 1.397648E-06 1.222011E-06 8.375108E-07 3.693751E-07 1.830162E-07
101 2.682143E+01 5.178571E-01 1.455860E+00 3.847208E-05 3.105413E-05 3.364891E-05 3.679166E-05 1.377297E-06 1.204218E-06 8.253159E-07 3.639967E-07 1.803513E-07
102 2.733929E+01 5.178571E-01 1.455859E+00 3.912910E-05 3.158447E-05 3.422356E-05 3.741999E-05 1.358138E-06 1.187466E-06 8.138348E-07 3.589331E-07 1.778424E-07
103 2.785714E+01 5.178571E-01 1.455859E+00 3.979555E-05 3.212242E-05 3.480645E-05 3.805732E-05 1.340137E-06 1.171727E-06 8.030483E-07 3.541758E-07 1.754853E-07
104 2.837500E+01 5.178571E-01 1.455859E+00 4.047160E-05 3.266811E-05 3.539775E-05 3.870384E-05 1.323264E-06 1.156975E-06 7.929376E-07 3.497166E-07 1.732759E-07
105 2.889286E+01 5.178571E-01 1.455859E+00 4.115745E-05 3.322172E-05 3.599761E-05 3.935974E-05 1.307489E-06 1.143182E-06 7.834847E-07 3.455475E-07 1.712102E-07
106 2.941071E+01 5.178571E-01 1.455859E+00 4.185329E-05 3.378340E-05 3.660622E-05 4.002519E-05 1.292782E-06 1.130323E-06 7.746719E-07 3.416607E-07 1.692844E-07
107 2.992857E+01 5.178571E-01 1.455859E+00 4.255932E-05 3.435329E-05 3.722374E-05 4.070038E-05 1.279115E-06 1.118374E-06 7.664823E-07 3.380488E-07 1.674948E-07
108 3.044643E+01 5.178571E-01 1.455859E+00 4.327573E-05 3.493157E-05 3.785033E-05 4.138550E-05 1.266461E-06 1.107310E-06 7.588996E-07 3.347045E-07 1.658378E-07
109 3.096429E+01 5.178571E-01 1.455859E+00 4.400273E-05 3.551839E-05 3.848619E-05 4.208074E-05 1.254793E-06 1.097108E-06 7.519078E-07 3.316209E-07 1.643099E-07
110 3.148214E+01 5.178571E-01 1.455859E+00 4.474050E-05 3.611392E-05 3.913147E-05 4.278629E-05 1.244086E-06 1.087746E-06 7.454918E-07 3.287911E-07 1.629078E-07
111 3.200000E+01 5.178571E-01 1.455859E+00 4.548927E-05 3.671831E-05 3.978636E-05 4.350235E-05 1.234315E-06 1.079203E-06 7.396367E-07 3.262088E-07 1.616284E-07
112 3.251786E+01 5.178571E-01 1.455859E+00 4.624922E-05 3.733173E-05 4.045104E-05 4.422911E-05 1.225456E-06 1.071458E-06 7.343283E-07 3.238676E-07 1.604684E-07
113 3.303571E+01 5.178571E-01 1.455859E+00 4.702056E-05 3.795435E-05 4.112568E-05 4.496676E-05 1.217487E-06 1.064490E-06 7.295531E-07 3.217616E-07 1.594249E-07
114 3.355357E+01 5.178571E-01 1.455859E+00 4.780352E-05 3.858634E-05 4.181048E-05 4.571552E-05 1.210386E-06 1.058282E-06 7.252978E-07 3.198848E-07 1.584950E-07
115 3.407143E+01 5.178571E-01 1.455859E+00 4.859828E-05 3.922786E-05 4.250561E-05 4.647557E-05 1.204131E-06 1.052813E-06 7.215498E-07 3.182318E-07 1.576760E-07
116 3.458929E+01 5.178571E-01 1.455859E+00 4.940508E-05 3.987910E-05 4.321126E-05 4.724713E-05 1.198703E-06 1.048066E-06 7.182969E-07 3.167971E-07 1.569651E-07
117 3.510714E+01 5.178571E-01 1.455859E+00 5.022412E-05 4.054022E-05 4.392762E-05 4.803039E-05 1.194081E-06 1.044026E-06 7.155274E-07 3.155757E-07 1.563599E-07
118 3.562500E+01 5.178571E-01 1.455859E+00 5.105562E-05 4.121139E-05 4.465488E-05 4.882557E-05 1.190247E-06 1.040674E-06 7.132302E-07 3.145625E-07 1.558579E-07
119 3.614286E+01 5.178571E-01 1.455859E+00 5.189981E-05 4.189281E-05 4.539323E-05 4.963289E-05 1.187184E-06 1.037995E-06 7.113944E-07 3.137528E-07 1.554567E-07
120 3.666071E+01 5.178571E-01 1.455859E+00 5.275690E-05 4.258464E-05 4.614286E-05 5.045254E-05 1.184873E-06 1.035975E-06 7.100097E-07 3.131422E-07 1.551542E-07
121 3.717857E+01 5.178571E-01 1.455859E+00 5.362712E-05 4.328707E-05 4.690399E-05 5.128475E-05 1.183299E-06 1.034598E-06 7.090663E-07 3.127261E-07 1.549480E-07
122 3.769643E+01 5.178571E-01 1.455859E+00 5.451070E-05 4.400028E-05 4.767679E-05 5.212973E-05 1.182445E-06 1.033852E-06 7.085547E-07 3.125005E-07 1.548362E-07
123 3.821429E+01 5.178571E-01 1.455859E+00 5.540787E-05 4.472447E-05 4.846149E-05 5.298772E-05 1.182297E-06 1.033722E-06 7.084659E-07 3.124613E-07 1.548168E-07
124 3.873214E+01 5.178571E-01 1.455859E+00 5.631886E-05 4.545981E-05 4.925827E-05 5.385892E-05 1.182840E-06 1.034197E-06 7.087913E-07 3.126048E-07 1.548879E-07
125 3.925000E+01 5.178571E-01 1.455859E+00 5.724391E-05 4.620649E-05 5.006735E-05 5.474356E-05 1.184060E-06 1.035264E-06 7.095225E-07 3.129273E-07 1.550477E-07
126 3.976786E+01 5.178571E-01 1.455859E+00 5.818326E-05 4.696472E-05 5.088893E-05 5.564188E-05 1.185945E-06 1.036911E-06 7.106518E-07 3.134253E-07 1.552945E-07
127 4.028571E+01 5.178571E-01 1.455859E+00 5.913715E-05 4.773469E-05 5.172324E-05 5.655411E-05 1.188481E-06 1.039129E-06 7.121716E-07 3.140956E-07 1.556266E-07
128 4.080357E+01 5.178571E-01 1.455859E+00 6.010583E-05 4.851659E-05 5.257047E-05 5.748047E-05 1.191657E-06 1.041906E-06 7.140748E-07 3.149350E-07 1.560425E-07
129 4.132143E+01 5.178571E-01 1.455859E+00 6.108954E-05 4.931063E-05 5.343086E-05 5.842122E-05 1.195462E-06 1.045232E-06 7.163546E-07 3.159405E-07 1.565407E-07
130 4.183929E+01 5.178571E-01 1.455859E+00 6.208853E-05 5.011701E-05 5.430461E-05 5.937658E-05 1.199884E-06 1.049099E-06 7.190046E-07 3.171093E-07 1.571198E-07
131 4.235714E+01 5.178571E-01 1.455859E+00 6.310307E-05 5.093592E-05 5.519195E-05 6.034680E-05 1.204914E-06 1.053497E-06 7.220187E-07 3.184386E-07 1.577784E-07
132 4.287500E+01 5.178571E-01 1.455859E+00 6.413340E-05 5.176760E-05 5.609312E-05 6.133213E-05 1.210542E-06 1.058417E-06 7.253910E-07 3.199259E-07 1.585153E-07
133 4.339286E+01 5.178571E-01 1.455859E+00 6.517979E-05 5.261223E-05 5.700832E-05 6.233281E-05 1.216758E-06 1.063853E-06 7.291161E-07 3.215688E-07 1.593294E-07
134 4.391071E+01 5.178571E-01 1.455859E+00 6.624250E-05 5.347004E-05 5.793781E-05 6.334911E-05 1.223555E-06 1.069795E-06 7.331888E-07 3.233651E-07 1.602194E-07
135 4.442857E+01 5.178571E-01 1.455859E+00 6.732181E-05 5.434123E-05 5.888180E-05 6.438127E-05 1.230923E-06 1.076238E-06 7.376043E-07 3.253125E-07 1.611842E-07
136 4.494643E+01 5.178571E-01 1.455859E+00 6.841797E-05 5.522604E-05 5.984054E-05 6.542956E-05 1.238856E-06 1.083174E-06 7.423579E-07 3.274090E-07 1.622230E-07
137 4.546429E+01 5.178571E-01 1.455859E+00 6.953128E-05 5.612469E-05 6.081427E-05 6.649423E-05 1.247346E-06 1.090597E-06 7.474453E-07 3.296527E-07 1.633348E-07
138 4.598214E+01 5.178571E-01 1.455859E+00 7.066199E-05 5.703739E-05 6.180323E-05 6.757556E-05 1.256386E-06 1.098501E-06 7.528626E-07 3.320420E-07 1.645186E-07
139 4.650000E+01 5.178571E-01 1.455859E+00 7.181041E-05 5.796437E-05 6.280767E-05 6.867381E-05 1.265971E-06 1.106881E-06 7.586058E-07 3.345750E-07 1.657736E-07
140 4.701786E+01 5.178571E-01 1.455859E+00 7.297680E-05 5.890587E-05 6.382784E-05 6.978926E-05 1.276093E-06 1.115732E-06 7.646715E-07 3.372502E-07 1.670991E-07
141 4.753571E+01 5.178571E-01 1.455859E+00 7.416147E-05 5.986212E-05 6.486399E-05 7.092219E-05 1.286749E-06 1.125048E-06 7.710565E-07 3.400662E-07 1.684944E-07
142 4.805357E+01 5.178571E-01 1.455859E+00 7.536470E-05 6.083335E-05 6.591637E-05 7.207286E-05 1.297932E-06 1.134826E-06 7.777576E-07 3.430216E-07 1.699587E-07
143 4.857143E+01 5.178571E-01 1.455859E+00 7.658680E-05 6.181981E-05 6.698526E-05 7.324158E-05 1.309637E-06 1.145060E-06 7.847721E-07 3.461153E-07 1.714915E-07
144 4.908929E+01 5.178571E-01 1.455859E+00 7.782806E-05 6.282174E-05 6.807090E-05 7.442862E-05 1.321862E-06 1.155749E-06 7.920974E-07 3.493461E-07 1.730923E-07
145 4.960714E+01 5.178571E-01 1.455859E+00 7.908879E-05 6.383938E-05 6.917358E-05 7.563429E-05 1.334602E-06 1.166887E-06 7.997313E-07 3.527129E-07 1.747605E-07
146 5.012500E+01 5.178571E-01 1.455859E+00 8.036930E-05 6.487299E-05 7.029355E-05 7.685886E-05 1.347852E-06 1.178473E-06 8.076714E-07 3.562148E-07 1.764956E-07
147 5.064286E+01 5.178571E-01 1.455859E+00 8.166990E-05 6.592282E-05 7.143110E-05 7.810265E-05 1.361611E-06 1.190503E-06 8.159160E-07 3.598510E-07 1.782972E-07
148 5.116071E+01 5.178571E-01 1.455859E+00 8.299091E-05 6.698912E-05 7.258649E-05 7.936596E-05 1.375875E-06 1.202974E-06 8.244634E-07 3.636207E-07 1.801650E-07
149 5.167857E+01 5.178571E-01 1.455859E+00 8.433265E-05 6.807215E-05 7.376002E-05 8.064910E-05 1.390641E-06 1.215885E-06 8.333120E-07 3.675233E-07 1.820987E-07
150 5.219643E+01 5.178571E-01 1.455859E+00 8.569545E-05 6.917218E-05 7.495197E-05 8.195237E-05 1.405909E-06 1.229233E-06 8.424605E-07 3.715581E-07 1.840978E-07
151 5.271429E+01 5.178571E-01 1.455859E+00 8.707963E-05 7.028948E-05 7.616262E-05 8.327610E-05 1.421674E-06 1.243018E-06 8.519078E-07 3.757248E-07 1.861623E-07
152 5.323214E+01 5.178571E-01 1.455859E+00 8.848554E-05 7.142431E-05 7.739228E-05 8.462060E-05 1.437937E-06 1.257237E-06 8.616529E-07 3.800228E-07 1.882919E-07
153 5.375000E+01 5.178571E-01 1.455859E+00 8.991351E-05 7.257695E-05 7.864123E-05 8.598620E-05 1.454696E-06 1.271890E-06 8.716952E-07 3.844518E-07 1.904863E-07
154 5.426786E+01 5.178571E-01 1.455859E+00 9.136389E-05 7.374768E-05 7.990978E-05 8.737323E-05 1.471949E-06 1.286975E-06 8.820340E-07 3.890116E-07 1.927456E-07
155 5.478571E+01 5.178571E-01 1.455859E+00 9.283703E-05 7.493677E-05 8.119823E-05 8.878202E-05 1.489697E-06 1.302493E-06 8.926689E-07 3.937020E-07 1.950696E-07
156 5.530357E+01 5.178571E-01 1.455859E+00 9.433328E-05 7.614452E-05 8.250689E-05 9.021291E-05 1.507939E-06 1.318442E-06 9.035997E-07 3.985230E-07 1.974582E-07
157 5.582143E+01 5.178571E-01 1.455859E+00 9.585299E-05 7.737121E-05 8.383608E-05 9.166625E-05 1.526674E-06 1.334823E-06 9.148264E-07 4.034744E-07 1.999115E-07
158 5.633929E+01 5.178571E-01 1.455859E+00 9.739653E-05 7.861714E-05 8.518611E-05 9.314237E-05 1.545903E-06 1.351635E-06 9.263489E-07 4.085563E-07 2.024295E-07
159 5.685714E+01 5.178571E-01 1.455859E+00 9.896428E-05 7.988260E-05 8.655731E-05 9.464164E-05 1.565626E-06 1.368880E-06 9.381676E-07 4.137688E-07 2.050122E-07
160 5.737500E+01 5.178571E-01 1.455859E+00 1.005566E-04 8.116790E-05 8.795000E-05 9.616440E-05 1.585844E-06 1.386557E-06 9.502829E-07 4.191121E-07 2.076596E-07
161 5.789286E+01 5.178571E-01 1.455859E+00 1.021739E-04 8.247333E-05 8.936451E-05 9.771102E-05 1.606558E-06 1.404668E-06 9.626952E-07 4.245864E-07 2.103720E-07
162 5.841071E+01 5.178571E-01 1.455859E+00 1.038165E-04 8.379921E-05 9.080118E-05 9.928188E-05 1.627769E-06 1.423213E-06 9.754053E-07 4.301921E-07 2.131495E-07
163 5.892857E+01 5.178571E-01 1.455859E+00 1.054848E-04 8.514585E-05 9.226034E-05 1.008773E-04 1.649478E-06 1.442194E-06 9.884141E-07 4.359294E-07 2.159922E-07
164 5.944643E+01 5.178571E-01 1.455859E+00 1.071792E-04 8.651358E-05 9.374235E-05 1.024977E-04 1.671687E-06 1.461613E-06 1.001723E-06 4.417990E-07 2.189004E-07
165 5.996429E+01 5.178571E-01 1.455859E+00 1.089001E-04 8.790270E-05 9.524754E-05 1.041435E-04 1.694398E-06 1.481470E-06 1.015332E-06 4.478011E-07 2.218743E-07
166 6.048214E+01 5.178571E-01 1.455859E+00 1.106480E-04 8.931355E-05 9.677628E-05 1.058150E-04 1.717613E-06 1.501767E-06 1.029243E-06 4.539365E-07 2.249142E-07
167 6.100000E+01 5.178571E-01 1.455859E+00 1.124232E-04 9.074645E-05 9.832891E-05 1.075127E-04 1.741334E-06 1.522508E-06 1.043457E-06 4.602056E-07 2.280204E-07
168 6.151786E+01 5.178571E-01 1.455859E+00 1.142261E-04 9.220175E-05 9.990581E-05 1.092369E-04 1.765564E-06 1.543693E-06 1.057977E-06 4.666092E-07 2.311933E-07
169 6.203571E+01 5.178571E-01 1.455859E+00 1.160572E-04 9.367978E-05 1.015073E-04 1.109880E-04 1.790306E-06 1.565325E-06 1.072802E-06 4.731480E-07 2.344331E-07
170 6.255357E+01 5.178571E-01 1.455859E+00 1.179169E-04 9.518088E-05 1.031339E-04 1.127664E-04 1.815562E-06 1.587407E-06 1.087937E-06 4.798227E-07 2.377403E-07
171 6.307143E+01 5.178571E-01 1.455859E+00 1.198056E-04 9.670540E-05 1.047858E-04 1.145726E-04 1.841336E-06 1.609942E-06 1.103381E-06 4.866343E-07 2.411152E-07
172 6.358929E+01 5.178571E-01 1.455859E+00 1.217237E-04 9.825370E-05 1.064634E-04 1.164070E-04 1.867631E-06 1.632933E-06 1.119137E-06 4.935836E-07 2.445584E-07
173 6.410714E+01 5.178571E-01 1.455859E+00 1.236718E-04 9.982614E-05 1.081673E-04 1.182699E-04 1.894450E-06 1.656382E-06 1.135208E-06 5.006715E-07 2.480703E-07
174 6.462500E+01 5.178571E-01 1.455859E+00 1.256501E-04 1.014231E-04 1.098976E-04 1.201619E-04 1.921798E-06 1.680293E-06 1.151596E-06 5.078990E-07 2.516513E-07
175 6.514286E+01 5.178571E-01 1.455859E+00 1.276593E-04 1.030448E-04 1.116549E-04 1.220833E-04 1.949677E-06 1.704669E-06 1.168302E-06 5.152672E-07 2.553021E-07
176 6.566071E+01 5.178571E-01 1.455859E+00 1.296998E-04 1.046919E-04 1.134396E-04 1.240346E-04 1.978094E-06 1.729514E-06 1.185330E-06 5.227771E-07 2.590231E-07
177 6.617857E+01 5.178571E-01 1.455859E+00 1.317719E-04 1.063645E-04 1.152519E-04 1.260163E-04 2.007051E-06 1.754832E-06 1.202682E-06 5.304299E-07 2.628149E-07
178 6.669643E+01 5.178571E-01 1.455859E+00 1.338763E-04 1.080631E-04 1.170925E-04 1.280287E-04 2.036553E-06 1.780627E-06 1.220360E-06 5.382269E-07 2.666781E-07
179 6.721429E+01 5.178571E-01 1.455859E+00 1.360133E-04 1.097881E-04 1.189616E-04 1.300724E-04 2.066605E-06 1.806903E-06 1.238368E-06 5.461691E-07 2.706132E-07
180 6.773214E+01 5.178571E-01 1.455859E+00 1.381836E-04 1.115399E-04 1.208597E-04 1.321479E-04 2.097212E-06 1.833663E-06 1.256709E-06 5.542580E-07 2.746211E-07
181 6.825000E+01 5.178571E-01 1.455859E+00 1.403874E-04 1.133188E-04 1.227873E-04 1.342554E-04 2.128378E-06 1.860913E-06 1.275385E-06 5.624948E-07 2.787022E-07
182 6.876786E+01 5.178571E-01 1.455859E+00 1.426254E-04 1.151253E-04 1.247447E-04 1.363957E-04 2.160110E-06 1.888657E-06 1.294399E-06 5.708810E-07 2.828573E-07
183 6.928571E+01 5.178571E-01 1.455859E+00 1.448981E-04 1.169597E-04 1.267325E-04 1.385691E-04 2.192412E-06 1.916900E-06 1.313756E-06 5.794178E-07 2.870872E-07
184 6.980357E+01 5.178571E-01 1.455859E+00 1.472059E-04 1.188225E-04 1.287509E-04 1.407761E-04 2.225290E-06 1.945646E-06 1.333457E-06 5.881069E-07 2.913924E-07
185 7.032143E+01 5.178571E-01 1.455859E+00 1.495494E-04 1.207142E-04 1.308006E-04 1.430172E-04 2.258750E-06 1.974901E-06 1.353507E-06 5.969498E-07 2.957738E-07
186 7.083929E+01 5.178571E-01 1.455859E+00 1.519290E-04 1.226350E-04 1.328820E-04 1.452930E-04 2.292797E-06 2.004670E-06 1.373909E-06 6.059479E-07 3.002321E-07
187 7.135714E+01 5.178571E-01 1.455859E+00 1.543454E-04 1.245855E-04 1.349954E-04 1.476038E-04 2.327438E-06 2.034958E-06 1.394667E-06 6.151029E-07 3.047682E-07
188 7.187500E+01 5.178571E-01 1.455859E+00 1.567991E-04 1.265661E-04 1.371415E-04 1.499503E-04 2.362678E-06 2.065770E-06 1.415784E-06 6.244164E-07 3.093828E-07
189 7.239286E+01 5.178571E-01 1.455859E+00 1.592906E-04 1.285772E-04 1.393206E-04 1.523330E-04 2.398525E-06 2.097112E-06 1.437265E-06 6.338901E-07 3.140768E-07
190 7.291071E+01 5.178571E-01 1.455859E+00 1.618204E-04 1.306192E-04 1.415333E-04 1.547523E-04 2.434985E-06 2.128990E-06 1.459112E-06 6.435258E-07 3.188511E-07
191 7.342857E+01 5.178571E-01 1.455859E+00 1.643891E-04 1.326926E-04 1.437800E-04 1.572088E-04 2.472064E-06 2.161409E-06 1.481331E-06 6.533252E-07 3.237064E-07
192 7.394643E+01 5.178571E-01 1.455859E+00 1.669973E-04 1.347979E-04 1.460612E-04 1.597031E-04 2.509769E-06 2.194376E-06 1.503925E-06 6.632901E-07 3.286438E-07
193 7.446429E+01 5.178571E-01 1.455859E+00 1.696456E-04 1.369356E-04 1.483774E-04 1.622356E-04 2.548108E-06 2.227897E-06 1.526899E-06 6.734224E-07 3.336641E-07
194 7.498214E+01 5.178571E-01 1.455859E+00 1.723344E-04 1.391060E-04 1.507292E-04 1.648070E-04 2.587087E-06 2.261978E-06 1.550256E-06 6.837239E-07 3.387682E-07
195 7.550000E+01 5.178571E-01 1.455859E+00 1.750644E-04 1.413096E-04 1.531169E-04 1.674178E-04 2.626714E-06 2.296625E-06 1.574002E-06 6.941966E-07 3.439572E-07
196 7.601786E+01 5.178571E-01 1.455859E+00 1.778363E-04 1.435470E-04 1.555413E-04 1.700686E-04 2.666996E-06 2.331845E-06 1.598140E-06 7.048425E-07 3.492320E-07
197 7.653571E+01 5.178571E-01 1.455859E+00 1.806505E-04 1.458186E-04 1.580026E-04 1.727599E-04 2.707941E-06 2.367645E-06 1.622675E-06 7.156636E-07 3.545936E-07
198 7.705357E+01 5.178571E-01 1.455859E+00 1.835076E-04 1.481248E-04 1.605016E-04 1.754922E-04 2.749557E-06 2.404031E-06 1.647613E-06 7.266619E-07 3.600429E-07
199 7.757143E+01 5.178571E-01 1.455859E+00 1.864084E-04 1.504663E-04 1.630387E-04 1.782663E-04 2.791851E-06 2.441010E-06 1.672957E-06 7.378395E-07 3.655812E-07
200 7.808929E+01 5.178571E-01 1.455859E+00 1.893534E-04 1.528434E-04 1.656145E-04 1.810827E-04 2.834831E-06 2.478589E-06 1.698712E-06 7.491986E-07 3.712093E-07
201 7.860714E+01 5.178571E-01 1.455859E+00 1.923432E-04 1.552568E-04 1.682295E-04 1.839419E-04 2.878507E-06 2.516776E-06 1.724883E-06 7.607413E-07 3.769284E-07
202 7.912500E+01 5.178571E-01 1.455859E+00 1.953785E-04 1.577068E-04 1.708842E-04 1.868446E-04 2.922885E-06 2.555578E-06 1.751476E-06 7.724697E-07 3.827396E-07
203 7.964286E+01 5.178571E-01 1.455859E+00 1.984598E-04 1.601940E-04 1.735793E-04 1.897914E-04 2.967975E-06 2.595001E-06 1.778495E-06 7.843863E-07 3.886439E-07
204 8.016071E+01 5.178571E-01 1.455859E+00 2.015880E-04 1.627190E-04 1.763153E-04 1.927828E-04 3.013786E-06 2.635055E-06 1.805946E-06 7.964932E-07 3.946426E-07
205 8.067857E+01 5.178571E-01 1.455859E+00 2.047635E-04 1.652823E-04 1.790927E-04 1.958197E-04 3.060325E-06 2.675746E-06 1.833834E-06 8.087927E-07 4.007367E-07
206 8.119643E+01 5.178571E-01 1.455859E+00 2.079871E-04 1.678843E-04 1.819121E-04 1.989024E-04 3.107602E-06 2.717082E-06 1.862164E-06 8.212873E-07 4.069275E-07
207 8.171429E+01 5.178571E-01 1.455859E+00 2.112594E-04 1.705256E-04 1.847742E-04 2.020318E-04 3.155626E-06 2.759071E-06 1.890941E-06 8.339792E-07 4.132160E-07
208 8.223214E+01 5.178571E-01 1.455859E+00 2.145811E-04 1.732069E-04 1.876794E-04 2.052084E-04 3.204406E-06 2.801721E-06 1.920172E-06 8.468710E-07 4.196036E-07
209 8.275000E+01 5.178571E-01 1.455859E+00 2.179528E-04 1.759285E-04 1.906285E-04 2.084329E-04 3.253952E-06 2.845040E-06 1.949861E-06 8.599651E-07 4.260914E-07
210 8.326786E+01 5.178571E-01 1.455859E+00 2.213754E-04 1.786912E-04 1.936220E-04 2.117060E-04 3.304272E-06 2.889037E-06 1.980014E-06 8.732640E-07 4.326806E-07
211 8.378571E+01 5.178571E-01 1.455859E+00 2.248494E-04 1.814953E-04 1.966605E-04 2.150282E-04 3.355377E-06 2.933720E-06 2.010638E-06 8.867702E-07 4.393726E-07
212 8.430357E+01 5.178571E-01 1.455859E+00 2.283756E-04 1.843416E-04 1.997446E-04 2.184004E-04 3.407277E-06 2.979097E-06 2.041737E-06 9.004863E-07 4.461686E-07
213 8.482143E+01 5.178571E-01 1.455859E+00 2.319546E-04 1.872306E-04 2.028749E-04 2.218231E-04 3.459980E-06 3.025178E-06 2.073319E-06 9.144149E-07 4.530699E-07
214 8.533929E+01 5.178571E-01 1.455859E+00 2.355873E-04 1.901628E-04 2.060521E-04 2.252971E-04 3.513497E-06 3.071970E-06 2.105388E-06 9.285587E-07 4.600778E-07
215 8.585714E+01 5.178571E-01 1.455859E+00 2.392742E-04 1.931389E-04 2.092769E-04 2.288230E-04 3.567839E-06 3.119483E-06 2.137951E-06 9.429203E-07 4.671936E-07
216 8.637500E+01 5.178571E-01 1.455859E+00 2.430163E-04 1.961594E-04 2.125498E-04 2.324016E-04 3.623015E-06 3.167725E-06 2.171014E-06 9.575024E-07 4.744187E-07
217 8.689286E+01 5.178571E-01 1.455859E+00 2.468141E-04 1.992249E-04 2.158714E-04 2.360335E-04 3.679036E-06 3.216706E-06 2.204583E-06 9.723078E-07 4.817544E-07
218 8.741071E+01 5.178571E-01 1.455859E+00 2.506684E-04 2.023361E-04 2.192426E-04 2.397195E-04 3.735912E-06 3.266435E-06 2.238665E-06 9.873392E-07 4.892021E-07
219 8.792857E+01 5.178571E-01 1.455859E+00 2.545800E-04 2.054935E-04 2.226638E-04 2.434603E-04 3.793655E-06 3.316921E-06 2.273266E-06 1.002600E-06 4.967632E-07
220 8.844643E+01 5.178571E-01 1.455859E+00 2.585497E-04 2.086977E-04 2.261358E-04 2.472565E-04 3.852274E-06 3.368173E-06 2.308392E-06 1.018092E-06 5.044391E-07
221 8.896429E+01 5.178571E-01 1.455859E+00 2.625782E-04 2.119495E-04 2.296592E-04 2.511091E-04 3.911780E-06 3.420202E-06 2.344050E-06 1.033818E-06 5.122313E-07
222 8.948214E+01 5.178571E-01 1.455859E+00 2.666662E-04 2.152493E-04 2.332348E-04 2.550186E-04 3.972186E-06 3.473016E-06 2.380247E-06 1.049782E-06 5.201411E-07
223 9.000000E+01 5.178571E-01 1.455859E+00 2.708147E-04 2.185979E-04 2.368631E-04 2.589858E-04 4.033501E-06 3.526626E-06 2.416989E-06 1.065987E-06 5.281700E-07
224 9.051786E+01 5.178571E-01 1.455859E+00 2.750243E-04 2.219958E-04 2.405450E-04 2.630115E-04 4.095737E-06 3.581042E-06 2.454282E-06 1.082435E-06 5.363196E-07
225 9.103571E+01 5.178571E-01 1.455859E+00 2.792958E-04 2.254437E-04 2.442810E-04 2.670965E-04 4.158906E-06 3.636272E-06 2.492135E-06 1.099129E-06 5.445913E-07
226 9.155357E+01 5.178571E-01 1.455859E+00 2.836301E-04 2.289423E-04 2.480720E-04 2.712415E-04 4.223018E-06 3.692328E-06 2.530553E-06 1.116073E-06 5.529865E-07
227 9.207143E+01 5.178571E-01 1.455859E+00 2.880280E-04 2.324922E-04 2.519185E-04 2.754473E-04 4.288086E-06 3.749219E-06 2.569543E-06 1.133270E-06 5.615069E-07
228 9.258929E+01 5.178571E-01 1.455859E+00 2.924903E-04 2.360941E-04 2.558213E-04 2.797146E-04 4.354121E-06 3.806956E-06 2.609114E-06 1.150722E-06 5.701540E-07
229 9.310714E+01 5.178571E-01 1.455859E+00 2.970177E-04 2.397486E-04 2.597812E-04 2.840443E-04 4.421136E-06 3.865549E-06 2.649271E-06 1.168432E-06 5.789292E-07
230 9.362500E+01 5.178571E-01 1.455859E+00 3.016112E-04 2.434564E-04 2.637988E-04 2.884372E-04 4.489141E-06 3.925008E-06 2.690021E-06 1.186405E-06 5.878342E-07
231 9.414286E+01 5.178571E-01 1.455859E+00 3.062715E-04 2.472182E-04 2.678748E-04 2.928940E-04 4.558150E-06 3.985345E-06 2.731373E-06 1.204643E-06 5.968706E-07
232 9.466071E+01 5.178571E-01 1.455859E+00 3.109996E-04 2.510346E-04 2.720102E-04 2.974155E-04 4.628173E-06 4.046569E-06 2.773333E-06 1.223149E-06 6.060399E-07
233 9.517857E+01 5.178571E-01 1.455859E+00 3.157962E-04 2.549063E-04 2.762054E-04 3.020026E-04 4.699225E-06 4.108691E-06 2.815909E-06 1.241927E-06 6.153438E-07
234 9.569643E+01 5.178571E-01 1.455859E+00 3.206622E-04 2.588341E-04 2.804614E-04 3.066561E-04 4.771316E-06 4.171723E-06 2.859108E-06 1.260979E-06 6.247838E-07
235 9.621429E+01 5.178571E-01 1.455859E+00 3.255985E-04 2.628186E-04 2.847788E-04 3.113767E-04 4.844459E-06 4.235675E-06 2.902938E-06 1.280310E-06 6.343617E-07
236 9.673214E+01 5.178571E-01 1.455859E+00 3.306059E-04 2.668605E-04 2.891585E-04 3.161654E-04 4.918668E-06 4.300558E-06 2.947406E-06 1.299922E-06 6.440790E-07
237 9.725000E+01 5.178571E-01 1.455859E+00 3.356853E-04 2.709606E-04 2.936011E-04 3.210230E-04 4.993954E-06 4.366383E-06 2.992519E-06 1.319819E-06 6.539374E-07
238 9.776786E+01 5.178571E-01 1.455859E+00 3.408377E-04 2.751195E-04 2.981075E-04 3.259503E-04 5.070330E-06 4.433162E-06 3.038286E-06 1.340004E-06 6.639385E-07
239 9.828571E+01 5.178571E-01 1.455859E+00 3.460637E-04 2.793379E-04 3.026784E-04 3.309481E-04 5.147810E-06 4.500905E-06 3.084715E-06 1.360480E-06 6.740842E-07
240 9.880357E+01 5.178571E-01 1.455859E+00 3.513645E-04 2.836166E-04 3.073146E-04 3.360173E-04 5.226406E-06 4.569624E-06 3.131811E-06 1.381252E-06 6.843760E-07
241 9.932143E+01 5.178571E-01 1.455859E+00 3.567408E-04 2.879562E-04 3.120168E-04 3.411587E-04 5.306131E-06 4.639330E-06 3.179585E-06 1.402322E-06 6.948157E-07
242 9.983929E+01 5.178571E-01 1.455859E+00 3.621935E-04 2.923576E-04 3.167860E-04 3.463733E-04 5.386999E-06 4.710036E-06 3.228043E-06 1.423694E-06 7.054050E-07
243 1.003571E+02 5.178571E-01 1.455859E+00 3.677236E-04 2.968214E-04 3.216228E-04 3.516619E-04 5.469022E-06 4.781751E-06 3.277194E-06 1.445371E-06 7.161456E-07
244 1.008750E+02 5.178571E-01 1.455859E+00 3.733319E-04 3.013484E-04 3.265280E-04 3.570252E-04 5.552214E-06 4.854489E-06 3.327045E-06 1.467358E-06 7.270392E-07
245 1.013929E+02 5.178571E-01 1.455859E+00 3.790195E-04 3.059393E-04 3.315025E-04 3.624643E-04 5.636589E-06 4.928260E-06 3.377605E-06 1.489656E-06 7.380877E-07
246 1.019107E+02 5.178571E-01 1.455859E+00 3.847871E-04 3.105948E-04 3.365471E-04 3.679801E-04 5.722159E-06 5.003077E-06 3.428881E-06 1.512271E-06 7.492927E-07
247 1.024286E+02 5.178571E-01 1.455859E+00 3.906357E-04 3.153158E-04 3.416625E-04 3.735732E-04 5.808938E-06 5.078951E-06 3.480881E-06 1.535205E-06 7.606561E-07
248 1.029464E+02 5.178571E-01 1.455859E+00 3.965663E-04 3.201029E-04 3.468495E-04 3.792448E-04 5.896940E-06 5.155894E-06 3.533615E-06 1.558463E-06 7.721796E-07
249 1.034643E+02 5.178571E-01 1.455859E+00 4.025798E-04 3.249568E-04 3.521091E-04 3.849956E-04 5.986178E-06 5.233919E-06 3.587089E-06 1.582047E-06 7.838650E-07
250 1.039821E+02 5.178571E-01 1.455859E+00 4.086770E-04 3.298785E-04 3.574420E-04 3.908265E-04 6.076667E-06 5.313036E-06 3.641312E-06 1.605962E-06 7.957141E-07
251 1.045000E+02 5.178571E-01 1.455859E+00 4.148590E-04 3.348685E-04 3.628489E-04 3.967385E-04 6.168419E-06 5.393258E-06 3.696293E-06 1.630210E-06 8.077287E-07
252 1.050179E+02 5.178571E-01 1.455859E+00 4.211267E-04 3.399277E-04 3.683309E-04 4.027324E-04 6.261449E-06 5.474597E-06 3.752039E-06 1.654796E-06 8.199106E-07
253 1.055357E+02 5.178571E-01 1.455859E+00 4.274810E-04 3.450568E-04 3.738885E-04 4.088092E-04 6.355771E-06 5.557066E-06 3.808559E-06 1.679724E-06 8.322616E-07
254 1.060536E+02 5.178571E-01 1.455859E+00 4.339229E-04 3.502566E-04 3.795228E-04 4.149697E-04 6.451398E-06 5.640675E-06 3.865861E-06 1.704997E-06 8.447835E-07
255 1.065714E+02 5.178571E-01 1.455859E+00 4.404533E-04 3.555278E-04 3.852345E-04 4.212148E-04 6.548344E-06 5.725439E-06 3.923954E-06 1.730618E-06 8.574782E-07
256 1.070893E+02 5.178571E-01 1.455859E+00 4.470732E-04 3.608713E-04 3.910244E-04 4.275455E-04 6.646623E-06 5.811368E-06 3.982846E-06 1.756591E-06 8.703475E-07
257 1.076071E+02 5.178571E-01 1.455859E+00 4.537834E-04 3.662877E-04 3.968935E-04 4.339627E-04 6.746250E-06 5.898475E-06 4.042545E-06 1.782921E-06 8.833932E-07
258 1.081250E+02 5.178571E-01 1.455859E+00 4.605851E-04 3.717779E-04 4.028424E-04 4.404673E-04 6.847238E-06 5.986772E-06 4.103060E-06 1.809611E-06 8.966171E-07
259 1.086429E+02 5.178571E-01 1.455859E+00 4.674790E-04 3.773426E-04 4.088721E-04 4.470601E-04 6.949601E-06 6.076272E-06 4.164399E-06 1.836663E-06 9.100212E-07
260 1.091607E+02 5.178571E-01 1.455859E+00 4.744662E-04 3.829826E-04 4.149833E-04 4.537421E-04 7.053354E-06 6.166986E-06 4.226571E-06 1.864084E-06 9.236071E-07
261 1.096786E+02 5.178571E-01 1.455859E+00 4.815477E-04 3.886987E-04 4.211770E-04 4.605143E-04 7.158510E-06 6.258927E-06 4.289583E-06 1.891875E-06 9.373769E-07
262 1.101964E+02 5.178571E-01 1.455859E+00 4.887243E-04 3.944915E-04 4.274539E-04 4.673774E-04 7.265083E-06 6.352108E-06 4.353445E-06 1.920040E-06 9.513322E-07
263 1.107143E+02 5.178571E-01 1.455859E+00 4.959971E-04 4.003620E-04 4.338149E-04 4.743325E-04 7.373088E-06 6.446540E-06 4.418164E-06 1.948584E-06 9.654750E-07
264 1.112321E+02 5.178571E-01 1.455859E+00 5.033669E-04 4.063108E-04 4.402608E-04 4.813805E-04 7.482538E-06 6.542237E-06 4.483750E-06 1.977510E-06 9.798071E-07
265 1.117500E+02 5.178571E-01 1.455859E+00 5.108348E-04 4.123388E-04 4.467924E-04 4.885221E-04 7.593448E-06 6.639209E-06 4.550210E-06 2.006821E-06 9.943302E-07
266 1.122679E+02 5.178571E-01 1.455859E+00 5.184017E-04 4.184467E-04 4.534106E-04 4.957585E-04 7.705831E-06 6.737469E-06 4.617554E-06 2.036523E-06 1.009046E-06
267 1.127857E+02 5.178571E-01 1.455859E+00 5.260684E-04 4.246352E-04 4.601162E-04 5.030904E-04 7.819702E-06 6.837031E-06 4.685788E-06 2.066617E-06 1.023957E-06
268 1.133036E+02 5.178571E-01 1.455859E+00 5.338361E-04 4.309051E-04 4.669101E-04 5.105188E-04 7.935075E-06 6.937904E-06 4.754923E-06 2.097108E-06 1.039065E-06
269 1.138214E+02 5.178571E-01 1.455859E+00 5.417055E-04 4.372572E-04 4.737929E-04 5.180445E-04 8.051962E-06 7.040103E-06 4.824965E-06 2.127999E-06 1.054371E-06
270 1.143393E+02 5.178571E-01 1.455859E+00 5.496777E-04 4.436923E-04 4.807657E-04 5.256685E-04 8.170379E-06 7.143639E-06 4.895924E-06 2.159295E-06 1.069877E-06
271 1.148571E+02 5.178571E-01 1.455859E+00 5.577536E-04 4.502110E-04 4.878291E-04 5.333916E-04 8.290338E-06 7.248524E-06 4.967807E-06 2.190998E-06 1.085585E-06
272 1.153750E+02 5.178571E-01 1.455859E+00 5.659341E-04 4.568142E-04 4.949840E-04 5.412148E-04 8.411855E-06 7.354769E-06 5.040623E-06 2.223113E-06 1.101497E-06
273 1.158929E+02 5.178571E-01 1.455859E+00 5.742201E-04 4.635025E-04 5.022312E-04 5.491388E-04 8.534941E-06 7.462388E-06 5.114380E-06 2.255642E-06 1.117615E-06
274 1.164107E+02 5.178571E-01 1.455859E+00 5.826125E-04 4.702768E-04 5.095715E-04 5.571647E-04 8.659611E-06 7.571391E-06 5.189086E-06 2.288591E-06 1.133940E-06
275 1.169286E+02 5.178571E-01 1.455859E+00 5.911123E-04 4.771377E-04 5.170057E-04 5.652932E-04 8.785878E-06 7.681791E-06 5.264749E-06 2.321961E-06 1.150474E-06
276 1.174464E+02 5.178571E-01 1.455859E+00 5.997204E-04 4.840860E-04 5.245346E-04 5.735253E-04 8.913756E-06 7.793599E-06 5.341377E-06 2.355757E-06 1.167219E-06
277 1.179643E+02 5.178571E-01 1.455859E+00 6.084376E-04 4.911224E-04 5.321589E-04 5.818617E-04 9.043258E-06 7.906827E-06 5.418978E-06 2.389982E-06 1.184177E-06
278 1.184821E+02 5.178571E-01 1.455859E+00 6.172648E-04 4.982476E-04 5.398795E-04 5.903034E-04 9.174397E-06 8.021486E-06 5.497560E-06 2.424640E-06 1.201349E-06
279 1.190000E+02 5.178571E-01 1.455859E+00 6.262030E-04 5.054624E-04 5.476971E-04 5.988512E-04 9.307185E-06 8.137587E-06 5.577131E-06 2.459734E-06 1.218737E-06
280 1.195179E+02 5.178571E-01 1.455859E+00 6.352529E-04 5.127674E-04 5.556124E-04 6.075058E-04 9.441636E-06 8.255143E-06 5.657698E-06 2.495267E-06 1.236343E-06
281 1.200357E+02 5.178571E-01 1.455859E+00 6.444155E-04 5.201633E-04 5.636263E-04 6.162682E-04 9.577763E-06 8.374163E-06 5.739269E-06 2.531243E-06 1.254168E-06
282 1.205536E+02 5.178571E-01 1.455859E+00 6.536916E-04 5.276508E-04 5.717395E-04 6.251391E-04 9.715578E-06 8.494659E-06 5.821851E-06 2.567665E-06 1.272214E-06
283 1.210714E+02 5.178571E-01 1.455859E+00 6.630820E-04 5.352306E-04 5.799526E-04 6.341193E-04 9.855093E-06 8.616642E-06 5.905453E-06 2.604537E-06 1.290483E-06
284 1.215893E+02 5.178571E-01 1.455859E+00 6.725875E-04 5.429034E-04 5.882665E-04 6.432097E-04 9.996321E-06 8.740122E-06 5.990080E-06 2.641861E-06 1.308976E-06
285 1.221071E+02 5.178571E-01 1.455859E+00 6.822090E-04 5.506697E-04 5.966818E-04 6.524110E-04 1.013927E-05 8.865110E-06 6.075742E-06 2.679641E-06 1.327695E-06
286 1.226250E+02 5.178571E-01 1.455859E+00 6.919473E-04 5.585303E-04 6.051992E-04 6.617239E-04 1.028396E-05 8.991617E-06 6.162443E-06 2.717879E-06 1.346642E-06
287 1.231429E+02 5.178571E-01 1.455859E+00 7.018031E-04 5.664858E-04 6.138194E-04 6.711492E-04 1.043040E-05 9.119651E-06 6.250192E-06 2.756580E-06 1.365817E-06
288 1.236607E+02 5.178571E-01 1.455859E+00 7.117773E-04 5.745368E-04 6.225431E-04 6.806877E-04 1.057860E-05 9.249224E-06 6.338996E-06 2.795746E-06 1.385223E-06
289 1.241786E+02 5.178571E-01 1.455859E+00 7.218704E-04 5.826839E-04 6.313709E-04 6.903400E-04 1.072856E-05 9.380345E-06 6.428860E-06 2.835380E-06 1.404860E-06
290 1.246964E+02 5.178571E-01 1.455859E+00 7.320834E-04 5.909277E-04 6.403035E-04 7.001069E-04 1.088031E-05 9.513024E-06 6.519792E-06 2.875484E-06 1.424731E-06
291 1.252143E+02 5.178571E-01 1.455859E+00 7.424169E-04 5.992687E-04 6.493415E-04 7.099891E-04 1.103385E-05 9.647269E-06 6.611798E-06 2.916062E-06 1.444837E-06
292 1.257321E+02 5.178571E-01 1.455859E+00 7.528717E-04 6.077076E-04 6.584856E-04 7.199871E-04 1.118919E-05 9.783090E-06 6.704883E-06 2.957117E-06 1.465178E-06
293 1.262500E+02 5.178571E-01 1.455859E+00 7.634483E-04 6.162449E-04 6.677362E-04 7.301018E-04 1.134635E-05 9.920496E-06 6.799055E-06 2.998650E-06 1.485757E-06
294 1.267679E+02 5.178571E-01 1.455859E+00 7.741474E-04 6.248811E-04 6.770940E-04 7.403336E-04 1.150533E-05 1.005950E-05 6.894319E-06 3.040665E-06 1.506574E-06
295 1.272857E+02 5.178571E-01 1.455859E+00 7.849698E-04 6.336168E-04 6.865596E-04 7.506832E-04 1.166613E-05 1.020010E-05 6.990680E-06 3.083164E-06 1.527631E-06
296 1.278036E+02 5.178571E-01 1.455859E+00 7.959159E-04 6.424524E-04 6.961335E-04 7.611513E-04 1.182878E-05 1.034231E-05 7.088144E-06 3.126150E-06 1.548930E-06
297 1.283214E+02 5.178571E-01 1.455859E+00 8.069865E-04 6.513884E-04 7.058161E-04 7.717383E-04 1.199328E-05 1.048613E-05 7.186716E-06 3.169624E-06 1.570470E-06
298 1.288393E+02 5.178571E-01 1.455859E+00 8.181820E-04 6.604252E-04 7.156081E-04 7.824448E-04 1.215964E-05 1.063158E-05 7.286402E-06 3.213589E-06 1.592254E-06
299 1.293571E+02 5.178571E-01 1.455859E+00 8.295030E-04 6.695634E-04 7.255098E-04 7.932713E-04 1.232786E-05 1.077867E-05 7.387206E-06 3.258048E-06 1.614282E-06
300 1.298750E+02 5.178571E-01 1.455859E+00 8.409501E-04 6.788033E-04 7.355218E-04 8.042184E-04 1.249796E-05 1.092739E-05 7.489132E-06 3.303001E-06 1.636555E-06
301 1.303929E+02 5.178571E-01 1.455859E+00 8.525237E-04 6.881453E-04 7.456444E-04 8.152864E-04 1.266993E-05 1.107775E-05 7.592186E-06 3.348452E-06 1.659075E-06
302 1.309107E+02 5.178571E-01 1.455859E+00 8.642242E-04 6.975898E-04 7.558780E-04 8.264759E-04 1.284380E-05 1.122977E-05 7.696371E-06 3.394402E-06 1.681842E-06
303 1.314286E+02 5.178571E-01 1.455859E+00 8.760521E-04 7.071372E-04 7.662231E-04 8.377872E-04 1.301956E-05 1.138344E-05 7.801690E-06 3.440852E-06 1.704857E-06
304 1.319464E+02 5.178571E-01 1.455859E+00 8.880079E-04 7.167877E-04 7.766800E-04 8.492208E-04 1.319722E-05 1.153877E-05 7.908149E-06 3.487804E-06 1.728120E-06
305 1.324643E+02 5.178571E-01 1.455859E+00 9.000918E-04 7.265417E-04 7.872490E-04 8.607769E-04 1.337678E-05 1.169577E-05 8.015749E-06 3.535260E-06 1.751634E-06
306 1.329821E+02 5.178571E-01 1.455859E+00 9.123043E-04 7.363994E-04 7.979304E-04 8.724559E-04 1.355826E-05 1.185444E-05 8.124494E-06 3.583221E-06 1.775397E-06
307 1.335000E+02 5.178571E-01 1.455859E+00 9.246456E-04 7.463611E-04 8.087245E-04 8.842581E-04 1.374165E-05 1.201479E-05 8.234386E-06 3.631688E-06 1.799411E-06
308 1.340179E+02 5.178571E-01 1.455859E+00 9.371159E-04 7.564271E-04 8.196315E-04 8.961838E-04 1.392696E-05 1.217681E-05 8.345429E-06 3.680662E-06 1.823677E-06
309 1.345357E+02 5.178571E-01 1.455859E+00 9.497156E-04 7.665974E-04 8.306516E-04 9.082332E-04 1.411419E-05 1.234051E-05 8.457623E-06 3.730144E-06 1.848194E-06
310 1.350536E+02 5.178571E-01 1.455859E+00 9.624449E-04 7.768722E-04 8.417850E-04 9.204064E-04 1.430334E-05 1.250590E-05 8.570972E-06 3.780135E-06 1.872963E-06
311 1.355714E+02 5.178571E-01 1.455859E+00 9.753038E-04 7.872518E-04 8.530318E-04 9.327037E-04 1.449443E-05 1.267297E-05 8.685475E-06 3.830636E-06 1.897985E-06
312 1.360893E+02 5.178571E-01 1.455859E+00 9.882925E-04 7.977361E-04 8.643922E-04 9.451251E-04 1.468744E-05 1.284173E-05 8.801135E-06 3.881646E-06 1.923259E-06
313 1.366071E+02 5.178571E-01 1.455859E+00 1.001411E-03 8.083253E-04 8.758661E-04 9.576707E-04 1.488239E-05 1.301218E-05 8.917951E-06 3.933167E-06 1.948787E-06
314 1.371250E+02 5.178571E-01 1.455859E+00 1.014660E-03 8.190193E-04 8.874537E-04 9.703406E-04 1.507927E-05 1.318431E-05 9.035925E-06 3.985198E-06 1.974567E-06
315 1.376429E+02 5.178571E-01 1.455859E+00 1.028038E-03 8.298183E-04 8.991550E-04 9.831347E-04 1.527807E-05 1.335814E-05 9.155057E-06 4.037739E-06 2.000600E-06
316 1.381607E+02 5.178571E-01 1.455859E+00 1.041547E-03 8.407220E-04 9.109698E-04 9.960530E-04 1.547881E-05 1.353365E-05 9.275345E-06 4.090791E-06 2.026886E-06
317 1.386786E+02 5.178571E-01 1.455859E+00 1.055185E-03 8.517305E-04 9.228982E-04 1.009095E-03 1.568148E-05 1.371085E-05 9.396789E-06 4.144353E-06 2.053424E-06
318 1.391964E+02 5.178571E-01 1.455859E+00 1.068952E-03 8.628437E-04 9.349399E-04 1.022262E-03 1.588607E-05 1.388973E-05 9.519388E-06 4.198424E-06 2.080215E-06
319 1.397143E+02 5.178571E-01 1.455859E+00 1.082850E-03 8.740614E-04 9.470949E-04 1.035552E-03 1.609259E-05 1.407030E-05 9.643139E-06 4.253003E-06 2.107258E-06
320 1.402321E+02 5.178571E-01 1.455859E+00 1.096876E-03 8.853833E-04 9.593629E-04 1.048966E-03 1.630103E-05 1.425254E-05 9.768042E-06 4.308090E-06 2.134552E-06
321 1.407500E+02 5.178571E-01 1.455859E+00 1.111032E-03 8.968094E-04 9.717436E-04 1.062503E-03 1.651139E-05 1.443646E-05 9.894094E-06 4.363684E-06 2.162097E-06
322 1.412679E+02 5.178571E-01 1.455859E+00 1.125316E-03 9.083392E-04 9.842369E-04 1.076163E-03 1.672365E-05 1.462206E-05 1.002129E-05 4.419782E-06 2.189893E-06
323 1.417857E+02 5.178571E-01 1.455859E+00 1.139728E-03 9.199726E-04 9.968423E-04 1.089946E-03 1.693783E-05 1.480932E-05 1.014963E-05 4.476385E-06 2.217938E-06
324 1.423036E+02 5.178571E-01 1.455859E+00 1.154268E-03 9.317090E-04 1.009559E-03 1.103851E-03 1.715390E-05 1.499824E-05 1.027911E-05 4.533489E-06 2.246231E-06
325 1.428214E+02 5.178571E-01 1.455859E+00 1.168935E-03 9.435483E-04 1.022388E-03 1.117877E-03 1.737186E-05 1.518881E-05 1.040972E-05 4.591093E-06 2.274773E-06
326 1.433393E+02 5.178571E-01 1.455859E+00 1.183729E-03 9.554897E-04 1.035327E-03 1.132025E-03 1.759171E-05 1.538103E-05 1.054145E-05 4.649195E-06 2.303561E-06
327 1.438571E+02 5.178571E-01 1.455859E+00 1.198649E-03 9.675330E-04 1.048377E-03 1.146294E-03 1.781343E-05 1.557489E-05 1.067432E-05 4.707793E-06 2.332594E-06
328 1.443750E+02 5.178571E-01 1.455859E+00 1.213695E-03 9.796776E-04 1.061536E-03 1.160682E-03 1.803702E-05 1.577038E-05 1.080830E-05 4.766883E-06 2.361872E-06
329 1.448929E+02 5.178571E-01 1.455859E+00 1.228865E-03 9.919228E-04 1.074804E-03 1.175189E-03 1.826246E-05 1.596749E-05 1.094339E-05 4.826463E-06 2.391392E-06
330 1.454107E+02 5.178571E-01 1.455859E+00 1.244159E-03 1.004268E-03 1.088181E-03 1.189816E-03 1.848974E-05 1.616621E-05 1.107958E-05 4.886529E-06 2.421154E-06
331 1.459286E+02 5.178571E-01 1.455859E+00 1.259576E-03 1.016713E-03 1.101665E-03 1.204559E-03 1.871885E-05 1.636652E-05 1.121687E-05 4.947079E-06 2.451155E-06
332 1.464464E+02 5.178571E-01 1.455859E+00 1.275116E-03 1.029256E-03 1.115257E-03 1.219420E-03 1.894978E-05 1.656843E-05 1.135525E-05 5.008109E-06 2.481394E-06
333 1.469643E+02 5.178571E-01 1.455859E+00 1.290776E-03 1.041897E-03 1.128954E-03 1.234397E-03 1.918250E-05 1.677191E-05 1.149470E-05 5.069615E-06 2.511868E-06
334 1.474821E+02 5.178571E-01 1.455859E+00 1.306557E-03 1.054635E-03 1.142756E-03 1.249488E-03 1.941701E-05 1.697695E-05 1.163523E-05 5.131593E-06 2.542577E-06
335 1.480000E+02 5.178571E-01 1.455859E+00 1.322456E-03 1.067469E-03 1.156662E-03 1.264693E-03 1.965330E-05 1.718354E-05 1.177681E-05 5.194038E-06 2.573517E-06
336 1.485179E+02 5.178571E-01 1.455859E+00 1.338474E-03 1.080398E-03 1.170672E-03 1.280011E-03 1.989133E-05 1.739166E-05 1.191945E-05 5.256946E-06 2.604686E-06
337 1.490357E+02 5.178571E-01 1.455859E+00 1.354608E-03 1.093421E-03 1.184783E-03 1.295440E-03 2.013109E-05 1.760130E-05 1.206312E-05 5.320311E-06 2.636082E-06
338 1.495536E+02 5.178571E-01 1.455859E+00 1.370857E-03 1.106537E-03 1.198995E-03 1.310980E-03 2.037257E-05 1.781243E-05 1.220782E-05 5.384130E-06 2.667703E-06
339 1.500714E+02 5.178571E-01 1.455859E+00 1.387220E-03 1.119745E-03 1.213307E-03 1.326628E-03 2.061574E-05 1.802504E-05 1.235354E-05 5.448396E-06 2.699545E-06
340 1.505893E+02 5.178571E-01 1.455859E+00 1.403696E-03 1.133044E-03 1.227717E-03 1.342384E-03 2.086058E-05 1.823911E-05 1.250025E-05 5.513103E-06 2.731606E-06
341 1.511071E+02 5.178571E-01 1.455859E+00 1.420282E-03 1.146432E-03 1.242224E-03 1.358246E-03 2.110707E-05 1.845462E-05 1.264796E-05 5.578246E-06 2.763882E-06
342 1.516250E+02 5.178571E-01 1.455859E+00 1.436978E-03 1.159909E-03 1.256827E-03 1.374212E-03 2.135518E-05 1.867156E-05 1.279663E-05 5.643817E-06 2.796371E-06
343 1.521429E+02 5.178571E-01 1.455859E+00 1.453781E-03 1.173472E-03 1.271523E-03 1.390282E-03 2.160489E-05 1.888989E-05 1.294627E-05 5.709812E-06 2.829070E-06
344 1.526607E+02 5.178571E-01 1.455859E+00 1.470690E-03 1.187121E-03 1.286313E-03 1.406452E-03 2.185617E-05 1.910959E-05 1.309684E-05 5.776222E-06 2.861974E-06
345 1.531786E+02 5.178571E-01 1.455859E+00 1.487703E-03 1.200854E-03 1.301193E-03 1.422722E-03 2.210900E-05 1.933065E-05 1.324834E-05 5.843040E-06 2.895081E-06
346 1.536964E+02 5.178571E-01 1.455859E+00 1.504818E-03 1.214669E-03 1.316162E-03 1.439090E-03 2.236335E-05 1.955303E-05 1.340075E-05 5.910259E-06 2.928387E-06
347 1.542143E+02 5.178571E-01 1.455859E+00 1.522033E-03 1.228564E-03 1.331219E-03 1.455553E-03 2.261918E-05 1.977671E-05 1.355406E-05 5.977871E-06 2.961887E-06
348 1.547321E+02 5.178571E-01 1.455859E+00 1.539346E-03 1.242539E-03 1.346361E-03 1.472110E-03 2.287647E-05 2.000167E-05 1.370823E-05 6.045868E-06 2.995578E-06
349 1.552500E+02 5.178571E-01 1.455859E+00 1.556755E-03 1.256591E-03 1.361588E-03 1.488758E-03 2.313518E-05 2.022787E-05 1.386326E-05 6.114241E-06 3.029455E-06
350 1.557679E+02 5.178571E-01 1.455859E+00 1.574258E-03 1.270719E-03 1.376896E-03 1.505496E-03 2.339528E-05 2.045529E-05 1.401912E-05 6.182982E-06 3.063514E-06
351 1.562857E+02 5.178571E-01 1.455859E+00 1.591851E-03 1.284921E-03 1.392284E-03 1.522321E-03 2.365674E-05 2.068389E-05 1.417579E-05 6.252081E-06 3.097751E-06
352 1.568036E+02 5.178571E-01 1.455859E+00 1.609534E-03 1.299194E-03 1.407750E-03 1.539232E-03 2.391952E-05 2.091365E-05 1.433326E-05 6.321529E-06 3.132161E-06
353 1.573214E+02 5.178571E-01 1.455859E+00 1.627303E-03 1.313537E-03 1.423291E-03 1.556224E-03 2.418358E-05 2.114453E-05 1.449149E-05 6.391317E-06 3.166739E-06
354 1.578393E+02 5.178571E-01 1.455859E+00 1.645156E-03 1.327947E-03 1.438906E-03 1.573297E-03 2.444889E-05 2.137649E-05 1.465047E-05 6.461434E-06 3.201480E-06
355 1.583571E+02 5.178571E-01 1.455859E+00 1.663090E-03 1.342423E-03 1.454591E-03 1.590448E-03 2.471541E-05 2.160952E-05 1.481018E-05 6.531869E-06 3.236379E-06
356 1.588750E+02 5.178571E-01 1.455859E+00 1.681102E-03 1.356962E-03 1.470346E-03 1.607674E-03 2.498309E-05 2.184356E-05 1.497058E-05 6.602613E-06 3.271431E-06
357 1.593929E+02 5.178571E-01 1.455859E+00 1.699190E-03 1.371563E-03 1.486166E-03 1.624972E-03 2.525189E-05 2.207859E-05 1.513165E-05 6.673654E-06 3.306630E-06
358 1.599107E+02 5.178571E-01 1.455859E+00 1.717351E-03 1.386222E-03 1.502050E-03 1.642339E-03 2.552178E-05 2.231456E-05 1.529338E-05 6.744980E-06 3.341970E-06
359 1.604286E+02 5.178571E-01 1.455859E+00 1.735581E-03 1.400937E-03 1.517995E-03 1.659773E-03 2.579270E-05 2.255143E-05 1.545572E-05 6.816581E-06 3.377447E-06
360 1.609464E+02 5.178571E-01 1.455859E+00 1.753878E-03 1.415706E-03 1.533998E-03 1.677271E-03 2.606462E-05 2.278918E-05 1.561866E-05 6.888443E-06 3.413052E-06
361 1.614643E+02 5.178571E-01 1.455859E+00 1.772239E-03 1.430527E-03 1.550057E-03 1.694830E-03 2.633747E-05 2.302775E-05 1.578216E-05 6.960554E-06 3.448782E-06
362 1.619821E+02 5.178571E-01 1.455859E+00 1.790660E-03 1.445396E-03 1.566168E-03 1.712446E-03 2.661123E-05 2.326710E-05 1.594621E-05 7.032903E-06 3.484629E-06
363 1.625000E+02 5.178571E-01 1.455859E+00 1.809138E-03 1.460311E-03 1.582330E-03 1.730117E-03 2.688583E-05 2.350719E-05 1.611075E-05 7.105475E-06 3.520587E-06
364 1.630179E+02 5.178571E-01 1.455859E+00 1.827669E-03 1.475269E-03 1.598538E-03 1.747839E-03 2.716122E-05 2.374798E-05 1.627578E-05 7.178257E-06 3.556648E-06
365 1.635357E+02 5.178571E-01 1.455859E+00 1.846251E-03 1.490268E-03 1.614790E-03 1.765609E-03 2.743736E-05 2.398941E-05 1.644125E-05 7.251236E-06 3.592808E-06
366 1.640536E+02 5.178571E-01 1.455859E+00 1.864879E-03 1.505304E-03 1.631082E-03 1.783423E-03 2.771419E-05 2.423146E-05 1.660713E-05 7.324398E-06 3.629058E-06
367 1.645714E+02 5.178571E-01 1.455859E+00 1.883550E-03 1.520375E-03 1.647413E-03 1.801278E-03 2.799166E-05 2.447406E-05 1.677340E-05 7.397728E-06 3.665391E-06
368 1.650893E+02 5.178571E-01 1.455859E+00 1.902260E-03 1.535478E-03 1.663777E-03 1.819171E-03 2.826971E-05 2.471716E-05 1.694001E-05 7.471212E-06 3.701800E-06
369 1.656071E+02 5.178571E-01 1.455859E+00 1.921005E-03 1.550609E-03 1.680172E-03 1.837098E-03 2.854828E-05 2.496073E-05 1.710694E-05 7.544834E-06 3.738278E-06
370 1.661250E+02 5.178571E-01 1.455859E+00 1.939781E-03 1.565765E-03 1.696595E-03 1.855054E-03 2.882732E-05 2.520470E-05 1.727415E-05 7.618579E-06 3.774817E-06
371 1.666429E+02 5.178571E-01 1.455859E+00 1.958585E-03 1.580943E-03 1.713041E-03 1.873037E-03 2.910677E-05 2.544903E-05 1.744160E-05 7.692432E-06 3.811409E-06
372 1.671607E+02 5.178571E-01 1.455859E+00 1.977412E-03 1.596140E-03 1.729508E-03 1.891041E-03 2.938656E-05 2.569366E-05 1.760926E-05 7.766376E-06 3.848047E-06
373 1.676786E+02 5.178571E-01 1.455859E+00 1.996259E-03 1.611353E-03 1.745992E-03 1.909065E-03 2.966664E-05 2.593854E-05 1.777709E-05 7.840396E-06 3.884722E-06
374 1.681964E+02 5.178571E-01 1.455859E+00 2.015120E-03 1.626577E-03 1.762489E-03 1.927102E-03 2.994694E-05 2.618362E-05 1.794506E-05 7.914475E-06 3.921426E-06
375 1.687143E+02 5.178571E-01 1.455859E+00 2.033992E-03 1.641811E-03 1.778995E-03 1.945150E-03 3.022739E-05 2.642883E-05 1.811312E-05 7.988596E-06 3.958151E-06
376 1.692321E+02 5.178571E-01 1.455859E+00 2.052871E-03 1.657049E-03 1.795506E-03 1.963204E-03 3.050795E-05 2.667413E-05 1.828123E-05 8.062741E-06 3.994888E-06
377 1.697500E+02 5.178571E-01 1.455859E+00 2.071751E-03 1.672289E-03 1.812020E-03 1.981260E-03 3.078853E-05 2.691945E-05 1.844936E-05 8.136894E-06 4.031629E-06
378 1.702679E+02 5.178571E-01 1.455859E+00 2.090629E-03 1.687527E-03 1.828531E-03 1.999313E-03 3.106907E-05 2.716474E-05 1.861747E-05 8.211036E-06 4.068365E-06
379 1.707857E+02 5.178571E-01 1.455859E+00 2.109499E-03 1.702759E-03 1.845035E-03 2.017359E-03 3.134950E-05 2.740993E-05 1.878552E-05 8.285150E-06 4.105086E-06
380 1.713036E+02 5.178571E-01 1.455859E+00 2.128358E-03 1.717981E-03 1.861529E-03 2.035394E-03 3.162976E-05 2.765497E-05 1.895345E-05 8.359217E-06 4.141785E-06
381 1.718214E+02 5.178571E-01 1.455859E+00 2.147200E-03 1.733190E-03 1.878009E-03 2.053412E-03 3.190977E-05 2.789979E-05 1.912124E-05 8.433219E-06 4.178451E-06
382 1.723393E+02 5.178571E-01 1.455859E+00 2.166020E-03 1.748381E-03 1.894470E-03 2.071411E-03 3.218946E-05 2.814434E-05 1.928884E-05 8.507137E-06 4.215075E-06
383 1.728571E+02 5.178571E-01 1.455859E+00 2.184814E-03 1.763552E-03 1.910908E-03 2.089384E-03 3.246876E-05 2.838854E-05 1.945621E-05 8.580952E-06 4.251649E-06
384 1.733750E+02 5.178571E-01 1.455859E+00 2.203577E-03 1.778697E-03 1.927319E-03 2.107328E-03 3.274760E-05 2.863234E-05 1.962330E-05 8.654644E-06 4.288161E-06
385 1.738929E+02 5.178571E-01 1.455859E+00 2.222304E-03 1.793813E-03 1.943698E-03 2.125237E-03 3.302590E-05 2.887567E-05 1.979006E-05 8.728195E-06 4.324604E-06
386 1.744107E+02 5.178571E-01 1.455859E+00 2.240990E-03 1.808896E-03 1.960041E-03 2.143106E-03 3.330359E-05 2.911846E-05 1.995646E-05 8.801583E-06 4.360966E-06
387 1.749286E+02 5.178571E-01 1.455859E+00 2.259629E-03 1.823942E-03 1.976344E-03 2.160931E-03 3.358059E-05 2.936065E-05 2.012245E-05 8.874790E-06 4.397238E-06
388 1.754464E+02 5.178571E-01 1.455859E+00 2.278217E-03 1.838946E-03 1.992601E-03 2.178707E-03 3.385683E-05 2.960217E-05 2.028798E-05 8.947795E-06 4.433410E-06
389 1.759643E+02 5.178571E-01 1.455859E+00 2.296749E-03 1.853904E-03 2.008810E-03 2.196429E-03 3.413223E-05 2.984296E-05 2.045300E-05 9.020578E-06 4.469472E-06
390 1.764821E+02 5.178571E-01 1.455859E+00 2.315218E-03 1.868812E-03 2.024964E-03 2.214092E-03 3.440671E-05 3.008295E-05 2.061748E-05 9.093118E-06 4.505414E-06
391 1.770000E+02 5.178571E-01 1.455859E+00 2.333621E-03 1.883666E-03 2.041059E-03 2.231691E-03 3.468019E-05 3.032206E-05 2.078136E-05 9.165394E-06 4.541225E-06
392 1.775179E+02 5.178571E-01 1.455859E+00 2.351951E-03 1.898462E-03 2.057091E-03 2.249220E-03 3.495259E-05 3.056023E-05 2.094459E-05 9.237385E-06 4.576895E-06
393 1.780357E+02 5.178571E-01 1.455859E+00 2.370203E-03 1.913195E-03 2.073055E-03 2.266675E-03 3.522384E-05 3.079739E-05 2.110713E-05 9.309071E-06 4.612414E-06
394 1.785536E+02 5.178571E-01 1.455859E+00 2.388372E-03 1.927861E-03 2.088946E-03 2.284051E-03 3.549385E-05 3.103347E-05 2.126892E-05 9.380430E-06 4.647771E-06
395 1.790714E+02 5.178571E-01 1.455859E+00 2.406452E-03 1.942455E-03 2.104760E-03 2.301341E-03 3.576254E-05 3.126840E-05 2.142993E-05 9.451441E-06 4.682955E-06
396 1.795893E+02 5.178571E-01 1.455859E+00 2.424438E-03 1.956973E-03 2.120491E-03 2.318542E-03 3.602983E-05 3.150210E-05 2.159010E-05 9.522083E-06 4.717956E-06
397 1.801071E+02 5.178571E-01 1.455859E+00 2.442325E-03 1.971411E-03 2.136135E-03 2.335647E-03 3.629564E-05 3.173451E-05 2.174938E-05 9.592332E-06 4.752763E-06
398 1.806250E+02 5.178571E-01 1.455859E+00 2.460106E-03 1.985764E-03 2.151687E-03 2.352652E-03 3.655989E-05 3.196555E-05 2.190773E-05 9.662169E-06 4.787365E-06
399 1.811429E+02 5.178571E-01 1.455859E+00 2.477777E-03 2.000027E-03 2.167143E-03 2.369551E-03 3.682250E-05 3.219516E-05 2.206509E-05 9.731572E-06 4.821752E-06
400 1.816607E+02 5.178571E-01 1.455859E+00 2.495331E-03 2.014197E-03 2.182496E-03 2.386338E-03 3.708338E-05 3.242325E-05 2.222142E-05 9.800517E-06 4.855913E-06
401 1.821786E+02 5.178571E-01 1.455859E+00 2.512764E-03 2.028268E-03 2.197743E-03 2.403009E-03 3.734244E-05 3.264976E-05 2.237666E-05 9.868984E-06 4.889837E-06
402 1.826964E+02 5.178571E-01 1.455859E+00 2.530069E-03 2.042237E-03 2.212879E-03 2.419559E-03 3.759962E-05 3.287462E-05 2.253076E-05 9.936951E-06 4.923513E-06
403 1.832143E+02 5.178571E-01 1.455859E+00 2.547241E-03 2.056098E-03 2.227898E-03 2.435981E-03 3.785481E-05 3.309775E-05 2.268368E-05 1.000440E-05 4.956930E-06
404 1.837321E+02 5.178571E-01 1.455859E+00 2.564275E-03 2.069847E-03 2.242797E-03 2.452270E-03 3.810795E-05 3.331907E-05 2.283537E-05 1.007130E-05 4.990077E-06
405 1.842500E+02 5.178571E-01 1.455859E+00 2.581164E-03 2.083480E-03 2.257569E-03 2.468422E-03 3.835895E-05 3.353853E-05 2.298577E-05 1.013763E-05 5.022944E-06
406 1.847679E+02 5.178571E-01 1.455859E+00 2.597904E-03 2.096992E-03 2.272210E-03 2.484430E-03 3.860772E-05 3.375603E-05 2.313484E-05 1.020337E-05 5.055519E-06
407 1.852857E+02 5.178571E-01 1.455859E+00 2.614488E-03 2.110379E-03 2.286715E-03 2.500290E-03 3.885417E-05 3.397152E-05 2.328253E-05 1.026851E-05 5.087792E-06
408 1.858036E+02 5.178571E-01 1.455859E+00 2.630911E-03 2.123635E-03 2.301079E-03 2.515996E-03 3.909824E-05 3.418492E-05 2.342878E-05 1.033301E-05 5.119751E-06
409 1.863214E+02 5.178571E-01 1.455859E+00 2.647168E-03 2.136758E-03 2.315298E-03 2.531543E-03 3.933984E-05 3.439615E-05 2.357355E-05 1.039686E-05 5.151387E-06
410 1.868393E+02 5.178571E-01 1.455859E+00 2.663253E-03 2.149741E-03 2.329366E-03 2.546925E-03 3.957887E-05 3.460515E-05 2.371679E-05 1.046003E-05 5.182688E-06
411 1.873571E+02 5.178571E-01 1.455859E+00 2.679160E-03 2.162581E-03 2.343279E-03 2.562138E-03 3.981527E-05 3.481184E-05 2.385844E-05 1.052251E-05 5.213643E-06
412 1.878750E+02 5.178571E-01 1.455859E+00 2.694884E-03 2.175273E-03 2.357032E-03 2.577175E-03 4.004895E-05 3.501615E-05 2.399847E-05 1.058427E-05 5.244242E-06
413 1.883929E+02 5.178571E-01 1.455859E+00 2.710420E-03 2.187814E-03 2.370620E-03 2.592032E-03 4.027983E-05 3.521802E-05 2.413682E-05 1.064528E-05 5.274475E-06
414 1.889107E+02 5.178571E-01 1.455859E+00 2.725762E-03 2.200197E-03 2.384038E-03 2.606704E-03 4.050782E-05 3.541736E-05 2.427344E-05 1.070554E-05 5.304329E-06
415 1.894286E+02 5.178571E-01 1.455859E+00 2.740904E-03 2.212420E-03 2.397282E-03 2.621185E-03 4.073285E-05 3.561411E-05 2.440829E-05 1.076501E-05 5.333797E-06
416 1.899464E+02 5.178571E-01 1.455859E+00 2.755842E-03 2.224478E-03 2.410347E-03 2.635470E-03 4.095484E-05 3.580821E-05 2.454131E-05 1.082368E-05 5.362865E-06
417 1.904643E+02 5.178571E-01 1.455859E+00 2.770570E-03 2.236366E-03 2.423229E-03 2.649554E-03 4.117372E-05 3.599957E-05 2.467246E-05 1.088153E-05 5.391526E-06
418 1.909821E+02 5.178571E-01 1.455859E+00 2.785082E-03 2.248080E-03 2.435922E-03 2.663433E-03 4.138939E-05 3.618815E-05 2.480170E-05 1.093852E-05 5.419767E-06
419 1.915000E+02 5.178571E-01 1.455859E+00 2.799375E-03 2.259617E-03 2.448422E-03 2.677101E-03 4.160179E-05 3.637385E-05 2.492898E-05 1.099466E-05 5.447580E-06
420 1.920179E+02 5.178571E-01 1.455859E+00 2.813441E-03 2.270971E-03 2.460726E-03 2.690554E-03 4.181084E-05 3.655663E-05 2.505424E-05 1.104991E-05 5.474954E-06
421 1.925357E+02 5.178571E-01 1.455859E+00 2.827278E-03 2.282140E-03 2.472827E-03 2.703786E-03 4.201646E-05 3.673641E-05 2.517746E-05 1.110425E-05 5.501879E-06
422 1.930536E+02 5.178571E-01 1.455859E+00 2.840878E-03 2.293118E-03 2.484723E-03 2.716792E-03 4.221858E-05 3.691313E-05 2.529858E-05 1.115766E-05 5.528346E-06
423 1.935714E+02 5.178571E-01 1.455859E+00 2.854238E-03 2.303902E-03 2.496408E-03 2.729569E-03 4.241712E-05 3.708673E-05 2.541755E-05 1.121014E-05 5.554345E-06
424 1.940893E+02 5.178571E-01 1.455859E+00 2.867353E-03 2.314488E-03 2.507879E-03 2.742111E-03 4.261203E-05 3.725714E-05 2.553434E-05 1.126165E-05 5.579866E-06
425 1.946071E+02 5.178571E-01 1.455859E+00 2.880218E-03 2.324872E-03 2.519131E-03 2.754414E-03 4.280321E-05 3.742430E-05 2.564890E-05 1.131217E-05 5.604901E-06
426 1.951250E+02 5.178571E-01 1.455859E+00 2.892828E-03 2.335051E-03 2.530160E-03 2.766473E-03 4.299061E-05 3.758814E-05 2.576120E-05 1.136170E-05 5.629440E-06
427 1.956429E+02 5.178571E-01 1.455859E+00 2.905178E-03 2.345020E-03 2.540962E-03 2.778284E-03 4.317415E-05 3.774862E-05 2.587118E-05 1.141021E-05 5.653474E-06
428 1.961607E+02 5.178571E-01 1.455859E+00 2.917265E-03 2.354776E-03 2.551533E-03 2.789842E-03 4.335377E-05 3.790567E-05 2.597881E-05 1.145768E-05 5.676994E-06
429 1.966786E+02 5.178571E-01 1.455859E+00 2.929083E-03 2.364316E-03 2.561870E-03 2.801144E-03 4.352940E-05 3.805923E-05 2.608406E-05 1.150409E-05 5.699993E-06
430 1.971964E+02 5.178571E-01 1.455859E+00 2.940629E-03 2.373635E-03 2.571968E-03 2.812186E-03 4.370098E-05 3.820924E-05 2.618687E-05 1.154944E-05 5.722460E-06
431 1.977143E+02 5.178571E-01 1.455859E+00 2.951897E-03 2.382731E-03 2.581823E-03 2.822962E-03 4.386844E-05 3.835566E-05 2.628722E-05 1.159370E-05 5.744389E-06
432 1.982321E+02 5.178571E-01 1.455859E+00 2.962885E-03 2.391600E-03 2.591434E-03 2.833470E-03 4.403173E-05 3.849843E-05 2.638507E-05 1.163685E-05 5.765770E-06
433 1.987500E+02 5.178571E-01 1.455859E+00 2.973587E-03 2.400239E-03 2.600794E-03 2.843705E-03 4.419078E-05 3.863749E-05 2.648037E-05 1.167888E-05 5.786598E-06
434 1.992679E+02 5.178571E-01 1.455859E+00 2.984001E-03 2.408644E-03 2.609902E-03 2.853663E-03 4.434554E-05 3.877280E-05 2.657311E-05 1.171978E-05 5.806862E-06
435 1.997857E+02 5.178571E-01 1.455859E+00 2.994122E-03 2.416814E-03 2.618754E-03 2.863342E-03 4.449594E-05 3.890431E-05 2.666324E-05 1.175953E-05 5.826557E-06
436 2.003036E+02 5.178571E-01 1.455859E+00 3.003946E-03 2.424744E-03 2.627347E-03 2.872737E-03 4.464194E-05 3.903196E-05 2.675072E-05 1.179812E-05 5.845675E-06
437 2.008214E+02 5.178571E-01 1.455859E+00 3.013470E-03 2.432432E-03 2.635677E-03 2.881846E-03 4.478348E-05 3.915572E-05 2.683554E-05 1.183553E-05 5.864210E-06
438 2.013393E+02 5.178571E-01 1.455859E+00 3.022691E-03 2.439875E-03 2.643742E-03 2.890664E-03 4.492052E-05 3.927553E-05 2.691765E-05 1.187174E-05 5.882154E-06
439 2.018571E+02 5.178571E-01 1.455859E+00 3.031606E-03 2.447070E-03 2.651539E-03 2.899189E-03 4.505299E-05 3.939136E-05 2.699704E-05 1.190675E-05 5.899501E-06
440 2.023750E+02 5.178571E-01 1.455859E+00 3.040210E-03 2.454015E-03 2.659064E-03 2.907417E-03 4.518086E-05 3.950316E-05 2.707366E-05 1.194055E-05 5.916245E-06
441 2.028929E+02 5.178571E-01 1.455859E+00 3.048501E-03 2.460708E-03 2.666316E-03 2.915346E-03 4.530408E-05 3.961089E-05 2.714749E-05 1.197311E-05 5.932379E-06
442 2.034107E+02 5.178571E-01 1.455859E+00 3.056476E-03 2.467146E-03 2.673292E-03 2.922973E-03 4.542260E-05 3.971452E-05 2.721852E-05 1.200443E-05 5.947900E-06
443 2.039286E+02 5.178571E-01 1.455859E+00 3.064133E-03 2.473326E-03 2.679989E-03 2.930296E-03 4.553639E-05 3.981401E-05 2.728670E-05 1.203451E-05 5.962799E-06
444 2.044464E+02 5.178571E-01 1.455859E+00 3.071469E-03 2.479247E-03 2.686404E-03 2.937310E-03 4.564540E-05 3.990932E-05 2.735202E-05 1.206332E-05 5.977074E-06
445 2.049643E+02 5.178571E-01 1.455859E+00 3.078480E-03 2.484907E-03 2.692537E-03 2.944016E-03 4.574960E-05 4.000042E-05 2.741446E-05 1.209085E-05 5.990718E-06
446 2.054821E+02 5.178571E-01 1.455859E+00 3.085165E-03 2.490303E-03 2.698384E-03 2.950409E-03 4.584895E-05 4.008729E-05 2.747400E-05 1.211711E-05 6.003728E-06
447 2.060000E+02 5.178571E-01 1.455859E+00 3.091522E-03 2.495434E-03 2.703944E-03 2.956488E-03 4.594342E-05 4.016989E-05 2.753061E-05 1.214208E-05 6.016098E-06
448 2.065179E+02 5.178571E-01 1.455859E+00 3.097548E-03 2.500298E-03 2.709215E-03 2.962251E-03 4.603297E-05 4.024819E-05 2.758427E-05 1.216575E-05 6.027825E-06
449 2.070357E+02 5.178571E-01 1.455859E+00 3.103242E-03 2.504894E-03 2.714195E-03 2.967696E-03 4.611759E-05 4.032217E-05 2.763497E-05 1.218811E-05 6.038906E-06
450 2.075536E+02 5.178571E-01 1.455859E+00 3.108602E-03 2.509220E-03 2.718882E-03 2.972822E-03 4.619724E-05 4.039181E-05 2.768270E-05 1.220916E-05 6.049335E-06
451 2.080714E+02 5.178571E-01 1.455859E+00 3.113625E-03 2.513275E-03 2.723276E-03 2.977626E-03 4.627190E-05 4.045709E-05 2.772744E-05 1.222889E-05 6.059111E-06
452 2.085893E+02 5.178571E-01 1.455859E+00 3.118312E-03 2.517058E-03 2.727375E-03 2.982107E-03 4.634154E-05 4.051797E-05 2.776917E-05 1.224729E-05 6.068230E-06
453 2.091071E+02 5.178571E-01 1.455859E+00 3.122659E-03 2.520567E-03 2.731177E-03 2.986265E-03 4.640614E-05 4.057446E-05 2.780788E-05 1.226437E-05 6.076690E-06
454 2.096250E+02 5.178571E-01 1.455859E+00 3.126666E-03 2.523802E-03 2.734682E-03 2.990097E-03 4.646570E-05 4.062653E-05 2.784357E-05 1.228011E-05 6.084489E-06
455 2.101429E+02 5.178571E-01 1.455859E+00 3.130333E-03 2.526761E-03 2.737889E-03 2.993604E-03 4.652018E-05 4.067417E-05 2.787622E-05 1.229451E-05 6.091624E-06
456 2.106607E+02 5.178571E-01 1.455859E+00 3.133657E-03 2.529445E-03 2.740796E-03 2.996783E-03 4.656959E-05 4.071737E-05 2.790583E-05 1.230756E-05 6.098093E-06
457 2.111786E+02 5.178571E-01 1.455859E+00 3.136639E-03 2.531852E-03 2.743404E-03 2.999634E-03 4.661390E-05 4.075611E-05 2.793238E-05 1.231928E-05 6.103896E-06
458 2.116964E+02 5.178571E-01 1.455859E+00 3.139278E-03 2.533982E-03 2.745712E-03 3.002158E-03 4.665312E-05 4.079040E-05 2.795588E-05 1.232964E-05 6.109030E-06
459 2.122143E+02 5.178571E-01 1.455859E+00 3.141572E-03 2.535834E-03 2.747719E-03 3.004352E-03 4.668722E-05 4.082022E-05 2.797631E-05 1.233865E-05 6.113496E-06
460 2.127321E+02 5.178571E-01 1.455859E+00 3.143523E-03 2.537409E-03 2.749426E-03 3.006218E-03 4.671621E-05 4.084557E-05 2.799369E-05 1.234631E-05 6.117293E-06
461 2.132500E+02 5.178571E-01 1.455859E+00 3.145130E-03 2.538706E-03 2.750831E-03 3.007755E-03 4.674009E-05 4.086644E-05 2.800799E-05 1.235263E-05 6.120419E-06
462 2.137679E+02 5.178571E-01 1.455859E+00 3.146393E-03 2.539725E-03 2.751936E-03 3.008962E-03 4.675886E-05 4.088285E-05 2.801924E-05 1.235758E-05 6.122877E-06
463 2.142857E+02 5.178571E-01 1.455859E+00 3.147312E-03 2.540467E-03 2.752739E-03 3.009841E-03 4.677251E-05 4.089479E-05 2.802742E-05 1.236119E-05 6.124664E-06
464 2.148036E+02 5.178571E-01 1.455859E+00 3.147887E-03 2.540931E-03 2.753242E-03 3.010391E-03 4.678106E-05 4.090226E-05 2.803254E-05 1.236345E-05 6.125784E-06
465 2.153214E+02 5.178571E-01 1.455859E+00 3.148119E-03 2.541118E-03 2.753445E-03 3.010613E-03 4.678451E-05 4.090528E-05 2.803461E-05 1.236436E-05 6.126235E-06
466 2.158393E+02 5.178571E-01 1.455859E+00 3.148008E-03 2.541029E-03 2.753348E-03 3.010507E-03 4.678286E-05 4.090384E-05 2.803362E-05 1.236393E-05 6.126020E-06
467 2.163571E+02 5.178571E-01 1.455859E+00 3.147556E-03 2.540664E-03 2.752953E-03 3.010075E-03 4.677614E-05 4.089796E-05 2.802960E-05 1.236215E-05 6.125140E-06
468 2.168750E+02 5.178571E-01 1.455859E+00 3.146763E-03 2.540024E-03 2.752259E-03 3.009316E-03 4.676435E-05 4.088766E-05 2.802253E-05 1.235904E-05 6.123597E-06
469 2.173929E+02 5.178571E-01 1.455859E+00 3.145630E-03 2.539109E-03 2.751268E-03 3.008233E-03 4.674752E-05 4.087294E-05 2.801244E-05 1.235459E-05 6.121392E-06
470 2.179107E+02 5.178571E-01 1.455859E+00 3.144158E-03 2.537921E-03 2.749981E-03 3.006825E-03 4.672565E-05 4.085382E-05 2.799934E-05 1.234881E-05 6.118528E-06
471 2.184286E+02 5.178571E-01 1.455859E+00 3.142349E-03 2.536461E-03 2.748399E-03 3.005095E-03 4.669877E-05 4.083031E-05 2.798323E-05 1.234170E-05 6.115008E-06
472 2.189464E+02 5.178571E-01 1.455859E+00 3.140205E-03 2.534730E-03 2.746523E-03 3.003044E-03 4.666689E-05 4.080245E-05 2.796413E-05 1.233328E-05 6.110835E-06
473 2.194643E+02 5.178571E-01 1.455859E+00 3.137726E-03 2.532729E-03 2.744355E-03 3.000674E-03 4.663006E-05 4.077024E-05 2.794206E-05 1.232354E-05 6.106011E-06
474 2.199821E+02 5.178571E-01 1.455859E+00 3.134915E-03 2.530460E-03 2.741896E-03 2.997985E-03 4.658828E-05 4.073371E-05 2.791702E-05 1.231250E-05 6.100540E-06
475 2.205000E+02 5.178571E-01 1.455859E+00 3.131773E-03 2.527924E-03 2.739148E-03 2.994981E-03 4.654159E-05 4.069289E-05 2.788905E-05 1.230016E-05 6.094426E-06
476 2.210179E+02 5.178571E-01 1.455859E+00 3.128303E-03 2.525123E-03 2.736113E-03 2.991662E-03 4.649001E-05 4.064779E-05 2.785814E-05 1.228653E-05 6.087673E-06
477 2.215357E+02 5.178571E-01 1.455859E+00 3.124506E-03 2.522058E-03 2.732792E-03 2.988031E-03 4.643359E-05 4.059846E-05 2.782433E-05 1.227162E-05 6.080284E-06
478 2.220536E+02 5.178571E-01 1.455859E+00 3.120385E-03 2.518732E-03 2.729188E-03 2.984090E-03 4.637235E-05 4.054492E-05 2.778763E-05 1.225544E-05 6.072265E-06
479 2.225714E+02 5.178571E-01 1.455859E+00 3.115943E-03 2.515146E-03 2.725303E-03 2.979842E-03 4.630633E-05 4.048719E-05 2.774807E-05 1.223799E-05 6.063620E-06
480 2.230893E+02 5.178571E-01 1.455859E+00 3.111181E-03 2.511302E-03 2.721138E-03 2.975288E-03 4.623557E-05 4.042532E-05 2.770567E-05 1.221929E-05 6.054354E-06
481 2.236071E+02 5.178571E-01 1.455859E+00 3.106103E-03 2.507203E-03 2.716697E-03 2.970432E-03 4.616010E-05 4.035934E-05 2.766045E-05 1.219934E-05 6.044472E-06
482 2.241250E+02 5.178571E-01 1.455859E+00 3.100711E-03 2.502851E-03 2.711981E-03 2.965275E-03 4.607997E-05 4.028928E-05 2.761243E-05 1.217817E-05 6.033979E-06
483 2.246429E+02 5.178571E-01 1.455859E+00 3.095008E-03 2.498248E-03 2.706993E-03 2.959822E-03 4.599522E-05 4.021518E-05 2.756165E-05 1.215577E-05 6.022881E-06
484 2.251607E+02 5.178571E-01 1.455859E+00 3.088997E-03 2.493396E-03 2.701735E-03 2.954074E-03 4.590589E-05 4.013708E-05 2.750812E-05 1.213216E-05 6.011185E-06
485 2.256786E+02 5.178571E-01 1.455859E+00 3.082682E-03 2.488298E-03 2.696212E-03 2.948034E-03 4.581204E-05 4.005502E-05 2.745188E-05 1.210736E-05 5.998895E-06
486 2.261964E+02 5.178571E-01 1.455859E+00 3.076065E-03 2.482957E-03 2.690424E-03 2.941706E-03 4.571370E-05 3.996904E-05 2.739295E-05 1.208137E-05 5.986018E-06
487 2.267143E+02 5.178571E-01 1.455859E+00 3.069149E-03 2.477375E-03 2.684376E-03 2.935092E-03 4.561093E-05 3.987918E-05 2.733137E-05 1.205421E-05 5.972560E-06
488 2.272321E+02 5.178571E-01 1.455859E+00 3.061939E-03 2.471555E-03 2.678069E-03 2.928197E-03 4.550378E-05 3.978549E-05 2.726716E-05 1.202589E-05 5.958529E-06
489 2.277500E+02 5.178571E-01 1.455859E+00 3.054437E-03 2.465500E-03 2.671508E-03 2.921023E-03 4.539229E-05 3.968802E-05 2.720036E-05 1.199642E-05 5.943931E-06
490 2.282679E+02 5.178571E-01 1.455859E+00 3.046648E-03 2.459212E-03 2.664695E-03 2.913574E-03 4.527653E-05 3.958681E-05 2.713099E-05 1.196583E-05 5.928772E-06
491 2.287857E+02 5.178571E-01 1.455859E+00 3.038574E-03 2.452695E-03 2.657634E-03 2.905853E-03 4.515655E-05 3.948190E-05 2.705909E-05 1.193412E-05 5.913061E-06
492 2.293036E+02 5.178571E-01 1.455859E+00 3.030220E-03 2.445952E-03 2.650327E-03 2.897864E-03 4.503240E-05 3.937335E-05 2.698470E-05 1.190131E-05 5.896804E-06
493 2.298214E+02 5.178571E-01 1.455859E+00 3.021590E-03 2.438986E-03 2.642779E-03 2.889610E-03 4.490414E-05 3.926121E-05 2.690784E-05 1.186742E-05 5.880010E-06
494 2.303393E+02 5.178571E-01 1.455859E+00 3.012687E-03 2.431799E-03 2.634992E-03 2.881096E-03 4.477184E-05 3.914553E-05 2.682856E-05 1.183245E-05 5.862685E-06
495 2.308571E+02 5.178571E-01 1.455859E+00 3.003515E-03 2.424396E-03 2.626970E-03 2.872325E-03 4.463554E-05 3.902636E-05 2.674689E-05 1.179643E-05 5.844837E-06
496 2.313750E+02 5.178571E-01 1.455859E+00 2.994079E-03 2.416780E-03 2.618717E-03 2.863302E-03 4.449531E-05 3.890376E-05 2.666286E-05 1.175937E-05 5.826475E-06
497 2.318929E+02 5.178571E-01 1.455859E+00 2.984383E-03 2.408953E-03 2.610237E-03 2.854029E-03 4.435121E-05 3.877777E-05 2.657651E-05 1.172128E-05 5.807606E-06
498 2.324107E+02 5.178571E-01 1.455859E+00 2.974431E-03 2.400920E-03 2.601532E-03 2.844511E-03 4.420331E-05 3.864845E-05 2.648788E-05 1.168220E-05 5.788239E-06
499 2.329286E+02 5.178571E-01 1.455859E+00 2.964227E-03 2.392683E-03 2.592607E-03 2.834753E-03 4.405167E-05 3.851587E-05 2.639702E-05 1.164212E-05 5.768382E-06
500 2.334464E+02 5.178571E-01 1.455859E+00 2.953775E-03 2.384247E-03 2.583466E-03 2.824758E-03 4.389635E-05 3.838006E-05 2.630394E-05 1.160107E-05 5.748043E-06
501 2.339643E+02 5.178571E-01 1.455859E+00 2.943081E-03 2.375614E-03 2.574112E-03 2.814531E-03 4.373742E-05 3.824110E-05 2.620871E-05 1.155907E-05 5.727232E-06
502 2.344821E+02 5.178571E-01 1.455859E+00 2.932148E-03 2.366789E-03 2.564550E-03 2.804075E-03 4.357494E-05 3.809904E-05 2.611134E-05 1.151613E-05 5.705956E-06
503 2.350000E+02 5.178571E-01 1.455859E+00 2.920981E-03 2.357775E-03 2.554783E-03 2.793396E-03 4.340898E-05 3.795394E-05 2.601190E-05 1.147227E-05 5.684224E-06
504 2.355179E+02 5.178571E-01 1.455859E+00 2.909584E-03 2.348576E-03 2.544815E-03 2.782497E-03 4.323961E-05 3.780586E-05 2.591041E-05 1.142751E-05 5.662046E-06
505 2.360357E+02 5.178571E-01 1.455859E+00 2.897962E-03 2.339195E-03 2.534650E-03 2.771383E-03 4.306690E-05 3.765485E-05 2.580692E-05 1.138186E-05 5.639431E-06
506 2.365536E+02 5.178571E-01 1.455859E+00 2.886120E-03 2.329637E-03 2.524293E-03 2.760058E-03 4.289092E-05 3.750098E-05 2.570146E-05 1.133535E-05 5.616386E-06
507 2.370714E+02 5.178571E-01 1.455859E+00 2.874063E-03 2.319904E-03 2.513747E-03 2.748527E-03 4.271173E-05 3.734431E-05 2.559409E-05 1.128800E-05 5.592922E-06
508 2.375893E+02 5.178571E-01 1.455859E+00 2.861794E-03 2.310001E-03 2.503017E-03 2.736795E-03 4.252941E-05 3.718490E-05 2.548483E-05 1.123981E-05 5.569048E-06
509 2.381071E+02 5.178571E-01 1.455859E+00 2.849320E-03 2.299931E-03 2.492106E-03 2.724865E-03 4.234402E-05 3.702281E-05 2.537374E-05 1.119082E-05 5.544772E-06
510 2.386250E+02 5.178571E-01 1.455859E+00 2.836643E-03 2.289699E-03 2.481019E-03 2.712742E-03 4.215564E-05 3.685810E-05 2.526086E-05 1.114103E-05 5.520104E-06
511 2.391429E+02 5.178571E-01 1.455859E+00 2.823771E-03 2.279309E-03 2.469760E-03 2.700432E-03 4.196433E-05 3.669084E-05 2.514622E-05 1.109047E-05 5.495054E-06
512 2.396607E+02 5.178571E-01 1.455859E+00 2.810706E-03 2.268763E-03 2.458333E-03 2.687938E-03 4.177018E-05 3.652108E-05 2.502988E-05 1.103916E-05 5.469630E-06
513 2.401786E+02 5.178571E-01 1.455859E+00 2.797454E-03 2.258067E-03 2.446743E-03 2.675265E-03 4.157324E-05 3.634889E-05 2.491187E-05 1.098711E-05 5.443842E-06
514 2.406964E+02 5.178571E-01 1.455859E+00 2.784020E-03 2.247223E-03 2.434993E-03 2.662418E-03 4.137360E-05 3.617434E-05 2.479224E-05 1.093435E-05 5.417700E-06
515 2.412143E+02 5.178571E-01 1.455859E+00 2.770409E-03 2.236236E-03 2.423088E-03 2.649401E-03 4.117132E-05 3.599748E-05 2.467103E-05 1.088089E-05 5.391212E-06
516 2.417321E+02 5.178571E-01 1.455859E+00 2.756625E-03 2.225110E-03 2.411032E-03 2.636219E-03 4.096648E-05 3.581838E-05 2.454828E-05 1.082676E-05 5.364389E-06
517 2.422500E+02 5.178571E-01 1.455859E+00 2.742674E-03 2.213848E-03 2.398830E-03 2.622877E-03 4.075914E-05 3.563710E-05 2.442404E-05 1.077196E-05 5.337239E-06
518 2.427679E+02 5.178571E-01 1.455859E+00 2.728559E-03 2.202455E-03 2.386485E-03 2.609379E-03 4.054939E-05 3.545370E-05 2.429835E-05 1.071653E-05 5.309773E-06
519 2.432857E+02 5.178571E-01 1.455859E+00 2.714287E-03 2.190935E-03 2.374002E-03 2.595730E-03 4.033729E-05 3.526825E-05 2.417125E-05 1.066047E-05 5.281999E-06
520 2.438036E+02 5.178571E-01 1.455859E+00 2.699861E-03 2.179291E-03 2.361385E-03 2.581935E-03 4.012291E-05 3.508082E-05 2.404279E-05 1.060381E-05 5.253927E-06
521 2.443214E+02 5.178571E-01 1.455859E+00 2.685288E-03 2.167527E-03 2.348638E-03 2.567997E-03 3.990632E-05 3.489145E-05 2.391301E-05 1.054657E-05 5.225566E-06
522 2.448393E+02 5.178571E-01 1.455859E+00 2.670570E-03 2.155648E-03 2.335766E-03 2.553923E-03 3.968761E-05 3.470022E-05 2.378195E-05 1.048877E-05 5.196927E-06
523 2.453571E+02 5.178571E-01 1.455859E+00 2.655715E-03 2.143656E-03 2.322773E-03 2.539716E-03 3.946684E-05 3.450719E-05 2.364965E-05 1.043043E-05 5.168017E-06
524 2.458750E+02 5.178571E-01 1.455859E+00 2.640725E-03 2.131557E-03 2.309662E-03 2.525381E-03 3.924407E-05 3.431242E-05 2.351617E-05 1.037155E-05 5.138847E-06
525 2.463929E+02 5.178571E-01 1.455859E+00 2.625606E-03 2.119353E-03 2.296439E-03 2.510923E-03 3.901939E-05 3.411598E-05 2.338153E-05 1.031217E-05 5.109426E-06
526 2.469107E+02 5.178571E-01 1.455859E+00 2.610363E-03 2.107049E-03 2.283107E-03 2.496346E-03 3.879286E-05 3.391791E-05 2.324579E-05 1.025231E-05 5.079763E-06
527 2.474286E+02 5.178571E-01 1.455859E+00 2.595001E-03 2.094649E-03 2.269670E-03 2.481654E-03 3.856456E-05 3.371830E-05 2.310898E-05 1.019197E-05 5.049868E-06
528 2.479464E+02 5.178571E-01 1.455859E+00 2.579523E-03 2.082156E-03 2.256133E-03 2.466853E-03 3.833455E-05 3.351720E-05 2.297115E-05 1.013118E-05 5.019749E-06
529 2.484643E+02 5.178571E-01 1.455859E+00 2.563936E-03 2.069574E-03 2.242500E-03 2.451946E-03 3.810290E-05 3.331466E-05 2.283235E-05 1.006996E-05 4.989416E-06
530 2.489821E+02 5.178571E-01 1.455859E+00 2.548243E-03 2.056907E-03 2.228774E-03 2.436939E-03 3.786969E-05 3.311075E-05 2.269260E-05 1.000833E-05 4.958877E-06
531 2.495000E+02 5.178571E-01 1.455859E+00 2.532449E-03 2.044158E-03 2.214961E-03 2.421835E-03 3.763498E-05 3.290554E-05 2.255195E-05 9.946296E-06 4.928143E-06
532 2.500179E+02 5.178571E-01 1.455859E+00 2.516559E-03 2.031332E-03 2.201063E-03 2.406639E-03 3.739884E-05 3.269907E-05 2.241045E-05 9.883888E-06 4.897221E-06
533 2.505357E+02 5.178571E-01 1.455859E+00 2.500578E-03 2.018432E-03 2.187085E-03 2.391356E-03 3.716133E-05 3.249141E-05 2.226813E-05 9.821120E-06 4.866121E-06
534 2.510536E+02 5.178571E-01 1.455859E+00 2.484509E-03 2.005462E-03 2.173031E-03 2.375989E-03 3.692254E-05 3.228262E-05 2.212504E-05 9.758009E-06 4.834851E-06
535 2.515714E+02 5.178571E-01 1.455859E+00 2.468358E-03 1.992424E-03 2.158905E-03 2.360543E-03 3.668251E-05 3.207276E-05 2.198121E-05 9.694575E-06 4.803421E-06
536 2.520893E+02 5.178571E-01 1.455859E+00 2.452129E-03 1.979324E-03 2.144710E-03 2.345022E-03 3.644132E-05 3.186188E-05 2.183668E-05 9.630833E-06 4.771839E-06
537 2.526071E+02 5.178571E-01 1.455859E+00 2.435825E-03 1.966165E-03 2.130451E-03 2.329431E-03 3.619904E-05 3.165005E-05 2.169150E-05 9.566802E-06 4.740113E-06
538 2.531250E+02 5.178571E-01 1.455859E+00 2.419453E-03 1.952949E-03 2.116131E-03 2.313774E-03 3.595573E-05 3.143731E-05 2.154570E-05 9.502498E-06 4.708252E-06
539 2.536429E+02 5.178571E-01 1.455859E+00 2.403015E-03 1.939681E-03 2.101754E-03 2.298055E-03 3.571145E-05 3.122373E-05 2.139932E-05 9.437939E-06 4.676265E-06
540 2.541607E+02 5.178571E-01 1.455859E+00 2.386517E-03 1.926364E-03 2.087324E-03 2.282277E-03 3.546627E-05 3.100936E-05 2.125240E-05 9.373142E-06 4.644159E-06
541 2.546786E+02 5.178571E-01 1.455859E+00 2.369962E-03 1.913001E-03 2.072845E-03 2.266445E-03 3.522024E-05 3.079425E-05 2.110497E-05 9.308122E-06 4.611943E-06
542 2.551964E+02 5.178571E-01 1.455859E+00 2.353355E-03 1.899596E-03 2.058319E-03 2.250563E-03 3.497344E-05 3.057846E-05 2.095708E-05 9.242896E-06 4.579626E-06
543 2.557143E+02 5.178571E-01 1.455859E+00 2.336700E-03 1.886152E-03 2.043752E-03 2.234635E-03 3.472592E-05 3.036205E-05 2.080876E-05 9.177482E-06 4.547215E-06
544 2.562321E+02 5.178571E-01 1.455859E+00 2.320000E-03 1.872672E-03 2.029146E-03 2.218665E-03 3.447775E-05 3.014507E-05 2.066005E-05 9.111894E-06 4.514717E-06
545 2.567500E+02 5.178571E-01 1.455859E+00 2.303261E-03 1.859160E-03 2.014505E-03 2.202657E-03 3.422898E-05 2.992756E-05 2.051098E-05 9.046148E-06 4.482142E-06
546 2.572679E+02 5.178571E-01 1.455859E+00 2.286485E-03 1.845619E-03 1.999833E-03 2.186614E-03 3.397968E-05 2.970958E-05 2.036159E-05 8.980261E-06 4.449496E-06
547 2.577857E+02 5.178571E-01 1.455859E+00 2.269677E-03 1.832052E-03 1.985132E-03 2.170540E-03 3.372989E-05 2.949119E-05 2.021191E-05 8.914247E-06 4.416788E-06
548 2.583036E+02 5.178571E-01 1.455859E+00 2.252841E-03 1.818462E-03 1.970406E-03 2.154439E-03 3.347969E-05 2.927242E-05 2.006198E-05 8.848122E-06 4.384025E-06
549 2.588214E+02 5.178571E-01 1.455859E+00 2.235980E-03 1.804852E-03 1.955659E-03 2.138315E-03 3.322911E-05 2.905334E-05 1.991183E-05 8.781900E-06 4.351214E-06
550 2.593393E+02 5.178571E-01 1.455859E+00 2.219098E-03 1.791225E-03 1.940894E-03 2.122171E-03 3.297824E-05 2.883399E-05 1.976150E-05 8.715597E-06 4.318362E-06
551 2.598571E+02 5.178571E-01 1.455859E+00 2.202199E-03 1.777585E-03 1.926114E-03 2.106010E-03 3.272710E-05 2.861441E-05 1.961101E-05 8.649226E-06 4.285477E-06
552 2.603750E+02 5.178571E-01 1.455859E+00 2.185287E-03 1.763934E-03 1.911322E-03 2.089836E-03 3.247577E-05 2.839466E-05 1.946041E-05 8.582803E-06 4.252566E-06
553 2.608929E+02 5.178571E-01 1.455859E+00 2.168365E-03 1.750274E-03 1.896521E-03 2.073654E-03 3.222429E-05 2.817479E-05 1.930971E-05 8.516341E-06 4.219636E-06
554 2.614107E+02 5.178571E-01 1.455859E+00 2.151437E-03 1.736610E-03 1.881715E-03 2.057464E-03 3.197271E-05 2.795483E-05 1.915896E-05 8.449854E-06 4.186693E-06
555 2.619286E+02 5.178571E-01 1.455859E+00 2.134505E-03 1.722943E-03 1.866906E-03 2.041273E-03 3.172109E-05 2.773483E-05 1.900818E-05 8.383355E-06 4.153745E-06
556 2.624464E+02 5.178571E-01 1.455859E+00 2.117575E-03 1.709277E-03 1.852098E-03 2.025081E-03 3.146948E-05 2.751484E-05 1.885741E-05 8.316859E-06 4.120797E-06
557 2.629643E+02 5.178571E-01 1.455859E+00 2.100647E-03 1.695614E-03 1.837293E-03 2.008894E-03 3.121793E-05 2.729489E-05 1.870667E-05 8.250377E-06 4.087857E-06
558 2.634821E+02 5.178571E-01 1.455859E+00 2.083728E-03 1.681956E-03 1.822495E-03 1.992713E-03 3.096648E-05 2.707504E-05 1.855600E-05 8.183923E-06 4.054931E-06
559 2.640000E+02 5.178571E-01 1.455859E+00 2.066818E-03 1.668307E-03 1.807705E-03 1.976542E-03 3.071518E-05 2.685533E-05 1.840541E-05 8.117510E-06 4.022025E-06
560 2.645179E+02 5.178571E-01 1.455859E+00 2.049922E-03 1.654669E-03 1.792927E-03 1.960384E-03 3.046409E-05 2.663578E-05 1.825495E-05 8.051150E-06 3.989145E-06
561 2.650357E+02 5.178571E-01 1.455859E+00 2.033042E-03 1.641044E-03 1.778163E-03 1.944241E-03 3.021324E-05 2.641646E-05 1.810463E-05 7.984854E-06 3.956297E-06
562 2.655536E+02 5.178571E-01 1.455859E+00 2.016182E-03 1.627434E-03 1.763417E-03 1.928118E-03 2.996268E-05 2.619739E-05 1.795449E-05 7.918636E-06 3.923487E-06
563 2.660714E+02 5.178571E-01 1.455859E+00 1.999344E-03 1.613843E-03 1.748690E-03 1.912015E-03 2.971245E-05 2.597861E-05 1.780455E-05 7.852505E-06 3.890722E-06
564 2.665893E+02 5.178571E-01 1.455859E+00 1.982532E-03 1.600273E-03 1.733986E-03 1.895938E-03 2.946261E-05 2.576016E-05 1.765483E-05 7.786475E-06 3.858005E-06
565 2.671071E+02 5.178571E-01 1.455859E+00 1.965748E-03 1.586725E-03 1.719306E-03 1.879887E-03 2.921318E-05 2.554207E-05 1.750537E-05 7.720556E-06 3.825344E-06
566 2.676250E+02 5.178571E-01 1.455859E+00 1.948996E-03 1.573202E-03 1.704654E-03 1.863866E-03 2.896421E-05 2.532439E-05 1.735618E-05 7.654758E-06 3.792743E-06
567 2.681429E+02 5.178571E-01 1.455859E+00 1.932276E-03 1.559707E-03 1.690031E-03 1.847877E-03 2.871575E-05 2.510715E-05 1.720730E-05 7.589093E-06 3.760207E-06
568 2.686607E+02 5.178571E-01 1.455859E+00 1.915594E-03 1.546241E-03 1.675439E-03 1.831923E-03 2.846783E-05 2.489039E-05 1.705873E-05 7.523571E-06 3.727743E-06
569 2.691786E+02 5.178571E-01 1.455859E+00 1.898950E-03 1.532806E-03 1.660882E-03 1.816006E-03 2.822048E-05 2.467412E-05 1.691052E-05 7.458202E-06 3.695354E-06
570 2.696964E+02 5.178571E-01 1.455859E+00 1.882348E-03 1.519405E-03 1.646361E-03 1.800129E-03 2.797376E-05 2.445840E-05 1.676267E-05 7.392996E-06 3.663046E-06
571 2.702143E+02 5.178571E-01 1.455859E+00 1.865790E-03 1.506040E-03 1.631879E-03 1.784294E-03 2.772768E-05 2.424325E-05 1.661522E-05 7.327963E-06 3.630824E-06
572 2.707321E+02 5.178571E-01 1.455859E+00 1.849278E-03 1.492711E-03 1.617437E-03 1.768503E-03 2.748230E-05 2.402870E-05 1.646818E-05 7.263112E-06 3.598692E-06
573 2.712500E+02 5.178571E-01 1.455859E+00 1.832815E-03 1.479423E-03 1.603038E-03 1.752759E-03 2.723764E-05 2.381479E-05 1.632157E-05 7.198453E-06 3.566655E-06
574 2.717679E+02 5.178571E-01 1.455859E+00 1.816402E-03 1.466175E-03 1.588683E-03 1.737064E-03 2.699373E-05 2.360154E-05 1.617542E-05 7.133993E-06 3.534717E-06
575 2.722857E+02 5.178571E-01 1.455859E+00 1.800043E-03 1.452970E-03 1.574375E-03 1.721420E-03 2.675062E-05 2.338898E-05 1.602974E-05 7.069743E-06 3.502882E-06
576 2.728036E+02 5.178571E-01 1.455859E+00 1.783740E-03 1.439810E-03 1.560116E-03 1.705828E-03 2.650833E-05 2.317713E-05 1.588455E-05 7.005710E-06 3.471155E-06
577 2.733214E+02 5.178571E-01 1.455859E+00 1.767494E-03 1.426697E-03 1.545906E-03 1.690292E-03 2.626690E-05 2.296604E-05 1.573987E-05 6.941903E-06 3.439541E-06
578 2.738393E+02 5.178571E-01 1.455859E+00 1.751307E-03 1.413631E-03 1.531749E-03 1.674812E-03 2.602635E-05 2.275572E-05 1.559573E-05 6.878330E-06 3.408042E-06
579 2.743571E+02 5.178571E-01 1.455859E+00 1.735182E-03 1.400615E-03 1.517646E-03 1.659392E-03 2.578671E-05 2.254620E-05 1.545213E-05 6.814998E-06 3.376662E-06
580 2.748750E+02 5.178571E-01 1.455859E+00 1.719121E-03 1.387650E-03 1.503598E-03 1.644031E-03 2.554802E-05 2.233750E-05 1.530910E-05 6.751915E-06 3.345406E-06
581 2.753929E+02 5.178571E-01 1.455859E+00 1.703124E-03 1.374738E-03 1.489607E-03 1.628734E-03 2.531030E-05 2.212965E-05 1.516665E-05 6.689089E-06 3.314278E-06
582 2.759107E+02 5.178571E-01 1.455859E+00 1.687195E-03 1.361881E-03 1.475675E-03 1.613500E-03 2.507357E-05 2.192267E-05 1.502480E-05 6.626526E-06 3.283279E-06
583 2.764286E+02 5.178571E-01 1.455859E+00 1.671335E-03 1.349078E-03 1.461803E-03 1.598333E-03 2.483787E-05 2.171659E-05 1.488356E-05 6.564234E-06 3.252415E-06
584 2.769464E+02 5.178571E-01 1.455859E+00 1.655545E-03 1.336333E-03 1.447992E-03 1.583233E-03 2.460322E-05 2.151142E-05 1.474295E-05 6.502219E-06 3.221688E-06
585 2.774643E+02 5.178571E-01 1.455859E+00 1.639827E-03 1.323646E-03 1.434245E-03 1.568202E-03 2.436963E-05 2.130720E-05 1.460298E-05 6.440487E-06 3.191102E-06
586 2.779821E+02 5.178571E-01 1.455859E+00 1.624183E-03 1.311018E-03 1.420563E-03 1.553241E-03 2.413715E-05 2.110393E-05 1.446367E-05 6.379046E-06 3.160659E-06
587 2.785000E+02 5.178571E-01 1.455859E+00 1.608615E-03 1.298452E-03 1.406946E-03 1.538353E-03 2.390579E-05 2.090164E-05 1.432503E-05 6.317900E-06 3.130363E-06
588 2.790179E+02 5.178571E-01 1.455859E+00 1.593123E-03 1.285947E-03 1.393396E-03 1.523538E-03 2.367556E-05 2.070035E-05 1.418707E-05 6.257055E-06 3.100216E-06
589 2.795357E+02 5.178571E-01 1.455859E+00 1.577710E-03 1.273506E-03 1.379915E-03 1.508797E-03 2.344650E-05 2.050007E-05 1.404981E-05 6.196518E-06 3.070221E-06
590 2.800536E+02 5.178571E-01 1.455859E+00 1.562376E-03 1.261128E-03 1.366504E-03 1.494133E-03 2.321862E-05 2.030083E-05 1.391326E-05 6.136294E-06 3.040381E-06
