0 -2.548214E+01 5.178571E-01 0.000000E+00 0.000000E+00 0.000000E+00 0.000000E+00 0.000000E+00 1.044157E-05 0.000000E+00 0.000000E+00 0.000000E+00 0.000000E+00
1 -2.496429E+01 5.178571E-01 0.000000E+00 0.000000E+00 0.000000E+00 0.000000E+00 0.000000E+00 7.872065E-06 0.000000E+00 0.000000E+00 0.000000E+00 0.000000E+00
2 -2.444643E+01 5.178571E-01 1.689209E-01 9.484045E-10 7.655390E-10 8.295048E-10 9.069793E-10 5.935604E-06 6.356519E-10 4.356468E-10 1.921373E-10 9.519928E-11
3 -2.392857E+01 5.178571E-01 3.468894E+00 1.712301E-08 1.382146E-08 1.497633E-08 1.637510E-08 4.487525E-06 1.147641E-08 7.865405E-09 3.468953E-09 1.718780E-09
4 -2.341071E+01 5.178571E-01 8.093230E+00 6.851359E-08 5.530323E-08 5.992417E-08 6.552100E-08 3.425842E-06 4.592006E-08 3.147151E-08 1.388017E-08 6.877281E-09
5 -2.289286E+01 5.178571E-01 9.522322E+00 1.583141E-07 1.277889E-07 1.384665E-07 1.513991E-07 2.664559E-06 1.061073E-07 7.272109E-08 3.207285E-08 1.589130E-08
6 -2.237500E+01 5.178571E-01 9.099507E+00 2.775465E-07 2.240317E-07 2.427510E-07 2.654236E-07 2.130118E-06 1.860208E-07 1.274902E-07 5.622816E-08 2.785966E-08
7 -2.185714E+01 5.178571E-01 5.812589E+00 4.090110E-07 3.301481E-07 3.577341E-07 3.911459E-07 1.759062E-06 2.741327E-07 1.878780E-07 8.286157E-08 4.105585E-08
8 -2.133929E+01 5.178571E-01 3.978590E+00 5.347585E-07 4.316497E-07 4.677168E-07 5.114009E-07 1.499734E-06 3.584127E-07 2.456397E-07 1.083368E-07 5.367818E-08
9 -2.082143E+01 5.178571E-01 4.759281E+00 6.588632E-07 5.318253E-07 5.762628E-07 6.300849E-07 1.326685E-06 4.415918E-07 3.026469E-07 1.334792E-07 6.613561E-08
10 -2.030357E+01 5.178571E-01 4.781279E+00 7.937881E-07 6.407348E-07 6.942724E-07 7.591164E-07 1.227925E-06 5.320229E-07 3.646242E-07 1.608136E-07 7.967914E-08
11 -1.978571E+01 5.178571E-01 4.000323E+00 9.388822E-07 7.578528E-07 8.211763E-07 8.978730E-07 1.186716E-06 6.292698E-07 4.312728E-07 1.902082E-07 9.424345E-08
12 -1.926786E+01 5.178571E-01 3.002535E+00 1.083599E-06 8.746665E-07 9.477506E-07 1.036269E-06 1.182729E-06 7.262640E-07 4.977482E-07 2.195265E-07 1.087699E-07
13 -1.875000E+01 5.178571E-01 1.816319E+00 1.211434E-06 9.778529E-07 1.059559E-06 1.158520E-06 1.194081E-06 8.119430E-07 5.564686E-07 2.454245E-07 1.216018E-07
14 -1.823214E+01 5.178571E-01 1.559247E+00 1.315175E-06 1.061591E-06 1.150294E-06 1.257730E-06 1.208285E-06 8.814735E-07 6.041216E-07 2.664414E-07 1.320151E-07
15 -1.771429E+01 5.178571E-01 1.966781E+00 1.408029E-06 1.136542E-06 1.231507E-06 1.346528E-06 1.230218E-06 9.437076E-07 6.467741E-07 2.852528E-07 1.413357E-07
16 -1.719643E+01 5.178571E-01 2.015504E+00 1.503178E-06 1.213345E-06 1.314728E-06 1.437521E-06 1.266028E-06 1.007479E-06 6.904804E-07 3.045290E-07 1.508865E-07
17 -1.667857E+01 5.178571E-01 1.837508E+00 1.601288E-06 1.292537E-06 1.400537E-06 1.531345E-06 1.313244E-06 1.073236E-06 7.355468E-07 3.244050E-07 1.607346E-07
18 -1.616071E+01 5.178571E-01 1.141606E+00 1.688234E-06 1.362720E-06 1.476584E-06 1.614494E-06 1.358792E-06 1.131510E-06 7.754854E-07 3.420195E-07 1.694622E-07
19 -1.564286E+01 5.178571E-01 2.494869E-01 1.737866E-06 1.402781E-06 1.519993E-06 1.661958E-06 1.380927E-06 1.164775E-06 7.982835E-07 3.520744E-07 1.744441E-07
20 -1.512500E+01 5.178571E-01 5.196387E-01 1.751138E-06 1.413495E-06 1.531601E-06 1.674651E-06 1.379107E-06 1.173670E-06 8.043801E-07 3.547632E-07 1.757764E-07
21 -1.460714E+01 5.178571E-01 1.213893E+00 1.762077E-06 1.422324E-06 1.541169E-06 1.685112E-06 1.378449E-06 1.181002E-06 8.094048E-07 3.569793E-07 1.768744E-07
22 -1.408929E+01 5.178571E-01 1.855092E+00 1.803836E-06 1.456032E-06 1.577693E-06 1.725047E-06 1.403643E-06 1.208990E-06 8.285868E-07 3.654393E-07 1.810661E-07
23 -1.357143E+01 5.178571E-01 2.431703E+00 1.899114E-06 1.532938E-06 1.661025E-06 1.816163E-06 1.471539E-06 1.272848E-06 8.723522E-07 3.847416E-07 1.906299E-07
24 -1.305357E+01 5.178571E-01 1.417508E+00 2.021540E-06 1.631760E-06 1.768104E-06 1.933242E-06 1.561512E-06 1.354903E-06 9.285886E-07 4.095440E-07 2.029189E-07
25 -1.253571E+01 5.178571E-01 1.479046E+00 2.142332E-06 1.729261E-06 1.873752E-06 2.048758E-06 1.651185E-06 1.435861E-06 9.840739E-07 4.340152E-07 2.150438E-07
26 -1.201786E+01 5.178571E-01 1.464872E+00 2.265959E-06 1.829051E-06 1.981880E-06 2.166984E-06 1.743750E-06 1.518720E-06 1.040861E-06 4.590607E-07 2.274532E-07
27 -1.150000E+01 5.178571E-01 1.416098E+00 2.392404E-06 1.931116E-06 2.092473E-06 2.287907E-06 1.839018E-06 1.603468E-06 1.098944E-06 4.846773E-07 2.401456E-07
28 -1.098214E+01 5.178571E-01 1.361035E+00 2.520243E-06 2.034305E-06 2.204285E-06 2.410162E-06 1.935763E-06 1.689150E-06 1.157666E-06 5.105762E-07 2.529778E-07
29 -1.046429E+01 5.178571E-01 1.318894E+00 2.648496E-06 2.137830E-06 2.316459E-06 2.532813E-06 2.033134E-06 1.775109E-06 1.216579E-06 5.365590E-07 2.658517E-07
30 -9.946429E+00 5.178571E-01 1.340837E+00 2.779245E-06 2.243368E-06 2.430816E-06 2.657851E-06 2.132649E-06 1.862741E-06 1.276638E-06 5.630474E-07 2.789760E-07
31 -9.428571E+00 5.178571E-01 1.447778E+00 2.919933E-06 2.356930E-06 2.553866E-06 2.792394E-06 2.239959E-06 1.957035E-06 1.341263E-06 5.915494E-07 2.930981E-07
32 -8.910714E+00 5.178571E-01 1.529898E+00 3.078593E-06 2.484998E-06 2.692635E-06 2.944124E-06 2.361178E-06 2.063374E-06 1.414142E-06 6.236923E-07 3.090241E-07
33 -8.392857E+00 5.178571E-01 1.553286E+00 3.257973E-06 2.629791E-06 2.849527E-06 3.115668E-06 2.498379E-06 2.183600E-06 1.496540E-06 6.600329E-07 3.270299E-07
34 -7.875000E+00 5.178571E-01 1.520767E+00 3.455312E-06 2.789081E-06 3.022126E-06 3.304389E-06 2.649423E-06 2.315864E-06 1.587187E-06 7.000120E-07 3.468386E-07
35 -7.357143E+00 5.178571E-01 1.432925E+00 3.663348E-06 2.957004E-06 3.204081E-06 3.503338E-06 2.808722E-06 2.455297E-06 1.682748E-06 7.421580E-07 3.677209E-07
36 -6.839286E+00 5.178571E-01 1.443251E+00 3.879451E-06 3.131440E-06 3.393092E-06 3.710002E-06 2.974248E-06 2.600136E-06 1.782014E-06 7.859383E-07 3.894129E-07
37 -6.321429E+00 5.178571E-01 1.438639E+00 4.105866E-06 3.314198E-06 3.591121E-06 3.926526E-06 3.147711E-06 2.751886E-06 1.886017E-06 8.318076E-07 4.121400E-07
38 -5.803571E+00 5.178571E-01 1.436477E+00 4.343748E-06 3.506213E-06 3.799180E-06 4.154018E-06 3.329988E-06 2.911323E-06 1.995287E-06 8.800001E-07 4.360182E-07
39 -5.285714E+00 5.178571E-01 1.438731E+00 4.594553E-06 3.708660E-06 4.018542E-06 4.393868E-06 3.522191E-06 3.079420E-06 2.110494E-06 9.308108E-07 4.611936E-07
40 -4.767857E+00 5.178571E-01 1.446275E+00 4.860216E-06 3.923099E-06 4.250900E-06 4.647927E-06 3.725796E-06 3.257477E-06 2.232526E-06 9.846315E-07 4.878605E-07
41 -4.250000E+00 5.178571E-01 1.458259E+00 5.143122E-06 4.151457E-06 4.498339E-06 4.918477E-06 3.942630E-06 3.447090E-06 2.362478E-06 1.041946E-06 5.162582E-07
42 -3.732143E+00 5.178571E-01 1.468803E+00 5.445586E-06 4.395602E-06 4.762883E-06 5.207729E-06 4.174464E-06 3.649811E-06 2.501414E-06 1.103222E-06 5.466189E-07
43 -3.214286E+00 5.178571E-01 1.469851E+00 5.768826E-06 4.656517E-06 5.045599E-06 5.516851E-06 4.422230E-06 3.866457E-06 2.649893E-06 1.168707E-06 5.790652E-07
44 -2.696429E+00 5.178571E-01 1.463741E+00 6.112774E-06 4.934147E-06 5.346427E-06 5.845775E-06 4.685874E-06 4.096982E-06 2.807884E-06 1.238387E-06 6.135902E-07
45 -2.178571E+00 5.178571E-01 1.455398E+00 6.476930E-06 5.228088E-06 5.664929E-06 6.194025E-06 4.965013E-06 4.341051E-06 2.975158E-06 1.312162E-06 6.501435E-07
46 -1.660714E+00 5.178571E-01 1.449695E+00 6.861300E-06 5.538346E-06 6.001111E-06 6.561606E-06 5.259649E-06 4.598669E-06 3.151717E-06 1.390031E-06 6.887259E-07
47 -1.142857E+00 5.178571E-01 1.451943E+00 7.267281E-06 5.866049E-06 6.356196E-06 6.949855E-06 5.570854E-06 4.870771E-06 3.338204E-06 1.472279E-06 7.294777E-07
48 -6.250000E-01 5.178571E-01 1.452587E+00 7.696874E-06 6.212810E-06 6.731931E-06 7.360683E-06 5.900160E-06 5.158698E-06 3.535536E-06 1.559310E-06 7.725995E-07
49 -1.071429E-01 5.178571E-01 1.453917E+00 8.151897E-06 6.580099E-06 7.129909E-06 7.795832E-06 6.248961E-06 5.463669E-06 3.744549E-06 1.651493E-06 8.182740E-07
50 4.107143E-01 5.178571E-01 1.455528E+00 8.634263E-06 6.969458E-06 7.551802E-06 8.257129E-06 6.618723E-06 5.786967E-06 3.966123E-06 1.749216E-06 8.666931E-07
51 9.285714E-01 5.178571E-01 1.457047E+00 9.145908E-06 7.382451E-06 7.999302E-06 8.746425E-06 7.010930E-06 6.129888E-06 4.201145E-06 1.852870E-06 9.180511E-07
52 1.446429E+00 5.178571E-01 1.457972E+00 9.688702E-06 7.820587E-06 8.474048E-06 9.265511E-06 7.427015E-06 6.493687E-06 4.450476E-06 1.962835E-06 9.725359E-07
53 1.964286E+00 5.178571E-01 1.457851E+00 1.026437E-05 8.285254E-06 8.977541E-06 9.816030E-06 7.868297E-06 6.879515E-06 4.714906E-06 2.079458E-06 1.030320E-06
54 2.482143E+00 5.178571E-01 1.456768E+00 1.087446E-05 8.777716E-06 9.511152E-06 1.039948E-05 8.335974E-06 7.288423E-06 4.995152E-06 2.203058E-06 1.091561E-06
55 3.000000E+00 5.178571E-01 1.455568E+00 1.152060E-05 9.299267E-06 1.007628E-05 1.101739E-05 8.831277E-06 7.721483E-06 5.291952E-06 2.333959E-06 1.156419E-06
56 3.517857E+00 5.178571E-01 1.454871E+00 1.220465E-05 9.851428E-06 1.067458E-05 1.167157E-05 9.355650E-06 8.179961E-06 5.606171E-06 2.472542E-06 1.225083E-06
57 4.035714E+00 5.178571E-01 1.454888E+00 1.292891E-05 1.043604E-05 1.130803E-05 1.236419E-05 9.910836E-06 8.665379E-06 5.938855E-06 2.619268E-06 1.297782E-06
58 4.553571E+00 5.178571E-01 1.455405E+00 1.369597E-05 1.105520E-05 1.197893E-05 1.309775E-05 1.049884E-05 9.179491E-06 6.291204E-06 2.774668E-06 1.374779E-06
59 5.071429E+00 5.178571E-01 1.455700E+00 1.450860E-05 1.171114E-05 1.268968E-05 1.387488E-05 1.112177E-05 9.724139E-06 6.664480E-06 2.939298E-06 1.456349E-06
60 5.589286E+00 5.178571E-01 1.455982E+00 1.536958E-05 1.240611E-05 1.344272E-05 1.469825E-05 1.178177E-05 1.030120E-05 7.059970E-06 3.113724E-06 1.542773E-06
61 6.107143E+00 5.178571E-01 1.456160E+00 1.628183E-05 1.314247E-05 1.424061E-05 1.557066E-05 1.248106E-05 1.091262E-05 7.479009E-06 3.298537E-06 1.634343E-06
62 6.625000E+00 5.178571E-01 1.456205E+00 1.724836E-05 1.392263E-05 1.508596E-05 1.649497E-05 1.322197E-05 1.156042E-05 7.922981E-06 3.494346E-06 1.731362E-06
63 7.142857E+00 5.178571E-01 1.456116E+00 1.827229E-05 1.474914E-05 1.598153E-05 1.747418E-05 1.400688E-05 1.224669E-05 8.393322E-06 3.701785E-06 1.834142E-06
64 7.660714E+00 5.178571E-01 1.455940E+00 1.935691E-05 1.562463E-05 1.693017E-05 1.851142E-05 1.483831E-05 1.297364E-05 8.891539E-06 3.921518E-06 1.943015E-06
65 8.178571E+00 5.178571E-01 1.455766E+00 2.050569E-05 1.655191E-05 1.793493E-05 1.961002E-05 1.571892E-05 1.374359E-05 9.419227E-06 4.154249E-06 2.058327E-06
66 8.696429E+00 5.178571E-01 1.455683E+00 2.172236E-05 1.753399E-05 1.899907E-05 2.077356E-05 1.665158E-05 1.455904E-05 9.978103E-06 4.400735E-06 2.180455E-06
67 9.214286E+00 5.178571E-01 1.455703E+00 2.301096E-05 1.857413E-05 2.012612E-05 2.200587E-05 1.763937E-05 1.542270E-05 1.057002E-05 4.661792E-06 2.309802E-06
68 9.732143E+00 5.178571E-01 1.455785E+00 2.437578E-05 1.967580E-05 2.131984E-05 2.331108E-05 1.868560E-05 1.633745E-05 1.119694E-05 4.938292E-06 2.446801E-06
69 1.025000E+01 5.178571E-01 1.455866E+00 2.582139E-05 2.084267E-05 2.258421E-05 2.469354E-05 1.979375E-05 1.730634E-05 1.186098E-05 5.231157E-06 2.591909E-06
70 1.076786E+01 5.178571E-01 1.455904E+00 2.735256E-05 2.207861E-05 2.392342E-05 2.615784E-05 2.096749E-05 1.833259E-05 1.256432E-05 5.541358E-06 2.745605E-06
71 1.128571E+01 5.178571E-01 1.455921E+00 2.897434E-05 2.338768E-05 2.534188E-05 2.770877E-05 2.221068E-05 1.941955E-05 1.330927E-05 5.869913E-06 2.908396E-06
72 1.180357E+01 5.178571E-01 1.455913E+00 3.069201E-05 2.477417E-05 2.684421E-05 2.935142E-05 2.352739E-05 2.057079E-05 1.409828E-05 6.217896E-06 3.080813E-06
73 1.232143E+01 5.178571E-01 1.455889E+00 3.251118E-05 2.624258E-05 2.843532E-05 3.109113E-05 2.492190E-05 2.179006E-05 1.493391E-05 6.586443E-06 3.263419E-06
74 1.283929E+01 5.178571E-01 1.455860E+00 3.443778E-05 2.779770E-05 3.012038E-05 3.293357E-05 2.639876E-05 2.308133E-05 1.581889E-05 6.976751E-06 3.456807E-06
75 1.335714E+01 5.178571E-01 1.455837E+00 3.647806E-05 2.944459E-05 3.190488E-05 3.488474E-05 2.796277E-05 2.444880E-05 1.675609E-05 7.390093E-06 3.661608E-06
76 1.387500E+01 5.178571E-01 1.455829E+00 3.863869E-05 3.118862E-05 3.379463E-05 3.695100E-05 2.961903E-05 2.589692E-05 1.774857E-05 7.827816E-06 3.878489E-06
77 1.439286E+01 5.178571E-01 1.455836E+00 4.092672E-05 3.303549E-05 3.579582E-05 3.913909E-05 3.137295E-05 2.743044E-05 1.879957E-05 8.291348E-06 4.108157E-06
78 1.491071E+01 5.178571E-01 1.455851E+00 4.334961E-05 3.499121E-05 3.791495E-05 4.145615E-05 3.323026E-05 2.905434E-05 1.991252E-05 8.782201E-06 4.351363E-06
79 1.542857E+01 5.178571E-01 1.455864E+00 4.591526E-05 3.706216E-05 4.015895E-05 4.390974E-05 3.519699E-05 3.077392E-05 2.109104E-05 9.301976E-06 4.608898E-06
80 1.594643E+01 5.178571E-01 1.455871E+00 4.863199E-05 3.925507E-05 4.253509E-05 4.650780E-05 3.727954E-05 3.259476E-05 2.233896E-05 9.852359E-06 4.881599E-06
81 1.646429E+01 5.178571E-01 1.455870E+00 5.150860E-05 4.157704E-05 4.505107E-05 4.925877E-05 3.948464E-05 3.452276E-05 2.366032E-05 1.043513E-05 5.170349E-06
82 1.698214E+01 5.178571E-01 1.455867E+00 5.455439E-05 4.403555E-05 4.771501E-05 5.217152E-05 4.181943E-05 3.656415E-05 2.505940E-05 1.105218E-05 5.476080E-06
83 1.750000E+01 5.178571E-01 1.455862E+00 5.777916E-05 4.663855E-05 5.053550E-05 5.525544E-05 4.429143E-05 3.872550E-05 2.654069E-05 1.170549E-05 5.799777E-06
84 1.801786E+01 5.178571E-01 1.455857E+00 6.119330E-05 4.939439E-05 5.352161E-05 5.852045E-05 4.690858E-05 4.101376E-05 2.810896E-05 1.239716E-05 6.142483E-06
85 1.853571E+01 5.178571E-01 1.455855E+00 6.480777E-05 5.231193E-05 5.668294E-05 6.197704E-05 4.967930E-05 4.343630E-05 2.976925E-05 1.312941E-05 6.505297E-06
86 1.905357E+01 5.178571E-01 1.455854E+00 6.863414E-05 5.540053E-05 6.002961E-05 6.563628E-05 5.261246E-05 4.600086E-05 3.152689E-05 1.390460E-05 6.889382E-06
87 1.957143E+01 5.178571E-01 1.455856E+00 7.268466E-05 5.867006E-05 6.357232E-05 6.950988E-05 5.571745E-05 4.871565E-05 3.338748E-05 1.472519E-05 7.295967E-06
88 2.008929E+01 5.178571E-01 1.455859E+00 7.697225E-05 6.213094E-05 6.732239E-05 7.361020E-05 5.900416E-05 5.158934E-05 3.535697E-05 1.559381E-05 7.726348E-06
89 2.060714E+01 5.178571E-01 1.455861E+00 8.151055E-05 6.579420E-05 7.129173E-05 7.795027E-05 6.248306E-05 5.463106E-05 3.744163E-05 1.651323E-05 8.181895E-06
90 2.112500E+01 5.178571E-01 1.455861E+00 8.631396E-05 6.967143E-05 7.549294E-05 8.254386E-05 6.616517E-05 5.785045E-05 3.964806E-05 1.748635E-05 8.664053E-06
91 2.164286E+01 5.178571E-01 1.455861E+00 9.139764E-05 7.377491E-05 7.993929E-05 8.740550E-05 7.006214E-05 6.125770E-05 4.198323E-05 1.851625E-05 9.174344E-06
92 2.216071E+01 5.178571E-01 1.455860E+00 9.677761E-05 7.811755E-05 8.464478E-05 9.255048E-05 7.418624E-05 6.486354E-05 4.445451E-05 1.960618E-05 9.714377E-06
93 2.267857E+01 5.178571E-01 1.455859E+00 1.024708E-04 8.271298E-05 8.962419E-05 9.799496E-05 7.855040E-05 6.867927E-05 4.706964E-05 2.075956E-05 1.028585E-05
94 2.319643E+01 5.178571E-01 1.455859E+00 1.084949E-04 8.757558E-05 9.489309E-05 1.037560E-04 8.316828E-05 7.271684E-05 4.983680E-05 2.197999E-05 1.089054E-05
95 2.371429E+01 5.178571E-01 1.455858E+00 1.148688E-04 9.272048E-05 1.004679E-04 1.098514E-04 8.805426E-05 7.698882E-05 5.276462E-05 2.327127E-05 1.153034E-05
96 2.423214E+01 5.178571E-01 1.455859E+00 1.216121E-04 9.816364E-05 1.063659E-04 1.163003E-04 9.322350E-05 8.150846E-05 5.586217E-05 2.463741E-05 1.220723E-05
97 2.475000E+01 5.178571E-01 1.455859E+00 1.287459E-04 1.039219E-04 1.126052E-04 1.231224E-04 9.869195E-05 8.628972E-05 5.913903E-05 2.608263E-05 1.292330E-05
98 2.526786E+01 5.178571E-01 1.455859E+00 1.362919E-04 1.100129E-04 1.192052E-04 1.303388E-04 1.044764E-04 9.134728E-05 6.260526E-05 2.761138E-05 1.368075E-05
99 2.578571E+01 5.178571E-01 1.455860E+00 1.442732E-04 1.164553E-04 1.261859E-04 1.379715E-04 1.105946E-04 9.669663E-05 6.627145E-05 2.922831E-05 1.448190E-05
100 2.630357E+01 5.178571E-01 1.455860E+00 1.527141E-04 1.232687E-04 1.335686E-04 1.460437E-04 1.170651E-04 1.023540E-04 7.014877E-05 3.093836E-05 1.532919E-05
101 2.682143E+01 5.178571E-01 1.455860E+00 1.616402E-04 1.304737E-04 1.413757E-04 1.545799E-04 1.239076E-04 1.083366E-04 7.424894E-05 3.274670E-05 1.622518E-05
102 2.733929E+01 5.178571E-01 1.455859E+00 1.710782E-04 1.380920E-04 1.496305E-04 1.636057E-04 1.311424E-04 1.146623E-04 7.858427E-05 3.465875E-05 1.717255E-05
103 2.785714E+01 5.178571E-01 1.455859E+00 1.810564E-04 1.461462E-04 1.583577E-04 1.731481E-04 1.387913E-04 1.213500E-04 8.316772E-05 3.668023E-05 1.817414E-05
104 2.837500E+01 5.178571E-01 1.455859E+00 1.916043E-04 1.546604E-04 1.675832E-04 1.832353E-04 1.468770E-04 1.284195E-04 8.801287E-05 3.881713E-05 1.923293E-05
105 2.889286E+01 5.178571E-01 1.455859E+00 2.027530E-04 1.636594E-04 1.773343E-04 1.938970E-04 1.554232E-04 1.358918E-04 9.313400E-05 4.107575E-05 2.035202E-05
106 2.941071E+01 5.178571E-01 1.455859E+00 2.145351E-04 1.731698E-04 1.876392E-04 2.051645E-04 1.644549E-04 1.437885E-04 9.854606E-05 4.346268E-05 2.153468E-05
107 2.992857E+01 5.178571E-01 1.455859E+00 2.269846E-04 1.832189E-04 1.985280E-04 2.170702E-04 1.739983E-04 1.521326E-04 1.042647E-04 4.598484E-05 2.278435E-05
108 3.044643E+01 5.178571E-01 1.455859E+00 2.401374E-04 1.938356E-04 2.100319E-04 2.296485E-04 1.840807E-04 1.609480E-04 1.103064E-04 4.864946E-05 2.410460E-05
109 3.096429E+01 5.178571E-01 1.455859E+00 2.540309E-04 2.050502E-04 2.221835E-04 2.429351E-04 1.947309E-04 1.702599E-04 1.166883E-04 5.146413E-05 2.549920E-05
110 3.148214E+01 5.178571E-01 1.455859E+00 2.687041E-04 2.168942E-04 2.350172E-04 2.569674E-04 2.059789E-04 1.800943E-04 1.234284E-04 5.443678E-05 2.697207E-05
111 3.200000E+01 5.178571E-01 1.455859E+00 2.841980E-04 2.294007E-04 2.485686E-04 2.717845E-04 2.178559E-04 1.904788E-04 1.305455E-04 5.757569E-05 2.852732E-05
112 3.251786E+01 5.178571E-01 1.455859E+00 3.005552E-04 2.426040E-04 2.628751E-04 2.874273E-04 2.303948E-04 2.014420E-04 1.380591E-04 6.088949E-05 3.016923E-05
113 3.303571E+01 5.178571E-01 1.455859E+00 3.178202E-04 2.565401E-04 2.779757E-04 3.039382E-04 2.436295E-04 2.130135E-04 1.459898E-04 6.438721E-05 3.190227E-05
114 3.355357E+01 5.178571E-01 1.455859E+00 3.360394E-04 2.712464E-04 2.939108E-04 3.213616E-04 2.575957E-04 2.252247E-04 1.543587E-04 6.807824E-05 3.373108E-05
115 3.407143E+01 5.178571E-01 1.455859E+00 3.552611E-04 2.867618E-04 3.107226E-04 3.397437E-04 2.723303E-04 2.381076E-04 1.631881E-04 7.197236E-05 3.566052E-05
116 3.458929E+01 5.178571E-01 1.455859E+00 3.755353E-04 3.031269E-04 3.284552E-04 3.591324E-04 2.878719E-04 2.516961E-04 1.725010E-04 7.607973E-05 3.769562E-05
117 3.510714E+01 5.178571E-01 1.455859E+00 3.969142E-04 3.203837E-04 3.471538E-04 3.795775E-04 3.042602E-04 2.660250E-04 1.823214E-04 8.041088E-05 3.984160E-05
118 3.562500E+01 5.178571E-01 1.455859E+00 4.194517E-04 3.385757E-04 3.668659E-04 4.011306E-04 3.215366E-04 2.811304E-04 1.926739E-04 8.497676E-05 4.210388E-05
119 3.614286E+01 5.178571E-01 1.455859E+00 4.432037E-04 3.577480E-04 3.876401E-04 4.238451E-04 3.397441E-04 2.970497E-04 2.035843E-04 8.978868E-05 4.448806E-05
120 3.666071E+01 5.178571E-01 1.455859E+00 4.682279E-04 3.779471E-04 4.095271E-04 4.477763E-04 3.589267E-04 3.138218E-04 2.150791E-04 9.485833E-05 4.699995E-05
121 3.717857E+01 5.178571E-01 1.455859E+00 4.945839E-04 3.992213E-04 4.325788E-04 4.729810E-04 3.791302E-04 3.314864E-04 2.271856E-04 1.001978E-04 4.964551E-05
122 3.769643E+01 5.178571E-01 1.455859E+00 5.223328E-04 4.216198E-04 4.568489E-04 4.995179E-04 4.004015E-04 3.500846E-04 2.399320E-04 1.058194E-04 5.243090E-05
123 3.821429E+01 5.178571E-01 1.455859E+00 5.515377E-04 4.451936E-04 4.823925E-04 5.274472E-04 4.227890E-04 3.696587E-04 2.533472E-04 1.117361E-04 5.536245E-05
124 3.873214E+01 5.178571E-01 1.455859E+00 5.822632E-04 4.699948E-04 5.092659E-04 5.568306E-04 4.463420E-04 3.902519E-04 2.674609E-04 1.179607E-04 5.844662E-05
125 3.925000E+01 5.178571E-01 1.455859E+00 6.145752E-04 4.960766E-04 5.375271E-04 5.877313E-04 4.711113E-04 4.119085E-04 2.823033E-04 1.245068E-04 6.169005E-05
126 3.976786E+01 5.178571E-01 1.455859E+00 6.485411E-04 5.234934E-04 5.672347E-04 6.202136E-04 4.971483E-04 4.346736E-04 2.979054E-04 1.313880E-04 6.509949E-05
127 4.028571E+01 5.178571E-01 1.455859E+00 6.842292E-04 5.523004E-04 5.984487E-04 6.543429E-04 5.245055E-04 4.585930E-04 3.142987E-04 1.386181E-04 6.868180E-05
128 4.080357E+01 5.178571E-01 1.455859E+00 7.217090E-04 5.825536E-04 6.312297E-04 6.901856E-04 5.532362E-04 4.837131E-04 3.315149E-04 1.462111E-04 7.244396E-05
129 4.132143E+01 5.178571E-01 1.455859E+00 7.610503E-04 6.143093E-04 6.656389E-04 7.278086E-04 5.833938E-04 5.100810E-04 3.495862E-04 1.541812E-04 7.639298E-05
130 4.183929E+01 5.178571E-01 1.455859E+00 8.023236E-04 6.476246E-04 7.017378E-04 7.672791E-04 6.150324E-04 5.377437E-04 3.685450E-04 1.625428E-04 8.053592E-05
131 4.235714E+01 5.178571E-01 1.455859E+00 8.455992E-04 6.825560E-04 7.395880E-04 8.086645E-04 6.482060E-04 5.667484E-04 3.884235E-04 1.713100E-04 8.487986E-05
132 4.287500E+01 5.178571E-01 1.455859E+00 8.909472E-04 7.191603E-04 7.792509E-04 8.520317E-04 6.829681E-04 5.971422E-04 4.092540E-04 1.804971E-04 8.943182E-05
133 4.339286E+01 5.178571E-01 1.455859E+00 9.384370E-04 7.574934E-04 8.207869E-04 8.974472E-04 7.193720E-04 6.289713E-04 4.310682E-04 1.901180E-04 9.419876E-05
134 4.391071E+01 5.178571E-01 1.455859E+00 9.881365E-04 7.976102E-04 8.642557E-04 9.449759E-04 7.574699E-04 6.622816E-04 4.538976E-04 2.001867E-04 9.918752E-05
135 4.442857E+01 5.178571E-01 1.455859E+00 1.040112E-03 8.395643E-04 9.097154E-04 9.946814E-04 7.973127E-04 6.971175E-04 4.777725E-04 2.107164E-04 1.044048E-04
136 4.494643E+01 5.178571E-01 1.455859E+00 1.094428E-03 8.834074E-04 9.572219E-04 1.046625E-03 8.389494E-04 7.335219E-04 5.027224E-04 2.217203E-04 1.098569E-04
137 4.546429E+01 5.178571E-01 1.455859E+00 1.151146E-03 9.291889E-04 1.006829E-03 1.100865E-03 8.824269E-04 7.715357E-04 5.287753E-04 2.332107E-04 1.155501E-04
138 4.598214E+01 5.178571E-01 1.455859E+00 1.210322E-03 9.769551E-04 1.058586E-03 1.157456E-03 9.277892E-04 8.111975E-04 5.559577E-04 2.451992E-04 1.214901E-04
139 4.650000E+01 5.178571E-01 1.455859E+00 1.272010E-03 1.026749E-03 1.112540E-03 1.216450E-03 9.750771E-04 8.525429E-04 5.842940E-04 2.576966E-04 1.276823E-04
140 4.701786E+01 5.178571E-01 1.455859E+00 1.336258E-03 1.078609E-03 1.168734E-03 1.277892E-03 1.024327E-03 8.956039E-04 6.138060E-04 2.707125E-04 1.341314E-04
141 4.753571E+01 5.178571E-01 1.455859E+00 1.403107E-03 1.132569E-03 1.227202E-03 1.341821E-03 1.075571E-03 9.404086E-04 6.445131E-04 2.842556E-04 1.408416E-04
142 4.805357E+01 5.178571E-01 1.455859E+00 1.472593E-03 1.188657E-03 1.287977E-03 1.408272E-03 1.128837E-03 9.869802E-04 6.764311E-04 2.983327E-04 1.478164E-04
143 4.857143E+01 5.178571E-01 1.455859E+00 1.544742E-03 1.246894E-03 1.351080E-03 1.477269E-03 1.184143E-03 1.035337E-03 7.095725E-04 3.129493E-04 1.550586E-04
144 4.908929E+01 5.178571E-01 1.455859E+00 1.619571E-03 1.307296E-03 1.416529E-03 1.548831E-03 1.241505E-03 1.085490E-03 7.439453E-04 3.281091E-04 1.625699E-04
145 4.960714E+01 5.178571E-01 1.455859E+00 1.697090E-03 1.369868E-03 1.484329E-03 1.622963E-03 1.300928E-03 1.137445E-03 7.795532E-04 3.438135E-04 1.703511E-04
146 5.012500E+01 5.178571E-01 1.455859E+00 1.777293E-03 1.434607E-03 1.554477E-03 1.699663E-03 1.362409E-03 1.191200E-03 8.163943E-04 3.600619E-04 1.784018E-04
147 5.064286E+01 5.178571E-01 1.455859E+00 1.860166E-03 1.501500E-03 1.626960E-03 1.778916E-03 1.425936E-03 1.246744E-03 8.544615E-04 3.768511E-04 1.867204E-04
148 5.116071E+01 5.178571E-01 1.455859E+00 1.945677E-03 1.570524E-03 1.701751E-03 1.860692E-03 1.491486E-03 1.304057E-03 8.937411E-04 3.941749E-04 1.953039E-04
149 5.167857E+01 5.178571E-01 1.455859E+00 2.033784E-03 1.641643E-03 1.778813E-03 1.944951E-03 1.559026E-03 1.363109E-03 9.342128E-04 4.120245E-04 2.041479E-04
150 5.219643E+01 5.178571E-01 1.455859E+00 2.124427E-03 1.714808E-03 1.858091E-03 2.031634E-03 1.628509E-03 1.423861E-03 9.758490E-04 4.303877E-04 2.132464E-04
151 5.271429E+01 5.178571E-01 1.455859E+00 2.217527E-03 1.789957E-03 1.939519E-03 2.120668E-03 1.699876E-03 1.486259E-03 1.018614E-03 4.492489E-04 2.225917E-04
152 5.323214E+01 5.178571E-01 1.455859E+00 2.312989E-03 1.867013E-03 2.023014E-03 2.211960E-03 1.773054E-03 1.550241E-03 1.062465E-03 4.685886E-04 2.321740E-04
153 5.375000E+01 5.178571E-01 1.455859E+00 2.410699E-03 1.945883E-03 2.108474E-03 2.305403E-03 1.847955E-03 1.615730E-03 1.107348E-03 4.883838E-04 2.419820E-04
154 5.426786E+01 5.178571E-01 1.455859E+00 2.510523E-03 2.026459E-03 2.195783E-03 2.400866E-03 1.924477E-03 1.682635E-03 1.153201E-03 5.086070E-04 2.520022E-04
155 5.478571E+01 5.178571E-01 1.455859E+00 2.612304E-03 2.108616E-03 2.284804E-03 2.498202E-03 2.002498E-03 1.750852E-03 1.199954E-03 5.292268E-04 2.622188E-04
156 5.530357E+01 5.178571E-01 1.455859E+00 2.715865E-03 2.192209E-03 2.375382E-03 2.597239E-03 2.081885E-03 1.820262E-03 1.247525E-03 5.502073E-04 2.726141E-04
157 5.582143E+01 5.178571E-01 1.455859E+00 2.821007E-03 2.277078E-03 2.467343E-03 2.697789E-03 2.162483E-03 1.890732E-03 1.295821E-03 5.715080E-04 2.831681E-04
158 5.633929E+01 5.178571E-01 1.455859E+00 2.927508E-03 2.363044E-03 2.560492E-03 2.799638E-03 2.244122E-03 1.962112E-03 1.344742E-03 5.930840E-04 2.938584E-04
159 5.685714E+01 5.178571E-01 1.455859E+00 3.035122E-03 2.449909E-03 2.654615E-03 2.902552E-03 2.326616E-03 2.034239E-03 1.394174E-03 6.148857E-04 3.046606E-04
160 5.737500E+01 5.178571E-01 1.455859E+00 3.143584E-03 2.537458E-03 2.749479E-03 3.006276E-03 2.409758E-03 2.106933E-03 1.443996E-03 6.368589E-04 3.155478E-04
161 5.789286E+01 5.178571E-01 1.455859E+00 3.252603E-03 2.625456E-03 2.844830E-03 3.110533E-03 2.493328E-03 2.180001E-03 1.494073E-03 6.589450E-04 3.264909E-04
162 5.841071E+01 5.178571E-01 1.455859E+00 3.361869E-03 2.713654E-03 2.940398E-03 3.215026E-03 2.577088E-03 2.253235E-03 1.544264E-03 6.810812E-04 3.374588E-04
163 5.892857E+01 5.178571E-01 1.455859E+00 3.471050E-03 2.801784E-03 3.035891E-03 3.319439E-03 2.660782E-03 2.326412E-03 1.594417E-03 7.032004E-04 3.484183E-04
164 5.944643E+01 5.178571E-01 1.455859E+00 3.579798E-03 2.889564E-03 3.131005E-03 3.423437E-03 2.744144E-03 2.399298E-03 1.644369E-03 7.252315E-04 3.593342E-04
165 5.996429E+01 5.178571E-01 1.455859E+00 3.687744E-03 2.976696E-03 3.225418E-03 3.526667E-03 2.826892E-03 2.471647E-03 1.693954E-03 7.471002E-04 3.701696E-04
166 6.048214E+01 5.178571E-01 1.455859E+00 3.794505E-03 3.062872E-03 3.318795E-03 3.628765E-03 2.908731E-03 2.543202E-03 1.742994E-03 7.687290E-04 3.808861E-04
167 6.100000E+01 5.178571E-01 1.455859E+00 3.899685E-03 3.147772E-03 3.410789E-03 3.729351E-03 2.989358E-03 2.613697E-03 1.791309E-03 7.900375E-04 3.914440E-04
168 6.151786E+01 5.178571E-01 1.455859E+00 4.002879E-03 3.231068E-03 3.501045E-03 3.828038E-03 3.068463E-03 2.682861E-03 1.838710E-03 8.109434E-04 4.018024E-04
169 6.203571E+01 5.178571E-01 1.455859E+00 4.103671E-03 3.312427E-03 3.589202E-03 3.924428E-03 3.145727E-03 2.750416E-03 1.885009E-03 8.313631E-04 4.119198E-04
170 6.255357E+01 5.178571E-01 1.455859E+00 4.201645E-03 3.391510E-03 3.674893E-03 4.018123E-03 3.220830E-03 2.816081E-03 1.930013E-03 8.512117E-04 4.217543E-04
171 6.307143E+01 5.178571E-01 1.455859E+00 4.296382E-03 3.467980E-03 3.757753E-03 4.108721E-03 3.293452E-03 2.879577E-03 1.973530E-03 8.704044E-04 4.312638E-04
172 6.358929E+01 5.178571E-01 1.455859E+00 4.387466E-03 3.541502E-03 3.837417E-03 4.195827E-03 3.363274E-03 2.940624E-03 2.015369E-03 8.888570E-04 4.404066E-04
173 6.410714E+01 5.178571E-01 1.455859E+00 4.474487E-03 3.611744E-03 3.913529E-03 4.279047E-03 3.429981E-03 2.998949E-03 2.055342E-03 9.064867E-04 4.491417E-04
174 6.462500E+01 5.178571E-01 1.455859E+00 4.557048E-03 3.678386E-03 3.985740E-03 4.358002E-03 3.493269E-03 3.054284E-03 2.093266E-03 9.232127E-04 4.574290E-04
175 6.514286E+01 5.178571E-01 1.455859E+00 4.634765E-03 3.741118E-03 4.053713E-03 4.432324E-03 3.552844E-03 3.106372E-03 2.128965E-03 9.389573E-04 4.652300E-04
176 6.566071E+01 5.178571E-01 1.455859E+00 4.707271E-03 3.799645E-03 4.117130E-03 4.501663E-03 3.608425E-03 3.154968E-03 2.162271E-03 9.536465E-04 4.725082E-04
177 6.617857E+01 5.178571E-01 1.455859E+00 4.774225E-03 3.853689E-03 4.175690E-03 4.565693E-03 3.659749E-03 3.199843E-03 2.193026E-03 9.672107E-04 4.792289E-04
178 6.669643E+01 5.178571E-01 1.455859E+00 4.835309E-03 3.902995E-03 4.229116E-03 4.624109E-03 3.706574E-03 3.240783E-03 2.221085E-03 9.795856E-04 4.853604E-04
179 6.721429E+01 5.178571E-01 1.455859E+00 4.890235E-03 3.947330E-03 4.277155E-03 4.676635E-03 3.748678E-03 3.277596E-03 2.246315E-03 9.907131E-04 4.908737E-04
180 6.773214E+01 5.178571E-01 1.455859E+00 4.938747E-03 3.986488E-03 4.319585E-03 4.723028E-03 3.785866E-03 3.310111E-03 2.268599E-03 1.000541E-03 4.957433E-04
181 6.825000E+01 5.178571E-01 1.455859E+00 4.980624E-03 4.020291E-03 4.356213E-03 4.763077E-03 3.817967E-03 3.338178E-03 2.287835E-03 1.009025E-03 4.999469E-04
182 6.876786E+01 5.178571E-01 1.455859E+00 5.015684E-03 4.048591E-03 4.386877E-03 4.796605E-03 3.844843E-03 3.361676E-03 2.303939E-03 1.016128E-03 5.034661E-04
183 6.928571E+01 5.178571E-01 1.455859E+00 5.043781E-03 4.071270E-03 4.411452E-03 4.823475E-03 3.866381E-03 3.380508E-03 2.316846E-03 1.021820E-03 5.062864E-04
184 6.980357E+01 5.178571E-01 1.455859E+00 5.064812E-03 4.088247E-03 4.429846E-03 4.843587E-03 3.882503E-03 3.394604E-03 2.326506E-03 1.026081E-03 5.083975E-04
185 7.032143E+01 5.178571E-01 1.455859E+00 5.078715E-03 4.099469E-03 4.442006E-03 4.856883E-03 3.893161E-03 3.403922E-03 2.332893E-03 1.028897E-03 5.097931E-04
186 7.083929E+01 5.178571E-01 1.455859E+00 5.085469E-03 4.104921E-03 4.447914E-03 4.863342E-03 3.898338E-03 3.408449E-03 2.335995E-03 1.030266E-03 5.104710E-04
187 7.135714E+01 5.178571E-01 1.455859E+00 5.085095E-03 4.104619E-03 4.447586E-03 4.862984E-03 3.898051E-03 3.408198E-03 2.335823E-03 1.030190E-03 5.104335E-04
188 7.187500E+01 5.178571E-01 1.455859E+00 5.077655E-03 4.098613E-03 4.441079E-03 4.855869E-03 3.892347E-03 3.403211E-03 2.332405E-03 1.028682E-03 5.096866E-04
189 7.239286E+01 5.178571E-01 1.455859E+00 5.063249E-03 4.086985E-03 4.428479E-03 4.842092E-03 3.881304E-03 3.393556E-03 2.325788E-03 1.025764E-03 5.082406E-04
190 7.291071E+01 5.178571E-01 1.455859E+00 5.042017E-03 4.069847E-03 4.409909E-03 4.821788E-03 3.865029E-03 3.379326E-03 2.316035E-03 1.021463E-03 5.061094E-04
191 7.342857E+01 5.178571E-01 1.455859E+00 5.014134E-03 4.047340E-03 4.385522E-03 4.795123E-03 3.843655E-03 3.360638E-03 2.303228E-03 1.015814E-03 5.033105E-04
192 7.394643E+01 5.178571E-01 1.455859E+00 4.979809E-03 4.019634E-03 4.355500E-03 4.762297E-03 3.817343E-03 3.337632E-03 2.287461E-03 1.008860E-03 4.998651E-04
193 7.446429E+01 5.178571E-01 1.455859E+00 4.939282E-03 3.986920E-03 4.320053E-03 4.723540E-03 3.786276E-03 3.310469E-03 2.268844E-03 1.000649E-03 4.957970E-04
194 7.498214E+01 5.178571E-01 1.455859E+00 4.892818E-03 3.949416E-03 4.279415E-03 4.679106E-03 3.750659E-03 3.279328E-03 2.247502E-03 9.912364E-04 4.911331E-04
195 7.550000E+01 5.178571E-01 1.455859E+00 4.840711E-03 3.907355E-03 4.233840E-03 4.629275E-03 3.710715E-03 3.244404E-03 2.223566E-03 9.806800E-04 4.859026E-04
196 7.601786E+01 5.178571E-01 1.455859E+00 4.783272E-03 3.860991E-03 4.183602E-03 4.574345E-03 3.666684E-03 3.205906E-03 2.197182E-03 9.690435E-04 4.801370E-04
197 7.653571E+01 5.178571E-01 1.455859E+00 4.720832E-03 3.810591E-03 4.128991E-03 4.514632E-03 3.618820E-03 3.164057E-03 2.168500E-03 9.563938E-04 4.738694E-04
198 7.705357E+01 5.178571E-01 1.455859E+00 4.653737E-03 3.756432E-03 4.070306E-03 4.450467E-03 3.567387E-03 3.119087E-03 2.137680E-03 9.428008E-04 4.671344E-04
199 7.757143E+01 5.178571E-01 1.455859E+00 4.582340E-03 3.698802E-03 4.007861E-03 4.382189E-03 3.512657E-03 3.071235E-03 2.104884E-03 9.283366E-04 4.599677E-04
200 7.808929E+01 5.178571E-01 1.455859E+00 4.507006E-03 3.637993E-03 3.941971E-03 4.310145E-03 3.454908E-03 3.020743E-03 2.070280E-03 9.130746E-04 4.524058E-04
201 7.860714E+01 5.178571E-01 1.455859E+00 4.428100E-03 3.574302E-03 3.872958E-03 4.234686E-03 3.394423E-03 2.967859E-03 2.034035E-03 8.970892E-04 4.444854E-04
202 7.912500E+01 5.178571E-01 1.455859E+00 4.345993E-03 3.508026E-03 3.801144E-03 4.156165E-03 3.331482E-03 2.912828E-03 1.996319E-03 8.804550E-04 4.362436E-04
203 7.964286E+01 5.178571E-01 1.455859E+00 4.261050E-03 3.439460E-03 3.726850E-03 4.074932E-03 3.266367E-03 2.855896E-03 1.957300E-03 8.632463E-04 4.277171E-04
204 8.016071E+01 5.178571E-01 1.455859E+00 4.173632E-03 3.368898E-03 3.650392E-03 3.991333E-03 3.199356E-03 2.797306E-03 1.917145E-03 8.455364E-04 4.189423E-04
205 8.067857E+01 5.178571E-01 1.455859E+00 4.084096E-03 3.296626E-03 3.572080E-03 3.905707E-03 3.130721E-03 2.737295E-03 1.876017E-03 8.273972E-04 4.099548E-04
206 8.119643E+01 5.178571E-01 1.455859E+00 3.992786E-03 3.222922E-03 3.492218E-03 3.818386E-03 3.060727E-03 2.676097E-03 1.834075E-03 8.088989E-04 4.007893E-04
207 8.171429E+01 5.178571E-01 1.455859E+00 3.900039E-03 3.148058E-03 3.411099E-03 3.729690E-03 2.989630E-03 2.613935E-03 1.791471E-03 7.901092E-04 3.914795E-04
208 8.223214E+01 5.178571E-01 1.455859E+00 3.806176E-03 3.072293E-03 3.329003E-03 3.639927E-03 2.917678E-03 2.551025E-03 1.748356E-03 7.710936E-04 3.820577E-04
209 8.275000E+01 5.178571E-01 1.455859E+00 3.711506E-03 2.995877E-03 3.246202E-03 3.549392E-03 2.845107E-03 2.487574E-03 1.704869E-03 7.519143E-04 3.725549E-04
210 8.326786E+01 5.178571E-01 1.455859E+00 3.616322E-03 2.919045E-03 3.162950E-03 3.458365E-03 2.772142E-03 2.423778E-03 1.661147E-03 7.326309E-04 3.630004E-04
211 8.378571E+01 5.178571E-01 1.455859E+00 3.520900E-03 2.842022E-03 3.079492E-03 3.367111E-03 2.698995E-03 2.359823E-03 1.617315E-03 7.132994E-04 3.534222E-04
212 8.430357E+01 5.178571E-01 1.455859E+00 3.425501E-03 2.765017E-03 2.996052E-03 3.275879E-03 2.625866E-03 2.295883E-03 1.573494E-03 6.939725E-04 3.438461E-04
213 8.482143E+01 5.178571E-01 1.455859E+00 3.330367E-03 2.688227E-03 2.912846E-03 3.184901E-03 2.552940E-03 2.232122E-03 1.529794E-03 6.746994E-04 3.342968E-04
214 8.533929E+01 5.178571E-01 1.455859E+00 3.235725E-03 2.611832E-03 2.830068E-03 3.094392E-03 2.480390E-03 2.168689E-03 1.486320E-03 6.555257E-04 3.247967E-04
215 8.585714E+01 5.178571E-01 1.455859E+00 3.141781E-03 2.536002E-03 2.747902E-03 3.004551E-03 2.408376E-03 2.105725E-03 1.443168E-03 6.364936E-04 3.153668E-04
216 8.637500E+01 5.178571E-01 1.455859E+00 3.048726E-03 2.460889E-03 2.666513E-03 2.915561E-03 2.337043E-03 2.043356E-03 1.400423E-03 6.176415E-04 3.060261E-04
217 8.689286E+01 5.178571E-01 1.455859E+00 2.956733E-03 2.386634E-03 2.586053E-03 2.827586E-03 2.266525E-03 1.981700E-03 1.358166E-03 5.990047E-04 2.967920E-04
218 8.741071E+01 5.178571E-01 1.455859E+00 2.865958E-03 2.313362E-03 2.506658E-03 2.740776E-03 2.196940E-03 1.920859E-03 1.316469E-03 5.806146E-04 2.876801E-04
219 8.792857E+01 5.178571E-01 1.455859E+00 2.776541E-03 2.241186E-03 2.428451E-03 2.655265E-03 2.128397E-03 1.860929E-03 1.275396E-03 5.624997E-04 2.787046E-04
220 8.844643E+01 5.178571E-01 1.455859E+00 2.688607E-03 2.170206E-03 2.351541E-03 2.571172E-03 2.060989E-03 1.801993E-03 1.235003E-03 5.446850E-04 2.698779E-04
221 8.896429E+01 5.178571E-01 1.455859E+00 2.602263E-03 2.100511E-03 2.276022E-03 2.488599E-03 1.994801E-03 1.744122E-03 1.195342E-03 5.271926E-04 2.612109E-04
222 8.948214E+01 5.178571E-01 1.455859E+00 2.517605E-03 2.032176E-03 2.201977E-03 2.407639E-03 1.929905E-03 1.687381E-03 1.156454E-03 5.100417E-04 2.527130E-04
223 9.000000E+01 5.178571E-01 1.455859E+00 2.434712E-03 1.965266E-03 2.129477E-03 2.328367E-03 1.866363E-03 1.631824E-03 1.118378E-03 4.932485E-04 2.443924E-04
224 9.051786E+01 5.178571E-01 1.455859E+00 2.353653E-03 1.899837E-03 2.058580E-03 2.250849E-03 1.804226E-03 1.577496E-03 1.081144E-03 4.768268E-04 2.362559E-04
225 9.103571E+01 5.178571E-01 1.455859E+00 2.274484E-03 1.835932E-03 1.989336E-03 2.175137E-03 1.743538E-03 1.524434E-03 1.044777E-03 4.607879E-04 2.283090E-04
226 9.155357E+01 5.178571E-01 1.455859E+00 2.197248E-03 1.773588E-03 1.921783E-03 2.101275E-03 1.684331E-03 1.472668E-03 1.009299E-03 4.451406E-04 2.205561E-04
227 9.207143E+01 5.178571E-01 1.455859E+00 2.121979E-03 1.712832E-03 1.855951E-03 2.029294E-03 1.626633E-03 1.422220E-03 9.747249E-04 4.298919E-04 2.130008E-04
228 9.258929E+01 5.178571E-01 1.455859E+00 2.048702E-03 1.653684E-03 1.791860E-03 1.959217E-03 1.570461E-03 1.373107E-03 9.410651E-04 4.150467E-04 2.056453E-04
229 9.310714E+01 5.178571E-01 1.455859E+00 1.977431E-03 1.596155E-03 1.729524E-03 1.891059E-03 1.515828E-03 1.325339E-03 9.083271E-04 4.006079E-04 1.984913E-04
230 9.362500E+01 5.178571E-01 1.455859E+00 1.908174E-03 1.540251E-03 1.668949E-03 1.824827E-03 1.462737E-03 1.278921E-03 8.765139E-04 3.865770E-04 1.915393E-04
231 9.414286E+01 5.178571E-01 1.455859E+00 1.840929E-03 1.485973E-03 1.610135E-03 1.760520E-03 1.411190E-03 1.233851E-03 8.456253E-04 3.729540E-04 1.847894E-04
232 9.466071E+01 5.178571E-01 1.455859E+00 1.775691E-03 1.433313E-03 1.553076E-03 1.698131E-03 1.361181E-03 1.190126E-03 8.156582E-04 3.597373E-04 1.782409E-04
233 9.517857E+01 5.178571E-01 1.455859E+00 1.712445E-03 1.382262E-03 1.497759E-03 1.637647E-03 1.312699E-03 1.147737E-03 7.866064E-04 3.469243E-04 1.718924E-04
234 9.569643E+01 5.178571E-01 1.455859E+00 1.651173E-03 1.332804E-03 1.444169E-03 1.579052E-03 1.265730E-03 1.106670E-03 7.584614E-04 3.345113E-04 1.657420E-04
235 9.621429E+01 5.178571E-01 1.455859E+00 1.591852E-03 1.284921E-03 1.392285E-03 1.522322E-03 1.220257E-03 1.066912E-03 7.312126E-04 3.224935E-04 1.597875E-04
236 9.673214E+01 5.178571E-01 1.455859E+00 1.534455E-03 1.238591E-03 1.342083E-03 1.467432E-03 1.176258E-03 1.028442E-03 7.048473E-04 3.108653E-04 1.540261E-04
237 9.725000E+01 5.178571E-01 1.455859E+00 1.478950E-03 1.193788E-03 1.293537E-03 1.414351E-03 1.133710E-03 9.912409E-04 6.793512E-04 2.996206E-04 1.484546E-04
238 9.776786E+01 5.178571E-01 1.455859E+00 1.425303E-03 1.150485E-03 1.246616E-03 1.363048E-03 1.092586E-03 9.552851E-04 6.547087E-04 2.887523E-04 1.430696E-04
239 9.828571E+01 5.178571E-01 1.455859E+00 1.373478E-03 1.108652E-03 1.201287E-03 1.313486E-03 1.052859E-03 9.205498E-04 6.309028E-04 2.782529E-04 1.378674E-04
240 9.880357E+01 5.178571E-01 1.455859E+00 1.323434E-03 1.068258E-03 1.157518E-03 1.265628E-03 1.014497E-03 8.870090E-04 6.079155E-04 2.681146E-04 1.328441E-04
241 9.932143E+01 5.178571E-01 1.455859E+00 1.275132E-03 1.029269E-03 1.115271E-03 1.219435E-03 9.774700E-04 8.546351E-04 5.857279E-04 2.583290E-04 1.279956E-04
242 9.983929E+01 5.178571E-01 1.455859E+00 1.228528E-03 9.916505E-04 1.074509E-03 1.174867E-03 9.417451E-04 8.233996E-04 5.643205E-04 2.488875E-04 1.233176E-04
243 1.003571E+02 5.178571E-01 1.455859E+00 1.183578E-03 9.553682E-04 1.035195E-03 1.131881E-03 9.072887E-04 7.932733E-04 5.436733E-04 2.397813E-04 1.188057E-04
244 1.008750E+02 5.178571E-01 1.455859E+00 1.140240E-03 9.203858E-04 9.972901E-04 1.090435E-03 8.740668E-04 7.642262E-04 5.237657E-04 2.310013E-04 1.144554E-04
245 1.013929E+02 5.178571E-01 1.455859E+00 1.098466E-03 8.866668E-04 9.607536E-04 1.050487E-03 8.420447E-04 7.362282E-04 5.045772E-04 2.225384E-04 1.102622E-04
246 1.019107E+02 5.178571E-01 1.455859E+00 1.058213E-03 8.541746E-04 9.255464E-04 1.011991E-03 8.111877E-04 7.092489E-04 4.860868E-04 2.143834E-04 1.062216E-04
247 1.024286E+02 5.178571E-01 1.455859E+00 1.019433E-03 8.228722E-04 8.916286E-04 9.749053E-04 7.814607E-04 6.832575E-04 4.682735E-04 2.065270E-04 1.023290E-04
248 1.029464E+02 5.178571E-01 1.455859E+00 9.820820E-04 7.927231E-04 8.589602E-04 9.391859E-04 7.528288E-04 6.582237E-04 4.511164E-04 1.989601E-04 9.857978E-05
249 1.034643E+02 5.178571E-01 1.455859E+00 9.461144E-04 7.636905E-04 8.275018E-04 9.047893E-04 7.252573E-04 6.341170E-04 4.345948E-04 1.916734E-04 9.496941E-05
250 1.039821E+02 5.178571E-01 1.455859E+00 9.114852E-04 7.357383E-04 7.972140E-04 8.716726E-04 6.987118E-04 6.109074E-04 4.186880E-04 1.846579E-04 9.149338E-05
251 1.045000E+02 5.178571E-01 1.455859E+00 8.781500E-04 7.088306E-04 7.680580E-04 8.397935E-04 6.731582E-04 5.885650E-04 4.033756E-04 1.779045E-04 8.814725E-05
252 1.050179E+02 5.178571E-01 1.455859E+00 8.460650E-04 6.829320E-04 7.399955E-04 8.091099E-04 6.485630E-04 5.670606E-04 3.886375E-04 1.714044E-04 8.492662E-05
253 1.055357E+02 5.178571E-01 1.455859E+00 8.151873E-04 6.580079E-04 7.129888E-04 7.795808E-04 6.248932E-04 5.463653E-04 3.744538E-04 1.651488E-04 8.182715E-05
254 1.060536E+02 5.178571E-01 1.455859E+00 7.854744E-04 6.340241E-04 6.870010E-04 7.511658E-04 6.021164E-04 5.264508E-04 3.608053E-04 1.591293E-04 7.884463E-05
255 1.065714E+02 5.178571E-01 1.455859E+00 7.568852E-04 6.109473E-04 6.619959E-04 7.238253E-04 5.802009E-04 5.072893E-04 3.476729E-04 1.533374E-04 7.597489E-05
256 1.070893E+02 5.178571E-01 1.455859E+00 7.293791E-04 5.887447E-04 6.379382E-04 6.975207E-04 5.591158E-04 4.888539E-04 3.350381E-04 1.477650E-04 7.321387E-05
257 1.076071E+02 5.178571E-01 1.455859E+00 7.029167E-04 5.673847E-04 6.147934E-04 6.722142E-04 5.388307E-04 4.711179E-04 3.228827E-04 1.424039E-04 7.055762E-05
258 1.081250E+02 5.178571E-01 1.455859E+00 6.774597E-04 5.468361E-04 5.925278E-04 6.478691E-04 5.193162E-04 4.540558E-04 3.111891E-04 1.372466E-04 6.800229E-05
259 1.086429E+02 5.178571E-01 1.455859E+00 6.529706E-04 5.270689E-04 5.711089E-04 6.244496E-04 5.005438E-04 4.376424E-04 2.999401E-04 1.322854E-04 6.554411E-05
260 1.091607E+02 5.178571E-01 1.455859E+00 6.294131E-04 5.080536E-04 5.505048E-04 6.019211E-04 4.824855E-04 4.218534E-04 2.891190E-04 1.275129E-04 6.317945E-05
261 1.096786E+02 5.178571E-01 1.455859E+00 6.067521E-04 4.897619E-04 5.306847E-04 5.802499E-04 4.651144E-04 4.066652E-04 2.787098E-04 1.229220E-04 6.090478E-05
262 1.101964E+02 5.178571E-01 1.455859E+00 5.849534E-04 4.721663E-04 5.116189E-04 5.594033E-04 4.484042E-04 3.920550E-04 2.686966E-04 1.185057E-04 5.871666E-05
263 1.107143E+02 5.178571E-01 1.455859E+00 5.639839E-04 4.552400E-04 4.932783E-04 5.393497E-04 4.323298E-04 3.780006E-04 2.590643E-04 1.142575E-04 5.661177E-05
264 1.112321E+02 5.178571E-01 1.455859E+00 5.438117E-04 4.389573E-04 4.756350E-04 5.200586E-04 4.168665E-04 3.644805E-04 2.497983E-04 1.101708E-04 5.458692E-05
265 1.117500E+02 5.178571E-01 1.455859E+00 5.244058E-04 4.232931E-04 4.586620E-04 5.015004E-04 4.019906E-04 3.514740E-04 2.408842E-04 1.062394E-04 5.263899E-05
266 1.122679E+02 5.178571E-01 1.455859E+00 5.057365E-04 4.082236E-04 4.423333E-04 4.836466E-04 3.876794E-04 3.389613E-04 2.323086E-04 1.024572E-04 5.076500E-05
267 1.127857E+02 5.178571E-01 1.455859E+00 4.877750E-04 3.937253E-04 4.266236E-04 4.664696E-04 3.739108E-04 3.269229E-04 2.240580E-04 9.881838E-05 4.896205E-05
268 1.133036E+02 5.178571E-01 1.455859E+00 4.704936E-04 3.797759E-04 4.115087E-04 4.499430E-04 3.606634E-04 3.153403E-04 2.161198E-04 9.531732E-05 4.722737E-05
269 1.138214E+02 5.178571E-01 1.455859E+00 4.538654E-04 3.663539E-04 3.969651E-04 4.340411E-04 3.479169E-04 3.041955E-04 2.084817E-04 9.194862E-05 4.555826E-05
270 1.143393E+02 5.178571E-01 1.455859E+00 4.378648E-04 3.534384E-04 3.829705E-04 4.187394E-04 3.356514E-04 2.934714E-04 2.011319E-04 8.870705E-05 4.395214E-05
271 1.148571E+02 5.178571E-01 1.455859E+00 4.224669E-04 3.410095E-04 3.695030E-04 4.040140E-04 3.238479E-04 2.831512E-04 1.940589E-04 8.558760E-05 4.240653E-05
272 1.153750E+02 5.178571E-01 1.455859E+00 4.076480E-04 3.290478E-04 3.565419E-04 3.898424E-04 3.124883E-04 2.732191E-04 1.872519E-04 8.258543E-05 4.091903E-05
273 1.158929E+02 5.178571E-01 1.455859E+00 3.933850E-04 3.175350E-04 3.440671E-04 3.762024E-04 3.015548E-04 2.636596E-04 1.807002E-04 7.969590E-05 3.948734E-05
274 1.164107E+02 5.178571E-01 1.455859E+00 3.796560E-04 3.064531E-04 3.320593E-04 3.630731E-04 2.910307E-04 2.544580E-04 1.743939E-04 7.691454E-05 3.810925E-05
275 1.169286E+02 5.178571E-01 1.455859E+00 3.664398E-04 2.957852E-04 3.205000E-04 3.504342E-04 2.808996E-04 2.456000E-04 1.683230E-04 7.423707E-05 3.678263E-05
276 1.174464E+02 5.178571E-01 1.455859E+00 3.537161E-04 2.855147E-04 3.093714E-04 3.382662E-04 2.711460E-04 2.370722E-04 1.624784E-04 7.165937E-05 3.550544E-05
277 1.179643E+02 5.178571E-01 1.455859E+00 3.414653E-04 2.756260E-04 2.986564E-04 3.265505E-04 2.617550E-04 2.288612E-04 1.568510E-04 6.917747E-05 3.427572E-05
278 1.184821E+02 5.178571E-01 1.455859E+00 3.296686E-04 2.661039E-04 2.883387E-04 3.152691E-04 2.527121E-04 2.209547E-04 1.514323E-04 6.678758E-05 3.309159E-05
279 1.190000E+02 5.178571E-01 1.455859E+00 3.183081E-04 2.569339E-04 2.784024E-04 3.044048E-04 2.440035E-04 2.133406E-04 1.462139E-04 6.448606E-05 3.195124E-05
280 1.195179E+02 5.178571E-01 1.455859E+00 3.073665E-04 2.481020E-04 2.688326E-04 2.939411E-04 2.356161E-04 2.060072E-04 1.411879E-04 6.226941E-05 3.085295E-05
281 1.200357E+02 5.178571E-01 1.455859E+00 2.968273E-04 2.395949E-04 2.596146E-04 2.838623E-04 2.275372E-04 1.989434E-04 1.363468E-04 6.013427E-05 2.979504E-05
282 1.205536E+02 5.178571E-01 1.455859E+00 2.866746E-04 2.313998E-04 2.507347E-04 2.741530E-04 2.197544E-04 1.921387E-04 1.316831E-04 5.807743E-05 2.877592E-05
283 1.210714E+02 5.178571E-01 1.455859E+00 2.768931E-04 2.235043E-04 2.421795E-04 2.647987E-04 2.122563E-04 1.855829E-04 1.271900E-04 5.609579E-05 2.779407E-05
284 1.215893E+02 5.178571E-01 1.455859E+00 2.674682E-04 2.158967E-04 2.339362E-04 2.557855E-04 2.050315E-04 1.792660E-04 1.228607E-04 5.418640E-05 2.684802E-05
285 1.221071E+02 5.178571E-01 1.455859E+00 2.583860E-04 2.085656E-04 2.259926E-04 2.471000E-04 1.980694E-04 1.731788E-04 1.186888E-04 5.234643E-05 2.593636E-05
286 1.226250E+02 5.178571E-01 1.455859E+00 2.496329E-04 2.015002E-04 2.183369E-04 2.387292E-04 1.913596E-04 1.673122E-04 1.146681E-04 5.057314E-05 2.505774E-05
287 1.231429E+02 5.178571E-01 1.455859E+00 2.411961E-04 1.946902E-04 2.109578E-04 2.306610E-04 1.848923E-04 1.616576E-04 1.107927E-04 4.886394E-05 2.421087E-05
288 1.236607E+02 5.178571E-01 1.455859E+00 2.330634E-04 1.881255E-04 2.038447E-04 2.228834E-04 1.786580E-04 1.562067E-04 1.070570E-04 4.721632E-05 2.339452E-05
289 1.241786E+02 5.178571E-01 1.455859E+00 2.252227E-04 1.817967E-04 1.969870E-04 2.153853E-04 1.726477E-04 1.509517E-04 1.034554E-04 4.562789E-05 2.260749E-05
290 1.246964E+02 5.178571E-01 1.455859E+00 2.176629E-04 1.756945E-04 1.903749E-04 2.081557E-04 1.668526E-04 1.458849E-04 9.998282E-05 4.409635E-05 2.184865E-05
291 1.252143E+02 5.178571E-01 1.455859E+00 2.103731E-04 1.698102E-04 1.839990E-04 2.011842E-04 1.612644E-04 1.409989E-04 9.663424E-05 4.261949E-05 2.111690E-05
292 1.257321E+02 5.178571E-01 1.455859E+00 2.033427E-04 1.641354E-04 1.778500E-04 1.944609E-04 1.558752E-04 1.362870E-04 9.340486E-05 4.119521E-05 2.041121E-05
293 1.262500E+02 5.178571E-01 1.455859E+00 1.965619E-04 1.586620E-04 1.719193E-04 1.879763E-04 1.506773E-04 1.317422E-04 9.029011E-05 3.982148E-05 1.973056E-05
294 1.267679E+02 5.178571E-01 1.455859E+00 1.900210E-04 1.533823E-04 1.661984E-04 1.817211E-04 1.456633E-04 1.273583E-04 8.728558E-05 3.849637E-05 1.907400E-05
295 1.272857E+02 5.178571E-01 1.455859E+00 1.837109E-04 1.482889E-04 1.606794E-04 1.756866E-04 1.408262E-04 1.231291E-04 8.438706E-05 3.721801E-05 1.844060E-05
296 1.278036E+02 5.178571E-01 1.455859E+00 1.776228E-04 1.433747E-04 1.553546E-04 1.698644E-04 1.361592E-04 1.190486E-04 8.159050E-05 3.598461E-05 1.782948E-05
297 1.283214E+02 5.178571E-01 1.455859E+00 1.717482E-04 1.386328E-04 1.502165E-04 1.642465E-04 1.316560E-04 1.151113E-04 7.889203E-05 3.479448E-05 1.723980E-05
298 1.288393E+02 5.178571E-01 1.455859E+00 1.660791E-04 1.340567E-04 1.452581E-04 1.588249E-04 1.273103E-04 1.113117E-04 7.628793E-05 3.364597E-05 1.667075E-05
299 1.293571E+02 5.178571E-01 1.455859E+00 1.606076E-04 1.296403E-04 1.404726E-04 1.535925E-04 1.231160E-04 1.076445E-04 7.377464E-05 3.253752E-05 1.612153E-05
300 1.298750E+02 5.178571E-01 1.455859E+00 1.553265E-04 1.253774E-04 1.358535E-04 1.485420E-04 1.190677E-04 1.041049E-04 7.134875E-05 3.146760E-05 1.559141E-05
301 1.303929E+02 5.178571E-01 1.455859E+00 1.502284E-04 1.212623E-04 1.313945E-04 1.436666E-04 1.151597E-04 1.006880E-04 6.900697E-05 3.043478E-05 1.507968E-05
302 1.309107E+02 5.178571E-01 1.455859E+00 1.453066E-04 1.172895E-04 1.270898E-04 1.389598E-04 1.113868E-04 9.738926E-05 6.674615E-05 2.943767E-05 1.458564E-05
303 1.314286E+02 5.178571E-01 1.455859E+00 1.405545E-04 1.134537E-04 1.229334E-04 1.344152E-04 1.077440E-04 9.420425E-05 6.456329E-05 2.847495E-05 1.410863E-05
304 1.319464E+02 5.178571E-01 1.455859E+00 1.359658E-04 1.097497E-04 1.189200E-04 1.300270E-04 1.042265E-04 9.112876E-05 6.245549E-05 2.754532E-05 1.364802E-05
305 1.324643E+02 5.178571E-01 1.455859E+00 1.315345E-04 1.061728E-04 1.150442E-04 1.257892E-04 1.008296E-04 8.815874E-05 6.041997E-05 2.664758E-05 1.320321E-05
306 1.329821E+02 5.178571E-01 1.455859E+00 1.272547E-04 1.027182E-04 1.113010E-04 1.216964E-04 9.754888E-05 8.529029E-05 5.845407E-05 2.578054E-05 1.277362E-05
307 1.335000E+02 5.178571E-01 1.455859E+00 1.231209E-04 9.938151E-05 1.076855E-04 1.177431E-04 9.438007E-05 8.251969E-05 5.655523E-05 2.494308E-05 1.235868E-05
308 1.340179E+02 5.178571E-01 1.455859E+00 1.191278E-04 9.615830E-05 1.041930E-04 1.139244E-04 9.131907E-05 7.984336E-05 5.472099E-05 2.413411E-05 1.195785E-05
309 1.345357E+02 5.178571E-01 1.455859E+00 1.152702E-04 9.304448E-05 1.008189E-04 1.102353E-04 8.836195E-05 7.725785E-05 5.294900E-05 2.335259E-05 1.157063E-05
310 1.350536E+02 5.178571E-01 1.455859E+00 1.115431E-04 9.003606E-05 9.755916E-05 1.066710E-04 8.550494E-05 7.475986E-05 5.123699E-05 2.259753E-05 1.119651E-05
311 1.355714E+02 5.178571E-01 1.455859E+00 1.079419E-04 8.712923E-05 9.440945E-05 1.032271E-04 8.274440E-05 7.234623E-05 4.958280E-05 2.186796E-05 1.083503E-05
312 1.360893E+02 5.178571E-01 1.455859E+00 1.044620E-04 8.432032E-05 9.136583E-05 9.989927E-05 8.007685E-05 7.001390E-05 4.798433E-05 2.116297E-05 1.048573E-05
313 1.366071E+02 5.178571E-01 1.455859E+00 1.010991E-04 8.160581E-05 8.842450E-05 9.668322E-05 7.749894E-05 6.775995E-05 4.643957E-05 2.048168E-05 1.014816E-05
314 1.371250E+02 5.178571E-01 1.455859E+00 9.784892E-05 7.898230E-05 8.558179E-05 9.357500E-05 7.500747E-05 6.558157E-05 4.494661E-05 1.982322E-05 9.821914E-06
315 1.376429E+02 5.178571E-01 1.455859E+00 9.470746E-05 7.644655E-05 8.283416E-05 9.057075E-05 7.259933E-05 6.347605E-05 4.350359E-05 1.918679E-05 9.506578E-06
316 1.381607E+02 5.178571E-01 1.455859E+00 9.167083E-05 7.399543E-05 8.017823E-05 8.766676E-05 7.027156E-05 6.144081E-05 4.210872E-05 1.857160E-05 9.201767E-06
317 1.386786E+02 5.178571E-01 1.455859E+00 8.873534E-05 7.162594E-05 7.761075E-05 8.485948E-05 6.802132E-05 5.947334E-05 4.076031E-05 1.797690E-05 8.907107E-06
318 1.391964E+02 5.178571E-01 1.455859E+00 8.589738E-05 6.933518E-05 7.512859E-05 8.214548E-05 6.584584E-05 5.757125E-05 3.945671E-05 1.740196E-05 8.622237E-06
319 1.397143E+02 5.178571E-01 1.455859E+00 8.315353E-05 6.712038E-05 7.272872E-05 7.952148E-05 6.374250E-05 5.573223E-05 3.819632E-05 1.684608E-05 8.346814E-06
320 1.402321E+02 5.178571E-01 1.455859E+00 8.050046E-05 6.497887E-05 7.040827E-05 7.698430E-05 6.170876E-05 5.395406E-05 3.697765E-05 1.630859E-05 8.080504E-06
321 1.407500E+02 5.178571E-01 1.455859E+00 7.793501E-05 6.290807E-05 6.816445E-05 7.453090E-05 5.974218E-05 5.223461E-05 3.579922E-05 1.578886E-05 7.822988E-06
322 1.412679E+02 5.178571E-01 1.455859E+00 7.545411E-05 6.090552E-05 6.599457E-05 7.215836E-05 5.784041E-05 5.057183E-05 3.465962E-05 1.528625E-05 7.573959E-06
323 1.417857E+02 5.178571E-01 1.455859E+00 7.305481E-05 5.896883E-05 6.389606E-05 6.986386E-05 5.600119E-05 4.896374E-05 3.355751E-05 1.480018E-05 7.333121E-06
324 1.423036E+02 5.178571E-01 1.455859E+00 7.073427E-05 5.709573E-05 6.186645E-05 6.764469E-05 5.422235E-05 4.740844E-05 3.249158E-05 1.433006E-05 7.100190E-06
325 1.428214E+02 5.178571E-01 1.455859E+00 6.848978E-05 5.528401E-05 5.990335E-05 6.549823E-05 5.250180E-05 4.590410E-05 3.146058E-05 1.387535E-05 6.874891E-06
326 1.433393E+02 5.178571E-01 1.455859E+00 6.631870E-05 5.353154E-05 5.800445E-05 6.342198E-05 5.083753E-05 4.444898E-05 3.046330E-05 1.343551E-05 6.656962E-06
327 1.438571E+02 5.178571E-01 1.455859E+00 6.421851E-05 5.183629E-05 5.616755E-05 6.141352E-05 4.922760E-05 4.304136E-05 2.949858E-05 1.301003E-05 6.446148E-06
328 1.443750E+02 5.178571E-01 1.455859E+00 6.218677E-05 5.019630E-05 5.439053E-05 5.947052E-05 4.767014E-05 4.167962E-05 2.856531E-05 1.259842E-05 6.242205E-06
329 1.448929E+02 5.178571E-01 1.455859E+00 6.022114E-05 4.860967E-05 5.267132E-05 5.759075E-05 4.616336E-05 4.036219E-05 2.766240E-05 1.220020E-05 6.044898E-06
330 1.454107E+02 5.178571E-01 1.455859E+00 5.831936E-05 4.707458E-05 5.100797E-05 5.577204E-05 4.470552E-05 3.908755E-05 2.678882E-05 1.181492E-05 5.854001E-06
331 1.459286E+02 5.178571E-01 1.455859E+00 5.647925E-05 4.558928E-05 4.939856E-05 5.401231E-05 4.329497E-05 3.785425E-05 2.594358E-05 1.144214E-05 5.669295E-06
332 1.464464E+02 5.178571E-01 1.455859E+00 5.469874E-05 4.415207E-05 4.784126E-05 5.230956E-05 4.193008E-05 3.666089E-05 2.512570E-05 1.108142E-05 5.490569E-06
333 1.469643E+02 5.178571E-01 1.455859E+00 5.297578E-05 4.276132E-05 4.633431E-05 5.066187E-05 4.060933E-05 3.550611E-05 2.433427E-05 1.073237E-05 5.317622E-06
334 1.474821E+02 5.178571E-01 1.455859E+00 5.130845E-05 4.141548E-05 4.487601E-05 4.906736E-05 3.933121E-05 3.438861E-05 2.356838E-05 1.039458E-05 5.150258E-06
335 1.480000E+02 5.178571E-01 1.455859E+00 4.969487E-05 4.011301E-05 4.346471E-05 4.752425E-05 3.809430E-05 3.330713E-05 2.282719E-05 1.006769E-05 4.988289E-06
336 1.485179E+02 5.178571E-01 1.455859E+00 4.813322E-05 3.885247E-05 4.209885E-05 4.603082E-05 3.689720E-05 3.226047E-05 2.210985E-05 9.751312E-06 4.831533E-06
337 1.490357E+02 5.178571E-01 1.455859E+00 4.662177E-05 3.763245E-05 4.077689E-05 4.458539E-05 3.573857E-05 3.124744E-05 2.141557E-05 9.445108E-06 4.679817E-06
338 1.495536E+02 5.178571E-01 1.455859E+00 4.515884E-05 3.645159E-05 3.949736E-05 4.318635E-05 3.461714E-05 3.026694E-05 2.074358E-05 9.148732E-06 4.532970E-06
339 1.500714E+02 5.178571E-01 1.455859E+00 4.374281E-05 3.530859E-05 3.825885E-05 4.183217E-05 3.353166E-05 2.931787E-05 2.009313E-05 8.861858E-06 4.390831E-06
340 1.505893E+02 5.178571E-01 1.455859E+00 4.237211E-05 3.420218E-05 3.706000E-05 4.052135E-05 3.248094E-05 2.839918E-05 1.946350E-05 8.584169E-06 4.253243E-06
341 1.511071E+02 5.178571E-01 1.455859E+00 4.104524E-05 3.313115E-05 3.589948E-05 3.925244E-05 3.146381E-05 2.750987E-05 1.885401E-05 8.315359E-06 4.120054E-06
342 1.516250E+02 5.178571E-01 1.455859E+00 3.976075E-05 3.209433E-05 3.477602E-05 3.802405E-05 3.047916E-05 2.664896E-05 1.826398E-05 8.055134E-06 3.991119E-06
343 1.521429E+02 5.178571E-01 1.455859E+00 3.851724E-05 3.109058E-05 3.368840E-05 3.683485E-05 2.952593E-05 2.581552E-05 1.769278E-05 7.803210E-06 3.866297E-06
344 1.526607E+02 5.178571E-01 1.455859E+00 3.731334E-05 3.011882E-05 3.263544E-05 3.568354E-05 2.860307E-05 2.500863E-05 1.713977E-05 7.559313E-06 3.745452E-06
345 1.531786E+02 5.178571E-01 1.455859E+00 3.614777E-05 2.917798E-05 3.161599E-05 3.456887E-05 2.770958E-05 2.422742E-05 1.660437E-05 7.323178E-06 3.628453E-06
346 1.536964E+02 5.178571E-01 1.455859E+00 3.501924E-05 2.826705E-05 3.062895E-05 3.348964E-05 2.684449E-05 2.347105E-05 1.608599E-05 7.094551E-06 3.515174E-06
347 1.542143E+02 5.178571E-01 1.455859E+00 3.392656E-05 2.738505E-05 2.967325E-05 3.244469E-05 2.600688E-05 2.273870E-05 1.558406E-05 6.873184E-06 3.405492E-06
348 1.547321E+02 5.178571E-01 1.455859E+00 3.286854E-05 2.653103E-05 2.874788E-05 3.143288E-05 2.519584E-05 2.202958E-05 1.509807E-05 6.658840E-06 3.299290E-06
349 1.552500E+02 5.178571E-01 1.455859E+00 3.184406E-05 2.570408E-05 2.785183E-05 3.045315E-05 2.441051E-05 2.134293E-05 1.462747E-05 6.451290E-06 3.196454E-06
350 1.557679E+02 5.178571E-01 1.455859E+00 3.085201E-05 2.490331E-05 2.698415E-05 2.950443E-05 2.365004E-05 2.067803E-05 1.417178E-05 6.250310E-06 3.096874E-06
351 1.562857E+02 5.178571E-01 1.455859E+00 2.989134E-05 2.412788E-05 2.614392E-05 2.858572E-05 2.291362E-05 2.003416E-05 1.373050E-05 6.055688E-06 3.000443E-06
352 1.568036E+02 5.178571E-01 1.455859E+00 2.896103E-05 2.337694E-05 2.533024E-05 2.769604E-05 2.220048E-05 1.941063E-05 1.330316E-05 5.867217E-06 2.907060E-06
353 1.573214E+02 5.178571E-01 1.455859E+00 2.806009E-05 2.264972E-05 2.454225E-05 2.683446E-05 2.150986E-05 1.880680E-05 1.288932E-05 5.684696E-06 2.816626E-06
354 1.578393E+02 5.178571E-01 1.455859E+00 2.718757E-05 2.194543E-05 2.377912E-05 2.600005E-05 2.084102E-05 1.822201E-05 1.248853E-05 5.507932E-06 2.729044E-06
355 1.583571E+02 5.178571E-01 1.455859E+00 2.634256E-05 2.126335E-05 2.304004E-05 2.519195E-05 2.019326E-05 1.765565E-05 1.210038E-05 5.336741E-06 2.644223E-06
356 1.588750E+02 5.178571E-01 1.455859E+00 2.552415E-05 2.060275E-05 2.232424E-05 2.440929E-05 1.956590E-05 1.710713E-05 1.172444E-05 5.170940E-06 2.562073E-06
357 1.593929E+02 5.178571E-01 1.455859E+00 2.473150E-05 1.996293E-05 2.163096E-05 2.365126E-05 1.895828E-05 1.657587E-05 1.136034E-05 5.010357E-06 2.482508E-06
358 1.599107E+02 5.178571E-01 1.455859E+00 2.396378E-05 1.934323E-05 2.095948E-05 2.291707E-05 1.836977E-05 1.606131E-05 1.100769E-05 4.854823E-06 2.405444E-06
359 1.604286E+02 5.178571E-01 1.455859E+00 2.322017E-05 1.874300E-05 2.030910E-05 2.220594E-05 1.779975E-05 1.556292E-05 1.066612E-05 4.704176E-06 2.330802E-06
360 1.609464E+02 5.178571E-01 1.455859E+00 2.249991E-05 1.816162E-05 1.967914E-05 2.151714E-05 1.724762E-05 1.508018E-05 1.033527E-05 4.558258E-06 2.258504E-06
361 1.614643E+02 5.178571E-01 1.455859E+00 2.180225E-05 1.759847E-05 1.906894E-05 2.084995E-05 1.671282E-05 1.461258E-05 1.001480E-05 4.416918E-06 2.188474E-06
362 1.619821E+02 5.178571E-01 1.455859E+00 2.112645E-05 1.705298E-05 1.847787E-05 2.020368E-05 1.619478E-05 1.415964E-05 9.704374E-06 4.280010E-06 2.120639E-06
363 1.625000E+02 5.178571E-01 1.455859E+00 2.047184E-05 1.652458E-05 1.790532E-05 1.957765E-05 1.569297E-05 1.372090E-05 9.403677E-06 4.147391E-06 2.054929E-06
364 1.630179E+02 5.178571E-01 1.455859E+00 1.983771E-05 1.601273E-05 1.735070E-05 1.897123E-05 1.520688E-05 1.329589E-05 9.112394E-06 4.018924E-06 1.991277E-06
365 1.635357E+02 5.178571E-01 1.455859E+00 1.922343E-05 1.551689E-05 1.681343E-05 1.838377E-05 1.473599E-05 1.288418E-05 8.830226E-06 3.894476E-06 1.929616E-06
366 1.640536E+02 5.178571E-01 1.455859E+00 1.862836E-05 1.503655E-05 1.629296E-05 1.781469E-05 1.427983E-05 1.248534E-05 8.556881E-06 3.773920E-06 1.869884E-06
367 1.645714E+02 5.178571E-01 1.455859E+00 1.805188E-05 1.457123E-05 1.578875E-05 1.726340E-05 1.383792E-05 1.209896E-05 8.292078E-06 3.657132E-06 1.812018E-06
368 1.650893E+02 5.178571E-01 1.455859E+00 1.749341E-05 1.412044E-05 1.530029E-05 1.672932E-05 1.340982E-05 1.172466E-05 8.035546E-06 3.543991E-06 1.755960E-06
369 1.656071E+02 5.178571E-01 1.455859E+00 1.695237E-05 1.368372E-05 1.482708E-05 1.621191E-05 1.299508E-05 1.136204E-05 7.787021E-06 3.434382E-06 1.701651E-06
370 1.661250E+02 5.178571E-01 1.455859E+00 1.642821E-05 1.326063E-05 1.436864E-05 1.571065E-05 1.259328E-05 1.101073E-05 7.546250E-06 3.328192E-06 1.649037E-06
371 1.666429E+02 5.178571E-01 1.455859E+00 1.592040E-05 1.285072E-05 1.392449E-05 1.522501E-05 1.220400E-05 1.067037E-05 7.312986E-06 3.225314E-06 1.598063E-06
372 1.671607E+02 5.178571E-01 1.455859E+00 1.542841E-05 1.245360E-05 1.349418E-05 1.475451E-05 1.182686E-05 1.034062E-05 7.086992E-06 3.125642E-06 1.548678E-06
373 1.676786E+02 5.178571E-01 1.455859E+00 1.495174E-05 1.206884E-05 1.307727E-05 1.429867E-05 1.146147E-05 1.002115E-05 6.868037E-06 3.029074E-06 1.500831E-06
374 1.681964E+02 5.178571E-01 1.455859E+00 1.448992E-05 1.169606E-05 1.267334E-05 1.385701E-05 1.110745E-05 9.711619E-06 6.655900E-06 2.935513E-06 1.454474E-06
375 1.687143E+02 5.178571E-01 1.455859E+00 1.404246E-05 1.133488E-05 1.228199E-05 1.342911E-05 1.076445E-05 9.411721E-06 6.450364E-06 2.844864E-06 1.409559E-06
376 1.692321E+02 5.178571E-01 1.455859E+00 1.360893E-05 1.098494E-05 1.190280E-05 1.301451E-05 1.043212E-05 9.121152E-06 6.251221E-06 2.757034E-06 1.366042E-06
377 1.697500E+02 5.178571E-01 1.455859E+00 1.318887E-05 1.064588E-05 1.153541E-05 1.261280E-05 1.011012E-05 8.839616E-06 6.058269E-06 2.671935E-06 1.323877E-06
378 1.702679E+02 5.178571E-01 1.455859E+00 1.278187E-05 1.031735E-05 1.117943E-05 1.222357E-05 9.798123E-06 8.566830E-06 5.871314E-06 2.589480E-06 1.283023E-06
379 1.707857E+02 5.178571E-01 1.455859E+00 1.238751E-05 9.999029E-06 1.083451E-05 1.184644E-05 9.495821E-06 8.302518E-06 5.690167E-06 2.509587E-06 1.243438E-06
380 1.713036E+02 5.178571E-01 1.455859E+00 1.200540E-05 9.690593E-06 1.050030E-05 1.148102E-05 9.202907E-06 8.046413E-06 5.514644E-06 2.432175E-06 1.205082E-06
381 1.718214E+02 5.178571E-01 1.455859E+00 1.163515E-05 9.391730E-06 1.017647E-05 1.112694E-05 8.919085E-06 7.798258E-06 5.344570E-06 2.357165E-06 1.167917E-06
382 1.723393E+02 5.178571E-01 1.455859E+00 1.127638E-05 9.102140E-06 9.862683E-06 1.078384E-05 8.644069E-06 7.557802E-06 5.179772E-06 2.284483E-06 1.131905E-06
383 1.728571E+02 5.178571E-01 1.455859E+00 1.092874E-05 8.821532E-06 9.558628E-06 1.045139E-05 8.377582E-06 7.324804E-06 5.020086E-06 2.214055E-06 1.097009E-06
384 1.733750E+02 5.178571E-01 1.455859E+00 1.059188E-05 8.549623E-06 9.264000E-06 1.012924E-05 8.119358E-06 7.099030E-06 4.865351E-06 2.145811E-06 1.063196E-06
385 1.738929E+02 5.178571E-01 1.455859E+00 1.026547E-05 8.286143E-06 8.978504E-06 9.817083E-06 7.869137E-06 6.880253E-06 4.715411E-06 2.079681E-06 1.030431E-06
386 1.744107E+02 5.178571E-01 1.455859E+00 9.949161E-06 8.030825E-06 8.701853E-06 9.514593E-06 7.626669E-06 6.668255E-06 4.570117E-06 2.015601E-06 9.986804E-07
387 1.749286E+02 5.178571E-01 1.455859E+00 9.642652E-06 7.783416E-06 8.433771E-06 9.221472E-06 7.391710E-06 6.462823E-06 4.429323E-06 1.953506E-06 9.679135E-07
388 1.754464E+02 5.178571E-01 1.455859E+00 9.345634E-06 7.543667E-06 8.173989E-06 8.937428E-06 7.164027E-06 6.263751E-06 4.292889E-06 1.893333E-06 9.380993E-07
389 1.759643E+02 5.178571E-01 1.455859E+00 9.057809E-06 7.311339E-06 7.922249E-06 8.662175E-06 6.943391E-06 6.070842E-06 4.160678E-06 1.835022E-06 9.092080E-07
390 1.764821E+02 5.178571E-01 1.455859E+00 8.778891E-06 7.086200E-06 7.678298E-06 8.395439E-06 6.729582E-06 5.883901E-06 4.032557E-06 1.778516E-06 8.812106E-07
391 1.770000E+02 5.178571E-01 1.455859E+00 8.508601E-06 6.868025E-06 7.441893E-06 8.136955E-06 6.522387E-06 5.702744E-06 3.908400E-06 1.723758E-06 8.540793E-07
392 1.775179E+02 5.178571E-01 1.455859E+00 8.246669E-06 6.656598E-06 7.212800E-06 7.886465E-06 6.321600E-06 5.527189E-06 3.788083E-06 1.670693E-06 8.277871E-07
393 1.780357E+02 5.178571E-01 1.455859E+00 7.992836E-06 6.451707E-06 6.990790E-06 7.643719E-06 6.127021E-06 5.357062E-06 3.671486E-06 1.619269E-06 8.023078E-07
394 1.785536E+02 5.178571E-01 1.455859E+00 7.746849E-06 6.253150E-06 6.775641E-06 7.408476E-06 5.938456E-06 5.192193E-06 3.558492E-06 1.569435E-06 7.776160E-07
395 1.790714E+02 5.178571E-01 1.455859E+00 7.508463E-06 6.060728E-06 6.567141E-06 7.180502E-06 5.755718E-06 5.032419E-06 3.448990E-06 1.521140E-06 7.536872E-07
396 1.795893E+02 5.178571E-01 1.455859E+00 7.277442E-06 5.874251E-06 6.365082E-06 6.959572E-06 5.578625E-06 4.877581E-06 3.342871E-06 1.474337E-06 7.304976E-07
397 1.801071E+02 5.178571E-01 1.455859E+00 7.053555E-06 5.693533E-06 6.169264E-06 6.745464E-06 5.407002E-06 4.727525E-06 3.240030E-06 1.428980E-06 7.080243E-07
398 1.806250E+02 5.178571E-01 1.455859E+00 6.836582E-06 5.518395E-06 5.979493E-06 6.537969E-06 5.240678E-06 4.582102E-06 3.140364E-06 1.385024E-06 6.862449E-07
399 1.811429E+02 5.178571E-01 1.455859E+00 6.626308E-06 5.348664E-06 5.795580E-06 6.336878E-06 5.079489E-06 4.441169E-06 3.043775E-06 1.342424E-06 6.651378E-07
400 1.816607E+02 5.178571E-01 1.455859E+00 6.422523E-06 5.184172E-06 5.617343E-06 6.141995E-06 4.923275E-06 4.304586E-06 2.950167E-06 1.301139E-06 6.446823E-07
401 1.821786E+02 5.178571E-01 1.455859E+00 6.225026E-06 5.024755E-06 5.444606E-06 5.953125E-06 4.771881E-06 4.172217E-06 2.859447E-06 1.261129E-06 6.248579E-07
402 1.826964E+02 5.178571E-01 1.455859E+00 6.033623E-06 4.870257E-06 5.277199E-06 5.770081E-06 4.625158E-06 4.043933E-06 2.771527E-06 1.222352E-06 6.056451E-07
403 1.832143E+02 5.178571E-01 1.455859E+00 5.848123E-06 4.720524E-06 5.114955E-06 5.592684E-06 4.482961E-06 3.919605E-06 2.686318E-06 1.184772E-06 5.870250E-07
404 1.837321E+02 5.178571E-01 1.455859E+00 5.668344E-06 4.575409E-06 4.957715E-06 5.420758E-06 4.345149E-06 3.799111E-06 2.603737E-06 1.148350E-06 5.689791E-07
405 1.842500E+02 5.178571E-01 1.455859E+00 5.494108E-06 4.434769E-06 4.805322E-06 5.254132E-06 4.211586E-06 3.682332E-06 2.523702E-06 1.113052E-06 5.514895E-07
406 1.847679E+02 5.178571E-01 1.455859E+00 5.325244E-06 4.298463E-06 4.657628E-06 5.092643E-06 4.082140E-06 3.569154E-06 2.446135E-06 1.078841E-06 5.345392E-07
407 1.852857E+02 5.178571E-01 1.455859E+00 5.161584E-06 4.166359E-06 4.514486E-06 4.936132E-06 3.956685E-06 3.459463E-06 2.370958E-06 1.045686E-06 5.181113E-07
408 1.858036E+02 5.178571E-01 1.455859E+00 5.002967E-06 4.038326E-06 4.375755E-06 4.784444E-06 3.835095E-06 3.353153E-06 2.298098E-06 1.013551E-06 5.021896E-07
409 1.863214E+02 5.178571E-01 1.455859E+00 4.849238E-06 3.914238E-06 4.241298E-06 4.637429E-06 3.717251E-06 3.250119E-06 2.227483E-06 9.824074E-07 4.867585E-07
410 1.868393E+02 5.178571E-01 1.455859E+00 4.700244E-06 3.793972E-06 4.110984E-06 4.494943E-06 3.603038E-06 3.150258E-06 2.159043E-06 9.522228E-07 4.718028E-07
411 1.873571E+02 5.178571E-01 1.455859E+00 4.555840E-06 3.677411E-06 3.984683E-06 4.356846E-06 3.492343E-06 3.053474E-06 2.092712E-06 9.229679E-07 4.573077E-07
412 1.878750E+02 5.178571E-01 1.455859E+00 4.415883E-06 3.564440E-06 3.862272E-06 4.223002E-06 3.385057E-06 2.959670E-06 2.028423E-06 8.946140E-07 4.432590E-07
413 1.883929E+02 5.178571E-01 1.455859E+00 4.280235E-06 3.454947E-06 3.743630E-06 4.093280E-06 3.281074E-06 2.868754E-06 1.966113E-06 8.671331E-07 4.296430E-07
414 1.889107E+02 5.178571E-01 1.455859E+00 4.148764E-06 3.348825E-06 3.628641E-06 3.967551E-06 3.180293E-06 2.780638E-06 1.905722E-06 8.404983E-07 4.164461E-07
415 1.894286E+02 5.178571E-01 1.455859E+00 4.021339E-06 3.245970E-06 3.517192E-06 3.845692E-06 3.082614E-06 2.695234E-06 1.847190E-06 8.146834E-07 4.036554E-07
416 1.899464E+02 5.178571E-01 1.455859E+00 3.897837E-06 3.146280E-06 3.409173E-06 3.727584E-06 2.987942E-06 2.612459E-06 1.790460E-06 7.896631E-07 3.912585E-07
417 1.904643E+02 5.178571E-01 1.455859E+00 3.778136E-06 3.049659E-06 3.304478E-06 3.613111E-06 2.896183E-06 2.532231E-06 1.735475E-06 7.654128E-07 3.792430E-07
418 1.909821E+02 5.178571E-01 1.455859E+00 3.662117E-06 2.956011E-06 3.203005E-06 3.502161E-06 2.807248E-06 2.454472E-06 1.682183E-06 7.419086E-07 3.675973E-07
419 1.915000E+02 5.178571E-01 1.455859E+00 3.549669E-06 2.865244E-06 3.104654E-06 3.394624E-06 2.721048E-06 2.379105E-06 1.630530E-06 7.191277E-07 3.563099E-07
420 1.920179E+02 5.178571E-01 1.455859E+00 3.440680E-06 2.777269E-06 3.009328E-06 3.290395E-06 2.637501E-06 2.306057E-06 1.580466E-06 6.970475E-07 3.453697E-07
421 1.925357E+02 5.178571E-01 1.455859E+00 3.335043E-06 2.692000E-06 2.916935E-06 3.189372E-06 2.556524E-06 2.235255E-06 1.531942E-06 6.756465E-07 3.347661E-07
422 1.930536E+02 5.178571E-01 1.455859E+00 3.232655E-06 2.609354E-06 2.827383E-06 3.091456E-06 2.478037E-06 2.166632E-06 1.484910E-06 6.549038E-07 3.244886E-07
423 1.935714E+02 5.178571E-01 1.455859E+00 3.133416E-06 2.529250E-06 2.740585E-06 2.996552E-06 2.401964E-06 2.100118E-06 1.439325E-06 6.347989E-07 3.145271E-07
424 1.940893E+02 5.178571E-01 1.455859E+00 3.037228E-06 2.451609E-06 2.656457E-06 2.904566E-06 2.328230E-06 2.035650E-06 1.395142E-06 6.153123E-07 3.048720E-07
425 1.946071E+02 5.178571E-01 1.455859E+00 2.943998E-06 2.376355E-06 2.574915E-06 2.815408E-06 2.256763E-06 1.973164E-06 1.352317E-06 5.964248E-07 2.955137E-07
426 1.951250E+02 5.178571E-01 1.455859E+00 2.853634E-06 2.303414E-06 2.495880E-06 2.728991E-06 2.187494E-06 1.912600E-06 1.310808E-06 5.781180E-07 2.864431E-07
427 1.956429E+02 5.178571E-01 1.455859E+00 2.766048E-06 2.232716E-06 2.419274E-06 2.645231E-06 2.120353E-06 1.853897E-06 1.270576E-06 5.603739E-07 2.776514E-07
428 1.961607E+02 5.178571E-01 1.455859E+00 2.681155E-06 2.164191E-06 2.345023E-06 2.564045E-06 2.055277E-06 1.796998E-06 1.231580E-06 5.431753E-07 2.691299E-07
429 1.966786E+02 5.178571E-01 1.455859E+00 2.598870E-06 2.097772E-06 2.273055E-06 2.485354E-06 1.992200E-06 1.741848E-06 1.193783E-06 5.265053E-07 2.608703E-07
430 1.971964E+02 5.178571E-01 1.455859E+00 2.519114E-06 2.033394E-06 2.203298E-06 2.409082E-06 1.931062E-06 1.688393E-06 1.157148E-06 5.103475E-07 2.528645E-07
431 1.977143E+02 5.178571E-01 1.455859E+00 2.441809E-06 1.970995E-06 2.135684E-06 2.335154E-06 1.871803E-06 1.636581E-06 1.121638E-06 4.946863E-07 2.451048E-07
432 1.982321E+02 5.178571E-01 1.455859E+00 2.366880E-06 1.910513E-06 2.070148E-06 2.263497E-06 1.814365E-06 1.586361E-06 1.087219E-06 4.795063E-07 2.375835E-07
433 1.987500E+02 5.178571E-01 1.455859E+00 2.294252E-06 1.851889E-06 2.006626E-06 2.194042E-06 1.758691E-06 1.537683E-06 1.053858E-06 4.647927E-07 2.302933E-07
434 1.992679E+02 5.178571E-01 1.455859E+00 2.223856E-06 1.795066E-06 1.945055E-06 2.126721E-06 1.704728E-06 1.490501E-06 1.021522E-06 4.505312E-07 2.232270E-07
435 1.997857E+02 5.178571E-01 1.455859E+00 2.155622E-06 1.739989E-06 1.885376E-06 2.061467E-06 1.652423E-06 1.444769E-06 9.901787E-07 4.367077E-07 2.163778E-07
436 2.003036E+02 5.178571E-01 1.455859E+00 2.089485E-06 1.686603E-06 1.827530E-06 1.998219E-06 1.601724E-06 1.400441E-06 9.597986E-07 4.233089E-07 2.097390E-07
437 2.008214E+02 5.178571E-01 1.455859E+00 2.025379E-06 1.634858E-06 1.771461E-06 1.936912E-06 1.552582E-06 1.357475E-06 9.303516E-07 4.103216E-07 2.033042E-07
438 2.013393E+02 5.178571E-01 1.455859E+00 1.963241E-06 1.584701E-06 1.717113E-06 1.877489E-06 1.504950E-06 1.315829E-06 9.018091E-07 3.977332E-07 1.970669E-07
439 2.018571E+02 5.178571E-01 1.455859E+00 1.903012E-06 1.536085E-06 1.664435E-06 1.819891E-06 1.458781E-06 1.275462E-06 8.741431E-07 3.855314E-07 1.910212E-07
440 2.023750E+02 5.178571E-01 1.455859E+00 1.844633E-06 1.488962E-06 1.613375E-06 1.764062E-06 1.414029E-06 1.236334E-06 8.473267E-07 3.737043E-07 1.851612E-07
441 2.028929E+02 5.178571E-01 1.455859E+00 1.788046E-06 1.443286E-06 1.563882E-06 1.709947E-06 1.370652E-06 1.198407E-06 8.213337E-07 3.622404E-07 1.794811E-07
442 2.034107E+02 5.178571E-01 1.455859E+00 1.733197E-06 1.399013E-06 1.515909E-06 1.657493E-06 1.328607E-06 1.161646E-06 7.961389E-07 3.511285E-07 1.739755E-07
443 2.039286E+02 5.178571E-01 1.455859E+00 1.680032E-06 1.356099E-06 1.469410E-06 1.606650E-06 1.287852E-06 1.126013E-06 7.717177E-07 3.403578E-07 1.686388E-07
444 2.044464E+02 5.178571E-01 1.455859E+00 1.628499E-06 1.314502E-06 1.424337E-06 1.557368E-06 1.248349E-06 1.091474E-06 7.480462E-07 3.299178E-07 1.634661E-07
445 2.049643E+02 5.178571E-01 1.455859E+00 1.578548E-06 1.274182E-06 1.380649E-06 1.509599E-06 1.210058E-06 1.057995E-06 7.251015E-07 3.197982E-07 1.584521E-07
446 2.054821E+02 5.178571E-01 1.455859E+00 1.530131E-06 1.235101E-06 1.338301E-06 1.463297E-06 1.172943E-06 1.025544E-06 7.028611E-07 3.099894E-07 1.535920E-07
447 2.060000E+02 5.178571E-01 1.455859E+00 1.483200E-06 1.197219E-06 1.297254E-06 1.418416E-06 1.136968E-06 9.940894E-07 6.813035E-07 3.004816E-07 1.488812E-07
448 2.065179E+02 5.178571E-01 1.455859E+00 1.437709E-06 1.160499E-06 1.257466E-06 1.374912E-06 1.102096E-06 9.636001E-07 6.604075E-07 2.912656E-07 1.443149E-07
449 2.070357E+02 5.178571E-01 1.455859E+00 1.393615E-06 1.124907E-06 1.218900E-06 1.332744E-06 1.068295E-06 9.340467E-07 6.401530E-07 2.823326E-07 1.398888E-07
450 2.075536E+02 5.178571E-01 1.455859E+00 1.350874E-06 1.090407E-06 1.181518E-06 1.291870E-06 1.035532E-06 9.054004E-07 6.205201E-07 2.736737E-07 1.355985E-07
451 2.080714E+02 5.178571E-01 1.455859E+00 1.309445E-06 1.056966E-06 1.145282E-06 1.252250E-06 1.003774E-06 8.776332E-07 6.014897E-07 2.652806E-07 1.314399E-07
452 2.085893E+02 5.178571E-01 1.455859E+00 1.269287E-06 1.024551E-06 1.110159E-06 1.213847E-06 9.729901E-07 8.507182E-07 5.830434E-07 2.571450E-07 1.274090E-07
453 2.091071E+02 5.178571E-01 1.455859E+00 1.230362E-06 9.931314E-07 1.076114E-06 1.176621E-06 9.431514E-07 8.246292E-07 5.651632E-07 2.492592E-07 1.235017E-07
454 2.096250E+02 5.178571E-01 1.455859E+00 1.192631E-06 9.626756E-07 1.043113E-06 1.140539E-06 9.142283E-07 7.993408E-07 5.478317E-07 2.416153E-07 1.197144E-07
455 2.101429E+02 5.178571E-01 1.455859E+00 1.156058E-06 9.331544E-07 1.011125E-06 1.105563E-06 8.861928E-07 7.748283E-07 5.310320E-07 2.342059E-07 1.160432E-07
456 2.106607E+02 5.178571E-01 1.455859E+00 1.120608E-06 9.045390E-07 9.801191E-07 1.071661E-06 8.590175E-07 7.510681E-07 5.147478E-07 2.270240E-07 1.124847E-07
457 2.111786E+02 5.178571E-01 1.455859E+00 1.086245E-06 8.768016E-07 9.500641E-07 1.038799E-06 8.326760E-07 7.280368E-07 4.989632E-07 2.200624E-07 1.090354E-07
458 2.116964E+02 5.178571E-01 1.455859E+00 1.052936E-06 8.499153E-07 9.209313E-07 1.006945E-06 8.071428E-07 7.057123E-07 4.836630E-07 2.133144E-07 1.056920E-07
459 2.122143E+02 5.178571E-01 1.455859E+00 1.020649E-06 8.238539E-07 8.926923E-07 9.760684E-07 7.823929E-07 6.840726E-07 4.688321E-07 2.067734E-07 1.024511E-07
460 2.127321E+02 5.178571E-01 1.455859E+00 9.893530E-07 7.985921E-07 8.653196E-07 9.461392E-07 7.584024E-07 6.630969E-07 4.544563E-07 2.004331E-07 9.930962E-08
461 2.132500E+02 5.178571E-01 1.455859E+00 9.590169E-07 7.741052E-07 8.387868E-07 9.171282E-07 7.351479E-07 6.427647E-07 4.405216E-07 1.942873E-07 9.626454E-08
462 2.137679E+02 5.178571E-01 1.455859E+00 9.296115E-07 7.503696E-07 8.130679E-07 8.890072E-07 7.126068E-07 6.230562E-07 4.270143E-07 1.883301E-07 9.331288E-08
463 2.142857E+02 5.178571E-01 1.455859E+00 9.011082E-07 7.273621E-07 7.881380E-07 8.617489E-07 6.907572E-07 6.039524E-07 4.139214E-07 1.825556E-07 9.045176E-08
464 2.148036E+02 5.178571E-01 1.455859E+00 8.734793E-07 7.050604E-07 7.639728E-07 8.353268E-07 6.695778E-07 5.854346E-07 4.012301E-07 1.769582E-07 8.767841E-08
465 2.153214E+02 5.178571E-01 1.455859E+00 8.466979E-07 6.834428E-07 7.405490E-07 8.097151E-07 6.490481E-07 5.674848E-07 3.889281E-07 1.715326E-07 8.499014E-08
466 2.158393E+02 5.178571E-01 1.455859E+00 8.207380E-07 6.624884E-07 7.178436E-07 7.848891E-07 6.291482E-07 5.500856E-07 3.770035E-07 1.662734E-07 8.238433E-08
467 2.163571E+02 5.178571E-01 1.455859E+00 7.955743E-07 6.421766E-07 6.958347E-07 7.608246E-07 6.098587E-07 5.332201E-07 3.654447E-07 1.611755E-07 7.985844E-08
468 2.168750E+02 5.178571E-01 1.455859E+00 7.711825E-07 6.224879E-07 6.745008E-07 7.374982E-07 5.911608E-07 5.168719E-07 3.542404E-07 1.562339E-07 7.741003E-08
469 2.173929E+02 5.178571E-01 1.455859E+00 7.475389E-07 6.034031E-07 6.538213E-07 7.148873E-07 5.730364E-07 5.010252E-07 3.433798E-07 1.514440E-07 7.503672E-08
470 2.179107E+02 5.178571E-01 1.455859E+00 7.246204E-07 5.849036E-07 6.337761E-07 6.929699E-07 5.554680E-07 4.856644E-07 3.328522E-07 1.468009E-07 7.273620E-08
471 2.184286E+02 5.178571E-01 1.455859E+00 7.024049E-07 5.669715E-07 6.143457E-07 6.717247E-07 5.384383E-07 4.707748E-07 3.226476E-07 1.423003E-07 7.050624E-08
472 2.189464E+02 5.178571E-01 1.455859E+00 6.808706E-07 5.495894E-07 5.955112E-07 6.511310E-07 5.219310E-07 4.563419E-07 3.127559E-07 1.379376E-07 6.834467E-08
473 2.194643E+02 5.178571E-01 1.455859E+00 6.599969E-07 5.327404E-07 5.772543E-07 6.311690E-07 5.059299E-07 4.423516E-07 3.031676E-07 1.337088E-07 6.624940E-08
474 2.199821E+02 5.178571E-01 1.455859E+00 6.397632E-07 5.164081E-07 5.595573E-07 6.118191E-07 4.904195E-07 4.287904E-07 2.938733E-07 1.296097E-07 6.421838E-08
475 2.205000E+02 5.178571E-01 1.455859E+00 6.201501E-07 5.005766E-07 5.424031E-07 5.930627E-07 4.753848E-07 4.156450E-07 2.848641E-07 1.256363E-07 6.224965E-08
476 2.210179E+02 5.178571E-01 1.455859E+00 6.011385E-07 4.852307E-07 5.257749E-07 5.748815E-07 4.608112E-07 4.029028E-07 2.761312E-07 1.217847E-07 6.034129E-08
477 2.215357E+02 5.178571E-01 1.455859E+00 5.827099E-07 4.703554E-07 5.096566E-07 5.572578E-07 4.466844E-07 3.905513E-07 2.676661E-07 1.180512E-07 5.849146E-08
478 2.220536E+02 5.178571E-01 1.455859E+00 5.648464E-07 4.559362E-07 4.940327E-07 5.401746E-07 4.329909E-07 3.785786E-07 2.594605E-07 1.144323E-07 5.669835E-08
479 2.225714E+02 5.178571E-01 1.455859E+00 5.475307E-07 4.419592E-07 4.788878E-07 5.236152E-07 4.197173E-07 3.669731E-07 2.515066E-07 1.109243E-07 5.496023E-08
480 2.230893E+02 5.178571E-01 1.455859E+00 5.307460E-07 4.284108E-07 4.642073E-07 5.075636E-07 4.068508E-07 3.557234E-07 2.437966E-07 1.075239E-07 5.327541E-08
481 2.236071E+02 5.178571E-01 1.455859E+00 5.144759E-07 4.152779E-07 4.499770E-07 4.920042E-07 3.943787E-07 3.448187E-07 2.363230E-07 1.042277E-07 5.164225E-08
482 2.241250E+02 5.178571E-01 1.455859E+00 4.987048E-07 4.025476E-07 4.361831E-07 4.769219E-07 3.822892E-07 3.342484E-07 2.290786E-07 1.010326E-07 5.005916E-08
483 2.246429E+02 5.178571E-01 1.455859E+00 4.834172E-07 3.902077E-07 4.228121E-07 4.623021E-07 3.705703E-07 3.240021E-07 2.220563E-07 9.793553E-08 4.852462E-08
484 2.251607E+02 5.178571E-01 1.455859E+00 4.685984E-07 3.782462E-07 4.098511E-07 4.481306E-07 3.592107E-07 3.140701E-07 2.152493E-07 9.493339E-08 4.703714E-08
485 2.256786E+02 5.178571E-01 1.455859E+00 4.542340E-07 3.666514E-07 3.972875E-07 4.343936E-07 3.481994E-07 3.044426E-07 2.086510E-07 9.202330E-08 4.559526E-08
486 2.261964E+02 5.178571E-01 1.455859E+00 4.403100E-07 3.554122E-07 3.851092E-07 4.210778E-07 3.375258E-07 2.951102E-07 2.022551E-07 8.920243E-08 4.419759E-08
487 2.267143E+02 5.178571E-01 1.455859E+00 4.268129E-07 3.445175E-07 3.733042E-07 4.081702E-07 3.271794E-07 2.860641E-07 1.960552E-07 8.646806E-08 4.284278E-08
488 2.272321E+02 5.178571E-01 1.455859E+00 4.137297E-07 3.339569E-07 3.618612E-07 3.956584E-07 3.171503E-07 2.772952E-07 1.900455E-07 8.381752E-08 4.152950E-08
489 2.277500E+02 5.178571E-01 1.455859E+00 4.010476E-07 3.237201E-07 3.507690E-07 3.835303E-07 3.074286E-07 2.687953E-07 1.842200E-07 8.124825E-08 4.025649E-08
490 2.282679E+02 5.178571E-01 1.455859E+00 3.887543E-07 3.137971E-07 3.400169E-07 3.717739E-07 2.980050E-07 2.605559E-07 1.785731E-07 7.875775E-08 3.902251E-08
491 2.287857E+02 5.178571E-01 1.455859E+00 3.768379E-07 3.041783E-07 3.295944E-07 3.603781E-07 2.888704E-07 2.525691E-07 1.730994E-07 7.634361E-08 3.782637E-08
492 2.293036E+02 5.178571E-01 1.455859E+00 3.652868E-07 2.948545E-07 3.194915E-07 3.493316E-07 2.800158E-07 2.448273E-07 1.677934E-07 7.400349E-08 3.666689E-08
493 2.298214E+02 5.178571E-01 1.455859E+00 3.540899E-07 2.858165E-07 3.096984E-07 3.386237E-07 2.714326E-07 2.373227E-07 1.626502E-07 7.173511E-08 3.554297E-08
494 2.303393E+02 5.178571E-01 1.455859E+00 3.432363E-07 2.770556E-07 3.002054E-07 3.282442E-07 2.631126E-07 2.300483E-07 1.576646E-07 6.953627E-08 3.445350E-08
495 2.308571E+02 5.178571E-01 1.455859E+00 3.327154E-07 2.685633E-07 2.910035E-07 3.181828E-07 2.550477E-07 2.229968E-07 1.528318E-07 6.740484E-08 3.339743E-08
496 2.313750E+02 5.178571E-01 1.455859E+00 3.225171E-07 2.603314E-07 2.820837E-07 3.084299E-07 2.472300E-07 2.161616E-07 1.481473E-07 6.533876E-08 3.237374E-08
497 2.318929E+02 5.178571E-01 1.455859E+00 3.126314E-07 2.523518E-07 2.734374E-07 2.989761E-07 2.396520E-07 2.095359E-07 1.436063E-07 6.333602E-08 3.138143E-08
498 2.324107E+02 5.178571E-01 1.455859E+00 3.030488E-07 2.446168E-07 2.650561E-07 2.898120E-07 2.323063E-07 2.031133E-07 1.392046E-07 6.139468E-08 3.041954E-08
499 2.329286E+02 5.178571E-01 1.455859E+00 2.937599E-07 2.371190E-07 2.569318E-07 2.809289E-07 2.251858E-07 1.968876E-07 1.349378E-07 5.951285E-08 2.948714E-08
500 2.334464E+02 5.178571E-01 1.455859E+00 2.847559E-07 2.298510E-07 2.490565E-07 2.723181E-07 2.182836E-07 1.908527E-07 1.308018E-07 5.768871E-08 2.858332E-08
501 2.339643E+02 5.178571E-01 1.455859E+00 2.760278E-07 2.228058E-07 2.414227E-07 2.639712E-07 2.115930E-07 1.850029E-07 1.267925E-07 5.592049E-08 2.770721E-08
502 2.344821E+02 5.178571E-01 1.455859E+00 2.675673E-07 2.159766E-07 2.340229E-07 2.558803E-07 2.051075E-07 1.793324E-07 1.229062E-07 5.420648E-08 2.685796E-08
503 2.350000E+02 5.178571E-01 1.455859E+00 2.593661E-07 2.093568E-07 2.268499E-07 2.480373E-07 1.988208E-07 1.738357E-07 1.191391E-07 5.254501E-08 2.603475E-08
504 2.355179E+02 5.178571E-01 1.455859E+00 2.514164E-07 2.029399E-07 2.198968E-07 2.404348E-07 1.927268E-07 1.685076E-07 1.154874E-07 5.093447E-08 2.523677E-08
505 2.360357E+02 5.178571E-01 1.455859E+00 2.437104E-07 1.967197E-07 2.131569E-07 2.330654E-07 1.868196E-07 1.633427E-07 1.119476E-07 4.937330E-08 2.446325E-08
506 2.365536E+02 5.178571E-01 1.455859E+00 2.362406E-07 1.906901E-07 2.066235E-07 2.259219E-07 1.810935E-07 1.583362E-07 1.085164E-07 4.785999E-08 2.371344E-08
507 2.370714E+02 5.178571E-01 1.455859E+00 2.289997E-07 1.848454E-07 2.002905E-07 2.189973E-07 1.755430E-07 1.534831E-07 1.051903E-07 4.639307E-08 2.298662E-08
508 2.375893E+02 5.178571E-01 1.455859E+00 2.219809E-07 1.791799E-07 1.941515E-07 2.122850E-07 1.701625E-07 1.487789E-07 1.019662E-07 4.497112E-08 2.228207E-08
509 2.381071E+02 5.178571E-01 1.455859E+00 2.151771E-07 1.736880E-07 1.882008E-07 2.057785E-07 1.649471E-07 1.442188E-07 9.884097E-08 4.359275E-08 2.159913E-08
510 2.386250E+02 5.178571E-01 1.455859E+00 2.085820E-07 1.683645E-07 1.824324E-07 1.994714E-07 1.598914E-07 1.397985E-07 9.581151E-08 4.225664E-08 2.093711E-08
511 2.391429E+02 5.178571E-01 1.455859E+00 2.021890E-07 1.632042E-07 1.768409E-07 1.933576E-07 1.549908E-07 1.355137E-07 9.287490E-08 4.096148E-08 2.029540E-08
512 2.396607E+02 5.178571E-01 1.455859E+00 1.959919E-07 1.582020E-07 1.714208E-07 1.874312E-07 1.502404E-07 1.313602E-07 9.002831E-08 3.970602E-08 1.967335E-08
513 2.401786E+02 5.178571E-01 1.455859E+00 1.899849E-07 1.533532E-07 1.661668E-07 1.816866E-07 1.456356E-07 1.273341E-07 8.726898E-08 3.848905E-08 1.907037E-08
514 2.406964E+02 5.178571E-01 1.455859E+00 1.841619E-07 1.486530E-07 1.610739E-07 1.761180E-07 1.411719E-07 1.234314E-07 8.459423E-08 3.730938E-08 1.848587E-08
515 2.412143E+02 5.178571E-01 1.455859E+00 1.785175E-07 1.440968E-07 1.561371E-07 1.707200E-07 1.368451E-07 1.196483E-07 8.200147E-08 3.616587E-08 1.791929E-08
516 2.417321E+02 5.178571E-01 1.455859E+00 1.730460E-07 1.396804E-07 1.513516E-07 1.654876E-07 1.326509E-07 1.159811E-07 7.948818E-08 3.505741E-08 1.737008E-08
517 2.422500E+02 5.178571E-01 1.455859E+00 1.677423E-07 1.353993E-07 1.467128E-07 1.604155E-07 1.285852E-07 1.124264E-07 7.705193E-08 3.398293E-08 1.683770E-08
518 2.427679E+02 5.178571E-01 1.455859E+00 1.626011E-07 1.312494E-07 1.422161E-07 1.554989E-07 1.246442E-07 1.089806E-07 7.469035E-08 3.294138E-08 1.632164E-08
519 2.432857E+02 5.178571E-01 1.455859E+00 1.576176E-07 1.272267E-07 1.378574E-07 1.507330E-07 1.208240E-07 1.056405E-07 7.240116E-08 3.193176E-08 1.582139E-08
520 2.438036E+02 5.178571E-01 1.455859E+00 1.527868E-07 1.233274E-07 1.336322E-07 1.461132E-07 1.171208E-07 1.024027E-07 7.018214E-08 3.095308E-08 1.533648E-08
521 2.443214E+02 5.178571E-01 1.455859E+00 1.481040E-07 1.195475E-07 1.295365E-07 1.416350E-07 1.135312E-07 9.926418E-08 6.803114E-08 3.000440E-08 1.486644E-08
522 2.448393E+02 5.178571E-01 1.455859E+00 1.435648E-07 1.158835E-07 1.255664E-07 1.372941E-07 1.100516E-07 9.622185E-08 6.594606E-08 2.908480E-08 1.441080E-08
523 2.453571E+02 5.178571E-01 1.455859E+00 1.391647E-07 1.123318E-07 1.217179E-07 1.330862E-07 1.066787E-07 9.327277E-08 6.392490E-08 2.819339E-08 1.396913E-08
524 2.458750E+02 5.178571E-01 1.455859E+00 1.348995E-07 1.088890E-07 1.179874E-07 1.290073E-07 1.034091E-07 9.041409E-08 6.196568E-08 2.732930E-08 1.354099E-08
525 2.463929E+02 5.178571E-01 1.455859E+00 1.307650E-07 1.055517E-07 1.143713E-07 1.250534E-07 1.002398E-07 8.764302E-08 6.006652E-08 2.649170E-08 1.312598E-08
526 2.469107E+02 5.178571E-01 1.455859E+00 1.267573E-07 1.023167E-07 1.108659E-07 1.212207E-07 9.716756E-08 8.495689E-08 5.822557E-08 2.567976E-08 1.272369E-08
527 2.474286E+02 5.178571E-01 1.455859E+00 1.228723E-07 9.918087E-08 1.074681E-07 1.175054E-07 9.418952E-08 8.235309E-08 5.644105E-08 2.489272E-08 1.233372E-08
528 2.479464E+02 5.178571E-01 1.455859E+00 1.191065E-07 9.614113E-08 1.041743E-07 1.139041E-07 9.130276E-08 7.982910E-08 5.471122E-08 2.412980E-08 1.195571E-08
529 2.484643E+02 5.178571E-01 1.455859E+00 1.154561E-07 9.319456E-08 1.009816E-07 1.104131E-07 8.850449E-08 7.738247E-08 5.303441E-08 2.339026E-08 1.158929E-08
530 2.489821E+02 5.178571E-01 1.455859E+00 1.119176E-07 9.033831E-08 9.788666E-08 1.070291E-07 8.579197E-08 7.501083E-08 5.140900E-08 2.267339E-08 1.123410E-08
531 2.495000E+02 5.178571E-01 1.455859E+00 1.084875E-07 8.756960E-08 9.488661E-08 1.037489E-07 8.316260E-08 7.271188E-08 4.983340E-08 2.197849E-08 1.088979E-08
532 2.500179E+02 5.178571E-01 1.455859E+00 1.051625E-07 8.488575E-08 9.197851E-08 1.005692E-07 8.061382E-08 7.048339E-08 4.830610E-08 2.130489E-08 1.055604E-08
533 2.505357E+02 5.178571E-01 1.455859E+00 1.019395E-07 8.228416E-08 8.915954E-08 9.748691E-08 7.814316E-08 6.832321E-08 4.682561E-08 2.065193E-08 1.023252E-08
534 2.510536E+02 5.178571E-01 1.455859E+00 9.881525E-08 7.976231E-08 8.642697E-08 9.449912E-08 7.574822E-08 6.622923E-08 4.539049E-08 2.001899E-08 9.918912E-09
535 2.515714E+02 5.178571E-01 1.455859E+00 9.578676E-08 7.731775E-08 8.377816E-08 9.160291E-08 7.342669E-08 6.419944E-08 4.399936E-08 1.940545E-08 9.614917E-09
536 2.520893E+02 5.178571E-01 1.455859E+00 9.285109E-08 7.494812E-08 8.121053E-08 8.879547E-08 7.117631E-08 6.223186E-08 4.265087E-08 1.881071E-08 9.320240E-09
537 2.526071E+02 5.178571E-01 1.455859E+00 9.000540E-08 7.265112E-08 7.872159E-08 8.607407E-08 6.899490E-08 6.032458E-08 4.134371E-08 1.823420E-08 9.034594E-09
538 2.531250E+02 5.178571E-01 1.455859E+00 8.724692E-08 7.042451E-08 7.630894E-08 8.343608E-08 6.688036E-08 5.847576E-08 4.007661E-08 1.767536E-08 8.757703E-09
539 2.536429E+02 5.178571E-01 1.455859E+00 8.457300E-08 6.826616E-08 7.397024E-08 8.087895E-08 6.483062E-08 5.668360E-08 3.884835E-08 1.713365E-08 8.489298E-09
540 2.541607E+02 5.178571E-01 1.455859E+00 8.198102E-08 6.617395E-08 7.170321E-08 7.840019E-08 6.284370E-08 5.494638E-08 3.765774E-08 1.660854E-08 8.229120E-09
541 2.546786E+02 5.178571E-01 1.455859E+00 7.946849E-08 6.414587E-08 6.950567E-08 7.599740E-08 6.091768E-08 5.326239E-08 3.650361E-08 1.609953E-08 7.976916E-09
542 2.551964E+02 5.178571E-01 1.455859E+00 7.703296E-08 6.217994E-08 6.737548E-08 7.366825E-08 5.905070E-08 5.163002E-08 3.538486E-08 1.560611E-08 7.732442E-09
543 2.557143E+02 5.178571E-01 1.455859E+00 7.467208E-08 6.027427E-08 6.531058E-08 7.141049E-08 5.724093E-08 5.004768E-08 3.430040E-08 1.512782E-08 7.495460E-09
544 2.562321E+02 5.178571E-01 1.455859E+00 7.238356E-08 5.842701E-08 6.330897E-08 6.922193E-08 5.548663E-08 4.851384E-08 3.324917E-08 1.466419E-08 7.265742E-09
545 2.567500E+02 5.178571E-01 1.455859E+00 7.016518E-08 5.663636E-08 6.136870E-08 6.710044E-08 5.378610E-08 4.702701E-08 3.223016E-08 1.421477E-08 7.043065E-09
546 2.572679E+02 5.178571E-01 1.455859E+00 6.801478E-08 5.490060E-08 5.948790E-08 6.504398E-08 5.213769E-08 4.558575E-08 3.124239E-08 1.377912E-08 6.827212E-09
547 2.577857E+02 5.178571E-01 1.455859E+00 6.593030E-08 5.321803E-08 5.766474E-08 6.305054E-08 5.053980E-08 4.418866E-08 3.028489E-08 1.335682E-08 6.617975E-09
548 2.583036E+02 5.178571E-01 1.455859E+00 6.390970E-08 5.158703E-08 5.589746E-08 6.111820E-08 4.899088E-08 4.283439E-08 2.935673E-08 1.294747E-08 6.415151E-09
549 2.588214E+02 5.178571E-01 1.455859E+00 6.195103E-08 5.000602E-08 5.418435E-08 5.924509E-08 4.748943E-08 4.152162E-08 2.845702E-08 1.255066E-08 6.218543E-09
550 2.593393E+02 5.178571E-01 1.455859E+00 6.005239E-08 4.847346E-08 5.252374E-08 5.742938E-08 4.603401E-08 4.024909E-08 2.758489E-08 1.216602E-08 6.027960E-09
551 2.598571E+02 5.178571E-01 1.455859E+00 5.821194E-08 4.698788E-08 5.091402E-08 5.566932E-08 4.462318E-08 3.901556E-08 2.673948E-08 1.179316E-08 5.843219E-09
552 2.603750E+02 5.178571E-01 1.455859E+00 5.642790E-08 4.554782E-08 4.935364E-08 5.396320E-08 4.325560E-08 3.781984E-08 2.591999E-08 1.143173E-08 5.664140E-09
553 2.608929E+02 5.178571E-01 1.455859E+00 5.469854E-08 4.415191E-08 4.784108E-08 5.230937E-08 4.192993E-08 3.666076E-08 2.512561E-08 1.108138E-08 5.490549E-09
554 2.614107E+02 5.178571E-01 1.455859E+00 5.302217E-08 4.279877E-08 4.637488E-08 5.070623E-08 4.064489E-08 3.553721E-08 2.435558E-08 1.074177E-08 5.322279E-09
555 2.619286E+02 5.178571E-01 1.455859E+00 5.139719E-08 4.148710E-08 4.495362E-08 4.915222E-08 3.939924E-08 3.444809E-08 2.360915E-08 1.041256E-08 5.159165E-09
556 2.624464E+02 5.178571E-01 1.455859E+00 4.982201E-08 4.021564E-08 4.357592E-08 4.764584E-08 3.819176E-08 3.339235E-08 2.288559E-08 1.009344E-08 5.001051E-09
557 2.629643E+02 5.178571E-01 1.455859E+00 4.829510E-08 3.898314E-08 4.224043E-08 4.618563E-08 3.702129E-08 3.236897E-08 2.218421E-08 9.784108E-09 4.847783E-09
558 2.634821E+02 5.178571E-01 1.455859E+00 4.681499E-08 3.778842E-08 4.094588E-08 4.477017E-08 3.588669E-08 3.137695E-08 2.150433E-08 9.484252E-09 4.699212E-09
559 2.640000E+02 5.178571E-01 1.455859E+00 4.538024E-08 3.663031E-08 3.969101E-08 4.339809E-08 3.478686E-08 3.041533E-08 2.084528E-08 9.193587E-09 4.555194E-09
560 2.645179E+02 5.178571E-01 1.455859E+00 4.398947E-08 3.550769E-08 3.847459E-08 4.206806E-08 3.372075E-08 2.948319E-08 2.020643E-08 8.911830E-09 4.415590E-09
561 2.650357E+02 5.178571E-01 1.455859E+00 4.264132E-08 3.441948E-08 3.729546E-08 4.077880E-08 3.268730E-08 2.857961E-08 1.958716E-08 8.638708E-09 4.280265E-09
562 2.655536E+02 5.178571E-01 1.455859E+00 4.133449E-08 3.336463E-08 3.615246E-08 3.952904E-08 3.168553E-08 2.770373E-08 1.898687E-08 8.373956E-09 4.149088E-09
563 2.660714E+02 5.178571E-01 1.455859E+00 4.006770E-08 3.234210E-08 3.504449E-08 3.831759E-08 3.071446E-08 2.685469E-08 1.840498E-08 8.117319E-09 4.021930E-09
564 2.665893E+02 5.178571E-01 1.455859E+00 3.883975E-08 3.135091E-08 3.397048E-08 3.714327E-08 2.977315E-08 2.603168E-08 1.784092E-08 7.868547E-09 3.898670E-09
565 2.671071E+02 5.178571E-01 1.455859E+00 3.764942E-08 3.039009E-08 3.292939E-08 3.600494E-08 2.886069E-08 2.523388E-08 1.729415E-08 7.627399E-09 3.779187E-09
566 2.676250E+02 5.178571E-01 1.455859E+00 3.649558E-08 2.945873E-08 3.192020E-08 3.490150E-08 2.797620E-08 2.446054E-08 1.676414E-08 7.393642E-09 3.663366E-09
567 2.681429E+02 5.178571E-01 1.455859E+00 3.537710E-08 2.855591E-08 3.094194E-08 3.383187E-08 2.711881E-08 2.371090E-08 1.625037E-08 7.167049E-09 3.551095E-09
568 2.686607E+02 5.178571E-01 1.455859E+00 3.429290E-08 2.768075E-08 2.999366E-08 3.279503E-08 2.628770E-08 2.298423E-08 1.575234E-08 6.947401E-09 3.442265E-09
569 2.691786E+02 5.178571E-01 1.455859E+00 3.324192E-08 2.683242E-08 2.907445E-08 3.178996E-08 2.548206E-08 2.227983E-08 1.526958E-08 6.734484E-09 3.336770E-09
570 2.696964E+02 5.178571E-01 1.455859E+00 3.222316E-08 2.601009E-08 2.818340E-08 3.081569E-08 2.470112E-08 2.159702E-08 1.480161E-08 6.528092E-09 3.234508E-09
571 2.702143E+02 5.178571E-01 1.455859E+00 3.123562E-08 2.521296E-08 2.731967E-08 2.987128E-08 2.394410E-08 2.093514E-08 1.434799E-08 6.328026E-09 3.135380E-09
572 2.707321E+02 5.178571E-01 1.455859E+00 3.027834E-08 2.444026E-08 2.648241E-08 2.895582E-08 2.321029E-08 2.029354E-08 1.390827E-08 6.134092E-09 3.039290E-09
573 2.712500E+02 5.178571E-01 1.455859E+00 2.935041E-08 2.369124E-08 2.567080E-08 2.806842E-08 2.249897E-08 1.967161E-08 1.348202E-08 5.946101E-09 2.946145E-09
574 2.717679E+02 5.178571E-01 1.455859E+00 2.845091E-08 2.296518E-08 2.488407E-08 2.720821E-08 2.180944E-08 1.906873E-08 1.306884E-08 5.763871E-09 2.855855E-09
575 2.722857E+02 5.178571E-01 1.455859E+00 2.757898E-08 2.226137E-08 2.412145E-08 2.637436E-08 2.114105E-08 1.848434E-08 1.266832E-08 5.587227E-09 2.768332E-09
576 2.728036E+02 5.178571E-01 1.455859E+00 2.673377E-08 2.157913E-08 2.338221E-08 2.556607E-08 2.049314E-08 1.791785E-08 1.228008E-08 5.415996E-09 2.683492E-09
577 2.733214E+02 5.178571E-01 1.455859E+00 2.591446E-08 2.091780E-08 2.266561E-08 2.478255E-08 1.986509E-08 1.736872E-08 1.190373E-08 5.250013E-09 2.601251E-09
578 2.738393E+02 5.178571E-01 1.455859E+00 2.512027E-08 2.027673E-08 2.197098E-08 2.402304E-08 1.925629E-08 1.683643E-08 1.153892E-08 5.089116E-09 2.521531E-09
579 2.743571E+02 5.178571E-01 1.455859E+00 2.435041E-08 1.965531E-08 2.129764E-08 2.328681E-08 1.866615E-08 1.632045E-08 1.118529E-08 4.933151E-09 2.444254E-09
580 2.748750E+02 5.178571E-01 1.455859E+00 2.360415E-08 1.905294E-08 2.064494E-08 2.257315E-08 1.809409E-08 1.582028E-08 1.084249E-08 4.781966E-09 2.369345E-09
581 2.753929E+02 5.178571E-01 1.455859E+00 2.288076E-08 1.846903E-08 2.001224E-08 2.188135E-08 1.753956E-08 1.533544E-08 1.051021E-08 4.635414E-09 2.296733E-09
582 2.759107E+02 5.178571E-01 1.455859E+00 2.217953E-08 1.790301E-08 1.939893E-08 2.121076E-08 1.700203E-08 1.486545E-08 1.018810E-08 4.493353E-09 2.226345E-09
583 2.764286E+02 5.178571E-01 1.455859E+00 2.149980E-08 1.735434E-08 1.880441E-08 2.056072E-08 1.648098E-08 1.440988E-08 9.875870E-09 4.355647E-09 2.158115E-09
584 2.769464E+02 5.178571E-01 1.455859E+00 2.084090E-08 1.682249E-08 1.822812E-08 1.993060E-08 1.597589E-08 1.396826E-08 9.573207E-09 4.222160E-09 2.091976E-09
585 2.774643E+02 5.178571E-01 1.455859E+00 2.020220E-08 1.630694E-08 1.766949E-08 1.931979E-08 1.548628E-08 1.354018E-08 9.279819E-09 4.092765E-09 2.027863E-09
586 2.779821E+02 5.178571E-01 1.455859E+00 1.958307E-08 1.580718E-08 1.712797E-08 1.872770E-08 1.501167E-08 1.312521E-08 8.995423E-09 3.967335E-09 1.965716E-09
587 2.785000E+02 5.178571E-01 1.455859E+00 1.898291E-08 1.532274E-08 1.660306E-08 1.815376E-08 1.455162E-08 1.272297E-08 8.719742E-09 3.845749E-09 1.905473E-09
588 2.790179E+02 5.178571E-01 1.455859E+00 1.840114E-08 1.485315E-08 1.609423E-08 1.759740E-08 1.410566E-08 1.233305E-08 8.452511E-09 3.727889E-09 1.847077E-09
589 2.795357E+02 5.178571E-01 1.455859E+00 1.783721E-08 1.439795E-08 1.560099E-08 1.705810E-08 1.367336E-08 1.195509E-08 8.193469E-09 3.613642E-09 1.790470E-09
590 2.800536E+02 5.178571E-01 1.455859E+00 1.729056E-08 1.395670E-08 1.512287E-08 1.653533E-08 1.325432E-08 1.158870E-08 7.942366E-09 3.502895E-09 1.735598E-09
