0 -2.548214E+01 5.178571E-01 0.000000E+00 1.713132E-01 1.382816E-01 1.498360E-01 1.638304E-01 1.313225E-01 1.148197E-01 7.869220E-02 3.470635E-02 1.719614E-02
1 -2.496429E+01 5.178571E-01 0.000000E+00 1.713132E-01 1.382816E-01 1.498360E-01 1.638304E-01 1.313225E-01 1.148197E-01 7.869220E-02 3.470635E-02 1.719614E-02
2 -2.444643E+01 5.178571E-01 1.689209E-01 1.713132E-01 1.382816E-01 1.498359E-01 1.638304E-01 1.313225E-01 1.148197E-01 7.869218E-02 3.470634E-02 1.719613E-02
3 -2.392857E+01 5.178571E-01 3.468894E+00 1.713126E-01 1.382812E-01 1.498355E-01 1.638299E-01 1.313221E-01 1.148193E-01 7.869193E-02 3.470623E-02 1.719608E-02
4 -2.341071E+01 5.178571E-01 8.093230E+00 1.713115E-01 1.382803E-01 1.498345E-01 1.638288E-01 1.313213E-01 1.148186E-01 7.869144E-02 3.470601E-02 1.719597E-02
5 -2.289286E+01 5.178571E-01 9.522322E+00 1.713103E-01 1.382793E-01 1.498335E-01 1.638277E-01 1.313203E-01 1.148178E-01 7.869089E-02 3.470577E-02 1.719585E-02
6 -2.237500E+01 5.178571E-01 9.099507E+00 1.713091E-01 1.382783E-01 1.498324E-01 1.638265E-01 1.313194E-01 1.148170E-01 7.869030E-02 3.470551E-02 1.719572E-02
7 -2.185714E+01 5.178571E-01 5.812589E+00 1.713081E-01 1.382775E-01 1.498315E-01 1.638255E-01 1.313186E-01 1.148163E-01 7.868986E-02 3.470532E-02 1.719562E-02
8 -2.133929E+01 5.178571E-01 3.978590E+00 1.713073E-01 1.382769E-01 1.498308E-01 1.638248E-01 1.313180E-01 1.148158E-01 7.868948E-02 3.470515E-02 1.719554E-02
9 -2.082143E+01 5.178571E-01 4.759281E+00 1.713061E-01 1.382759E-01 1.498298E-01 1.638236E-01 1.313171E-01 1.148150E-01 7.868894E-02 3.470491E-02 1.719542E-02
10 -2.030357E+01 5.178571E-01 4.781279E+00 1.713047E-01 1.382748E-01 1.498285E-01 1.638223E-01 1.313160E-01 1.148140E-01 7.868830E-02 3.470463E-02 1.719528E-02
11 -1.978571E+01 5.178571E-01 4.000323E+00 1.713033E-01 1.382737E-01 1.498273E-01 1.638210E-01 1.313149E-01 1.148131E-01 7.868765E-02 3.470435E-02 1.719514E-02
12 -1.926786E+01 5.178571E-01 3.002535E+00 1.713020E-01 1.382727E-01 1.498262E-01 1.638198E-01 1.313140E-01 1.148123E-01 7.868709E-02 3.470409E-02 1.719502E-02
13 -1.875000E+01 5.178571E-01 1.816319E+00 1.713012E-01 1.382720E-01 1.498255E-01 1.638190E-01 1.313133E-01 1.148117E-01 7.868669E-02 3.470392E-02 1.719493E-02
14 -1.823214E+01 5.178571E-01 1.559247E+00 1.713003E-01 1.382713E-01 1.498247E-01 1.638181E-01 1.313127E-01 1.148111E-01 7.868630E-02 3.470375E-02 1.719485E-02
15 -1.771429E+01 5.178571E-01 1.966781E+00 1.712992E-01 1.382703E-01 1.498237E-01 1.638170E-01 1.313118E-01 1.148103E-01 7.868576E-02 3.470351E-02 1.719473E-02
16 -1.719643E+01 5.178571E-01 2.015504E+00 1.712979E-01 1.382693E-01 1.498226E-01 1.638158E-01 1.313108E-01 1.148095E-01 7.868516E-02 3.470324E-02 1.719460E-02
17 -1.667857E+01 5.178571E-01 1.837508E+00 1.712965E-01 1.382682E-01 1.498214E-01 1.638145E-01 1.313098E-01 1.148086E-01 7.868456E-02 3.470298E-02 1.719446E-02
18 -1.616071E+01 5.178571E-01 1.141606E+00 1.712957E-01 1.382675E-01 1.498206E-01 1.638137E-01 1.313091E-01 1.148080E-01 7.868415E-02 3.470280E-02 1.719438E-02
19 -1.564286E+01 5.178571E-01 2.494869E-01 1.712954E-01 1.382673E-01 1.498205E-01 1.638135E-01 1.313089E-01 1.148078E-01 7.868405E-02 3.470276E-02 1.719436E-02
20 -1.512500E+01 5.178571E-01 5.196387E-01 1.712950E-01 1.382670E-01 1.498201E-01 1.638130E-01 1.313086E-01 1.148075E-01 7.868384E-02 3.470266E-02 1.719431E-02
21 -1.460714E+01 5.178571E-01 1.213893E+00 1.712939E-01 1.382661E-01 1.498191E-01 1.638120E-01 1.313077E-01 1.148068E-01 7.868334E-02 3.470244E-02 1.719420E-02
22 -1.408929E+01 5.178571E-01 1.855092E+00 1.712921E-01 1.382646E-01 1.498175E-01 1.638103E-01 1.313064E-01 1.148056E-01 7.868252E-02 3.470208E-02 1.719402E-02
23 -1.357143E+01 5.178571E-01 2.431703E+00 1.712897E-01 1.382627E-01 1.498154E-01 1.638079E-01 1.313045E-01 1.148040E-01 7.868140E-02 3.470159E-02 1.719377E-02
24 -1.305357E+01 5.178571E-01 1.417508E+00 1.712881E-01 1.382614E-01 1.498141E-01 1.638065E-01 1.313033E-01 1.148030E-01 7.868070E-02 3.470128E-02 1.719362E-02
25 -1.253571E+01 5.178571E-01 1.479046E+00 1.712864E-01 1.382601E-01 1.498126E-01 1.638049E-01 1.313020E-01 1.148018E-01 7.867992E-02 3.470093E-02 1.719345E-02
26 -1.201786E+01 5.178571E-01 1.464872E+00 1.712847E-01 1.382586E-01 1.498110E-01 1.638031E-01 1.313007E-01 1.148006E-01 7.867910E-02 3.470057E-02 1.719327E-02
27 -1.150000E+01 5.178571E-01 1.416098E+00 1.712828E-01 1.382571E-01 1.498094E-01 1.638014E-01 1.312992E-01 1.147994E-01 7.867825E-02 3.470020E-02 1.719309E-02
28 -1.098214E+01 5.178571E-01 1.361035E+00 1.712809E-01 1.382556E-01 1.498078E-01 1.637996E-01 1.312978E-01 1.147981E-01 7.867739E-02 3.469982E-02 1.719290E-02
29 -1.046429E+01 5.178571E-01 1.318894E+00 1.712790E-01 1.382541E-01 1.498061E-01 1.637978E-01 1.312963E-01 1.147968E-01 7.867650E-02 3.469943E-02 1.719271E-02
30 -9.946429E+00 5.178571E-01 1.340837E+00 3.432391E-02 2.770578E-02 3.002078E-02 3.282468E-02 2.631147E-02 2.300501E-02 1.576658E-02 6.953683E-03 3.445377E-03
31 -9.428571E+00 5.178571E-01 1.447778E+00 3.432344E-02 2.770541E-02 3.002037E-02 3.282423E-02 2.631111E-02 2.300470E-02 1.576637E-02 6.953588E-03 3.445330E-03
32 -8.910714E+00 5.178571E-01 1.529898E+00 3.432293E-02 2.770499E-02 3.001992E-02 3.282374E-02 2.631072E-02 2.300435E-02 1.576613E-02 6.953484E-03 3.445279E-03
33 -8.392857E+00 5.178571E-01 1.553286E+00 3.432239E-02 2.770456E-02 3.001946E-02 3.282323E-02 2.631031E-02 2.300400E-02 1.576589E-02 6.953376E-03 3.445225E-03
34 -7.875000E+00 5.178571E-01 1.520767E+00 3.432186E-02 2.770413E-02 3.001899E-02 3.282272E-02 2.630990E-02 2.300364E-02 1.576564E-02 6.953268E-03 3.445172E-03
35 -7.357143E+00 5.178571E-01 1.432925E+00 3.432136E-02 2.770372E-02 3.001855E-02 3.282224E-02 2.630952E-02 2.300330E-02 1.576541E-02 6.953166E-03 3.445121E-03
36 -6.839286E+00 5.178571E-01 1.443251E+00 3.432084E-02 2.770331E-02 3.001810E-02 3.282175E-02 2.630912E-02 2.300296E-02 1.576518E-02 6.953062E-03 3.445070E-03
37 -6.321429E+00 5.178571E-01 1.438639E+00 3.432033E-02 2.770290E-02 3.001765E-02 3.282126E-02 2.630873E-02 2.300261E-02 1.576494E-02 6.952958E-03 3.445018E-03
38 -5.803571E+00 5.178571E-01 1.436477E+00 3.431981E-02 2.770248E-02 3.001720E-02 3.282077E-02 2.630834E-02 2.300227E-02 1.576470E-02 6.952854E-03 3.444966E-03
39 -5.285714E+00 5.178571E-01 1.438731E+00 3.431930E-02 2.770207E-02 3.001675E-02 3.282027E-02 2.630794E-02 2.300192E-02 1.576447E-02 6.952749E-03 3.444915E-03
40 -4.767857E+00 5.178571E-01 1.446275E+00 3.431878E-02 2.770165E-02 3.001630E-02 3.281978E-02 2.630755E-02 2.300158E-02 1.576423E-02 6.952645E-03 3.444863E-03
41 -4.250000E+00 5.178571E-01 1.458259E+00 3.431826E-02 2.770123E-02 3.001585E-02 3.281928E-02 2.630715E-02 2.300123E-02 1.576399E-02 6.952540E-03 3.444811E-03
42 -3.732143E+00 5.178571E-01 1.468803E+00 3.431774E-02 2.770081E-02 3.001539E-02 3.281879E-02 2.630675E-02 2.300088E-02 1.576375E-02 6.952434E-03 3.444759E-03
43 -3.214286E+00 5.178571E-01 1.469851E+00 3.431722E-02 2.770039E-02 3.001494E-02 3.281829E-02 2.630635E-02 2.300053E-02 1.576351E-02 6.952329E-03 3.444706E-03
44 -2.696429E+00 5.178571E-01 1.463741E+00 3.431671E-02 2.769998E-02 3.001449E-02 3.281780E-02 2.630596E-02 2.300019E-02 1.576328E-02 6.952225E-03 3.444655E-03
45 -2.178571E+00 5.178571E-01 1.455398E+00 3.431620E-02 2.769957E-02 3.001405E-02 3.281731E-02 2.630557E-02 2.299985E-02 1.576305E-02 6.952122E-03 3.444604E-03
46 -1.660714E+00 5.178571E-01 1.449695E+00 3.431570E-02 2.769916E-02 3.001361E-02 3.281683E-02 2.630518E-02 2.299951E-02 1.576281E-02 6.952020E-03 3.444554E-03
47 -1.142857E+00 5.178571E-01 1.451943E+00 3.431520E-02 2.769876E-02 3.001317E-02 3.281635E-02 2.630480E-02 2.299918E-02 1.576259E-02 6.951919E-03 3.444503E-03
48 -6.250000E-01 5.178571E-01 1.452587E+00 3.431470E-02 2.769836E-02 3.001273E-02 3.281588E-02 2.630442E-02 2.299884E-02 1.576236E-02 6.951818E-03 3.444454E-03
49 -1.071429E-01 5.178571E-01 1.453917E+00 3.431421E-02 2.769796E-02 3.001230E-02 3.281541E-02 2.630404E-02 2.299851E-02 1.576213E-02 6.951718E-03 3.444404E-03
50 4.107143E-01 5.178571E-01 1.455528E+00 3.431372E-02 2.769756E-02 3.001187E-02 3.281494E-02 2.630366E-02 2.299818E-02 1.576191E-02 6.951619E-03 3.444355E-03
51 9.285714E-01 5.178571E-01 1.457047E+00 3.431323E-02 2.769717E-02 3.001145E-02 3.281447E-02 2.630329E-02 2.299786E-02 1.576168E-02 6.951521E-03 3.444306E-03
52 1.446429E+00 5.178571E-01 1.457972E+00 3.431275E-02 2.769678E-02 3.001103E-02 3.281401E-02 2.630292E-02 2.299754E-02 1.576146E-02 6.951423E-03 3.444258E-03
53 1.964286E+00 5.178571E-01 1.457851E+00 3.431227E-02 2.769639E-02 3.001061E-02 3.281355E-02 2.630255E-02 2.299721E-02 1.576124E-02 6.951326E-03 3.444209E-03
54 2.482143E+00 5.178571E-01 1.456768E+00 3.431180E-02 2.769601E-02 3.001019E-02 3.281310E-02 2.630219E-02 2.299690E-02 1.576102E-02 6.951230E-03 3.444162E-03
55 3.000000E+00 5.178571E-01 1.455568E+00 3.431133E-02 2.769563E-02 3.000978E-02 3.281265E-02 2.630183E-02 2.299658E-02 1.576081E-02 6.951135E-03 3.444115E-03
56 3.517857E+00 5.178571E-01 1.454871E+00 3.431086E-02 2.769526E-02 3.000937E-02 3.281221E-02 2.630147E-02 2.299627E-02 1.576059E-02 6.951040E-03 3.444068E-03
57 4.035714E+00 5.178571E-01 1.454888E+00 3.431040E-02 2.769488E-02 3.000897E-02 3.281176E-02 2.630112E-02 2.299596E-02 1.576038E-02 6.950947E-03 3.444022E-03
58 4.553571E+00 5.178571E-01 1.455405E+00 3.430994E-02 2.769451E-02 3.000857E-02 3.281133E-02 2.630077E-02 2.299565E-02 1.576017E-02 6.950854E-03 3.443976E-03
59 5.071429E+00 5.178571E-01 1.455700E+00 3.430949E-02 2.769415E-02 3.000817E-02 3.281089E-02 2.630042E-02 2.299535E-02 1.575996E-02 6.950762E-03 3.443930E-03
60 5.589286E+00 5.178571E-01 1.455982E+00 3.430904E-02 2.769378E-02 3.000778E-02 3.281046E-02 2.630008E-02 2.299505E-02 1.575976E-02 6.950671E-03 3.443885E-03
61 6.107143E+00 5.178571E-01 1.456160E+00 3.430860E-02 2.769343E-02 3.000739E-02 3.281004E-02 2.629974E-02 2.299475E-02 1.575955E-02 6.950581E-03 3.443840E-03
62 6.625000E+00 5.178571E-01 1.456205E+00 3.430815E-02 2.769307E-02 3.000701E-02 3.280961E-02 2.629940E-02 2.299445E-02 1.575935E-02 6.950491E-03 3.443796E-03
63 7.142857E+00 5.178571E-01 1.456116E+00 3.430772E-02 2.769272E-02 3.000662E-02 3.280920E-02 2.629906E-02 2.299416E-02 1.575915E-02 6.950403E-03 3.443752E-03
64 7.660714E+00 5.178571E-01 1.455940E+00 3.430728E-02 2.769237E-02 3.000624E-02 3.280878E-02 2.629873E-02 2.299387E-02 1.575895E-02 6.950315E-03 3.443709E-03
65 8.178571E+00 5.178571E-01 1.455766E+00 3.430685E-02 2.769202E-02 3.000587E-02 3.280837E-02 2.629840E-02 2.299358E-02 1.575875E-02 6.950228E-03 3.443666E-03
66 8.696429E+00 5.178571E-01 1.455683E+00 3.430643E-02 2.769168E-02 3.000550E-02 3.280797E-02 2.629808E-02 2.299330E-02 1.575856E-02 6.950142E-03 3.443623E-03
67 9.214286E+00 5.178571E-01 1.455703E+00 3.430601E-02 2.769134E-02 3.000513E-02 3.280756E-02 2.629775E-02 2.299302E-02 1.575836E-02 6.950057E-03 3.443581E-03
68 9.732143E+00 5.178571E-01 1.455785E+00 3.430559E-02 2.769100E-02 3.000476E-02 3.280716E-02 2.629743E-02 2.299274E-02 1.575817E-02 6.949972E-03 3.443539E-03
69 1.025000E+01 5.178571E-01 1.455866E+00 3.430518E-02 2.769067E-02 3.000440E-02 3.280677E-02 2.629712E-02 2.299246E-02 1.575798E-02 6.949888E-03 3.443497E-03
70 1.076786E+01 5.178571E-01 1.455904E+00 3.430477E-02 2.769034E-02 3.000404E-02 3.280638E-02 2.629680E-02 2.299218E-02 1.575779E-02 6.949806E-03 3.443456E-03
71 1.128571E+01 5.178571E-01 1.455921E+00 3.430436E-02 2.769001E-02 3.000369E-02 3.280599E-02 2.629649E-02 2.299191E-02 1.575761E-02 6.949723E-03 3.443416E-03
72 1.180357E+01 5.178571E-01 1.455913E+00 3.430396E-02 2.768969E-02 3.000334E-02 3.280561E-02 2.629618E-02 2.299164E-02 1.575742E-02 6.949642E-03 3.443375E-03
73 1.232143E+01 5.178571E-01 1.455889E+00 3.430356E-02 2.768936E-02 3.000299E-02 3.280523E-02 2.629588E-02 2.299138E-02 1.575724E-02 6.949562E-03 3.443335E-03
74 1.283929E+01 5.178571E-01 1.455860E+00 3.430317E-02 2.768905E-02 3.000265E-02 3.280485E-02 2.629558E-02 2.299111E-02 1.575706E-02 6.949482E-03 3.443296E-03
75 1.335714E+01 5.178571E-01 1.455837E+00 3.430278E-02 2.768873E-02 3.000231E-02 3.280448E-02 2.629528E-02 2.299085E-02 1.575688E-02 6.949403E-03 3.443257E-03
76 1.387500E+01 5.178571E-01 1.455829E+00 3.430239E-02 2.768842E-02 3.000197E-02 3.280411E-02 2.629498E-02 2.299059E-02 1.575670E-02 6.949325E-03 3.443218E-03
77 1.439286E+01 5.178571E-01 1.455836E+00 3.430201E-02 2.768811E-02 3.000163E-02 3.280374E-02 2.629469E-02 2.299034E-02 1.575653E-02 6.949247E-03 3.443180E-03
78 1.491071E+01 5.178571E-01 1.455851E+00 3.430163E-02 2.768781E-02 3.000130E-02 3.280338E-02 2.629440E-02 2.299008E-02 1.575635E-02 6.949170E-03 3.443142E-03
79 1.542857E+01 5.178571E-01 1.455864E+00 3.430126E-02 2.768750E-02 3.000097E-02 3.280302E-02 2.629411E-02 2.298983E-02 1.575618E-02 6.949094E-03 3.443104E-03
80 1.594643E+01 5.178571E-01 1.455871E+00 3.430089E-02 2.768720E-02 3.000065E-02 3.280267E-02 2.629383E-02 2.298958E-02 1.575601E-02 6.949019E-03 3.443067E-03
81 1.646429E+01 5.178571E-01 1.455870E+00 3.430052E-02 2.768691E-02 3.000033E-02 3.280231E-02 2.629354E-02 2.298934E-02 1.575584E-02 6.948945E-03 3.443030E-03
82 1.698214E+01 5.178571E-01 1.455867E+00 3.430016E-02 2.768661E-02 3.000001E-02 3.280197E-02 2.629327E-02 2.298909E-02 1.575567E-02 6.948871E-03 3.442993E-03
83 1.750000E+01 5.178571E-01 1.455862E+00 3.429979E-02 2.768632E-02 2.999969E-02 3.280162E-02 2.629299E-02 2.298885E-02 1.575551E-02 6.948798E-03 3.442957E-03
84 1.801786E+01 5.178571E-01 1.455857E+00 3.429944E-02 2.768603E-02 2.999938E-02 3.280128E-02 2.629271E-02 2.298861E-02 1.575534E-02 6.948725E-03 3.442921E-03
85 1.853571E+01 5.178571E-01 1.455855E+00 3.429908E-02 2.768575E-02 2.999907E-02 3.280094E-02 2.629244E-02 2.298837E-02 1.575518E-02 6.948654E-03 3.442885E-03
86 1.905357E+01 5.178571E-01 1.455854E+00 1.438059E-01 1.160782E-01 1.257773E-01 1.375247E-01 1.102365E-01 9.638347E-02 6.605683E-02 2.913365E-02 1.443500E-02
87 1.957143E+01 5.178571E-01 1.455856E+00 1.438045E-01 1.160770E-01 1.257760E-01 1.375233E-01 1.102353E-01 9.638248E-02 6.605615E-02 2.913336E-02 1.443486E-02
88 2.008929E+01 5.178571E-01 1.455859E+00 1.438030E-01 1.160758E-01 1.257747E-01 1.375218E-01 1.102342E-01 9.638149E-02 6.605547E-02 2.913306E-02 1.443471E-02
89 2.060714E+01 5.178571E-01 1.455861E+00 1.438015E-01 1.160746E-01 1.257733E-01 1.375204E-01 1.102330E-01 9.638047E-02 6.605478E-02 2.913275E-02 1.443455E-02
90 2.112500E+01 5.178571E-01 1.455861E+00 1.437999E-01 1.160733E-01 1.257720E-01 1.375189E-01 1.102318E-01 9.637944E-02 6.605406E-02 2.913244E-02 1.443440E-02
91 2.164286E+01 5.178571E-01 1.455861E+00 1.437983E-01 1.160720E-01 1.257706E-01 1.375174E-01 1.102306E-01 9.637836E-02 6.605333E-02 2.913211E-02 1.443424E-02
92 2.216071E+01 5.178571E-01 1.455860E+00 1.437967E-01 1.160707E-01 1.257691E-01 1.375158E-01 1.102293E-01 9.637725E-02 6.605257E-02 2.913177E-02 1.443407E-02
93 2.267857E+01 5.178571E-01 1.455859E+00 1.437949E-01 1.160693E-01 1.257676E-01 1.375141E-01 1.102280E-01 9.637610E-02 6.605177E-02 2.913143E-02 1.443390E-02
94 2.319643E+01 5.178571E-01 1.455859E+00 1.437931E-01 1.160678E-01 1.257661E-01 1.375124E-01 1.102267E-01 9.637489E-02 6.605095E-02 2.913106E-02 1.443372E-02
95 2.371429E+01 5.178571E-01 1.455858E+00 1.437913E-01 1.160663E-01 1.257644E-01 1.375106E-01 1.102252E-01 9.637364E-02 6.605009E-02 2.913068E-02 1.443353E-02
96 2.423214E+01 5.178571E-01 1.455859E+00 1.437893E-01 1.160648E-01 1.257627E-01 1.375088E-01 1.102237E-01 9.637233E-02 6.604920E-02 2.913029E-02 1.443334E-02
97 2.475000E+01 5.178571E-01 1.455859E+00 1.437873E-01 1.160631E-01 1.257609E-01 1.375068E-01 1.102222E-01 9.637097E-02 6.604826E-02 2.912988E-02 1.443313E-02
98 2.526786E+01 5.178571E-01 1.455859E+00 1.437852E-01 1.160614E-01 1.257591E-01 1.375048E-01 1.102205E-01 9.636954E-02 6.604728E-02 2.912944E-02 1.443292E-02
99 2.578571E+01 5.178571E-01 1.455860E+00 1.437829E-01 1.160596E-01 1.257571E-01 1.375027E-01 1.102188E-01 9.636805E-02 6.604626E-02 2.912899E-02 1.443269E-02
100 2.630357E+01 5.178571E-01 1.455860E+00 1.437806E-01 1.160577E-01 1.257551E-01 1.375004E-01 1.102170E-01 9.636649E-02 6.604519E-02 2.912852E-02 1.443246E-02
101 2.682143E+01 5.178571E-01 1.455860E+00 1.437782E-01 1.160557E-01 1.257530E-01 1.374981E-01 1.102152E-01 9.636485E-02 6.604407E-02 2.912803E-02 1.443221E-02
102 2.733929E+01 5.178571E-01 1.455859E+00 1.437756E-01 1.160537E-01 1.257507E-01 1.374957E-01 1.102132E-01 9.636314E-02 6.604290E-02 2.912751E-02 1.443196E-02
103 2.785714E+01 5.178571E-01 1.455859E+00 1.437729E-01 1.160515E-01 1.257484E-01 1.374931E-01 1.102112E-01 9.636136E-02 6.604167E-02 2.912697E-02 1.443169E-02
104 2.837500E+01 5.178571E-01 1.455859E+00 1.437701E-01 1.160493E-01 1.257460E-01 1.374904E-01 1.102090E-01 9.635948E-02 6.604039E-02 2.912640E-02 1.443141E-02
105 2.889286E+01 5.178571E-01 1.455859E+00 1.437672E-01 1.160469E-01 1.257434E-01 1.374876E-01 1.102068E-01 9.635752E-02 6.603904E-02 2.912581E-02 1.443112E-02
106 2.941071E+01 5.178571E-01 1.455859E+00 1.437642E-01 1.160444E-01 1.257407E-01 1.374847E-01 1.102044E-01 9.635547E-02 6.603764E-02 2.912519E-02 1.443081E-02
107 2.992857E+01 5.178571E-01 1.455859E+00 1.437609E-01 1.160419E-01 1.257379E-01 1.374816E-01 1.102020E-01 9.635332E-02 6.603616E-02 2.912454E-02 1.443049E-02
108 3.044643E+01 5.178571E-01 1.455859E+00 1.437576E-01 1.160391E-01 1.257350E-01 1.374784E-01 1.101994E-01 9.635107E-02 6.603462E-02 2.912386E-02 1.443015E-02
109 3.096429E+01 5.178571E-01 1.455859E+00 1.437541E-01 1.160363E-01 1.257319E-01 1.374751E-01 1.101967E-01 9.634871E-02 6.603300E-02 2.912315E-02 1.442980E-02
110 3.148214E+01 5.178571E-01 1.455859E+00 1.437504E-01 1.160333E-01 1.257287E-01 1.374715E-01 1.101939E-01 9.634624E-02 6.603131E-02 2.912240E-02 1.442943E-02
111 3.200000E+01 5.178571E-01 1.455859E+00 1.437465E-01 1.160302E-01 1.257253E-01 1.374678E-01 1.101909E-01 9.634365E-02 6.602954E-02 2.912162E-02 1.442904E-02
112 3.251786E+01 5.178571E-01 1.455859E+00 1.437425E-01 1.160269E-01 1.257218E-01 1.374640E-01 1.101878E-01 9.634094E-02 6.602768E-02 2.912080E-02 1.442863E-02
113 3.303571E+01 5.178571E-01 1.455859E+00 1.437382E-01 1.160235E-01 1.257181E-01 1.374599E-01 1.101846E-01 9.633810E-02 6.602573E-02 2.911994E-02 1.442821E-02
114 3.355357E+01 5.178571E-01 1.455859E+00 1.437338E-01 1.160199E-01 1.257142E-01 1.374557E-01 1.101812E-01 9.633513E-02 6.602370E-02 2.911904E-02 1.442776E-02
115 3.407143E+01 5.178571E-01 1.455859E+00 1.437292E-01 1.160162E-01 1.257101E-01 1.374512E-01 1.101776E-01 9.633201E-02 6.602156E-02 2.911810E-02 1.442730E-02
116 3.458929E+01 5.178571E-01 1.455859E+00 1.437243E-01 1.160123E-01 1.257059E-01 1.374466E-01 1.101739E-01 9.632875E-02 6.601933E-02 2.911712E-02 1.442681E-02
117 3.510714E+01 5.178571E-01 1.455859E+00 1.437192E-01 1.160082E-01 1.257014E-01 1.374417E-01 1.101700E-01 9.632534E-02 6.601699E-02 2.911608E-02 1.442630E-02
118 3.562500E+01 5.178571E-01 1.455859E+00 1.437139E-01 1.160038E-01 1.256967E-01 1.374366E-01 1.101659E-01 9.632176E-02 6.601453E-02 2.911500E-02 1.442576E-02
119 3.614286E+01 5.178571E-01 1.455859E+00 1.437083E-01 1.159993E-01 1.256918E-01 1.374313E-01 1.101616E-01 9.631801E-02 6.601196E-02 2.911387E-02 1.442520E-02
120 3.666071E+01 5.178571E-01 1.455859E+00 1.437024E-01 1.159946E-01 1.256867E-01 1.374257E-01 1.101571E-01 9.631408E-02 6.600927E-02 2.911268E-02 1.442461E-02
121 3.717857E+01 5.178571E-01 1.455859E+00 1.436963E-01 1.159896E-01 1.256813E-01 1.374198E-01 1.101524E-01 9.630997E-02 6.600645E-02 2.911144E-02 1.442399E-02
122 3.769643E+01 5.178571E-01 1.455859E+00 1.436898E-01 1.159845E-01 1.256757E-01 1.374136E-01 1.101475E-01 9.630566E-02 6.600350E-02 2.911014E-02 1.442335E-02
123 3.821429E+01 5.178571E-01 1.455859E+00 1.436831E-01 1.159790E-01 1.256698E-01 1.374072E-01 1.101423E-01 9.630115E-02 6.600041E-02 2.910877E-02 1.442267E-02
124 3.873214E+01 5.178571E-01 1.455859E+00 1.436761E-01 1.159733E-01 1.256637E-01 1.374005E-01 1.101369E-01 9.629642E-02 6.599717E-02 2.910734E-02 1.442197E-02
125 3.925000E+01 5.178571E-01 1.455859E+00 1.436687E-01 1.159674E-01 1.256572E-01 1.373934E-01 1.101312E-01 9.629146E-02 6.599377E-02 2.910584E-02 1.442122E-02
126 3.976786E+01 5.178571E-01 1.455859E+00 1.436609E-01 1.159611E-01 1.256504E-01 1.373860E-01 1.101253E-01 9.628628E-02 6.599022E-02 2.910428E-02 1.442045E-02
127 4.028571E+01 5.178571E-01 1.455859E+00 1.436528E-01 1.159546E-01 1.256433E-01 1.373782E-01 1.101191E-01 9.628084E-02 6.598649E-02 2.910263E-02 1.441963E-02
128 4.080357E+01 5.178571E-01 1.455859E+00 1.436443E-01 1.159477E-01 1.256359E-01 1.373701E-01 1.101126E-01 9.627515E-02 6.598259E-02 2.910091E-02 1.441878E-02
129 4.132143E+01 5.178571E-01 1.455859E+00 1.436354E-01 1.159405E-01 1.256281E-01 1.373616E-01 1.101058E-01 9.626919E-02 6.597850E-02 2.909911E-02 1.441789E-02
130 4.183929E+01 5.178571E-01 1.455859E+00 1.436261E-01 1.159330E-01 1.256200E-01 1.373527E-01 1.100986E-01 9.626294E-02 6.597422E-02 2.909722E-02 1.441695E-02
131 4.235714E+01 5.178571E-01 1.455859E+00 1.436163E-01 1.159251E-01 1.256114E-01 1.373434E-01 1.100911E-01 9.625640E-02 6.596974E-02 2.909525E-02 1.441597E-02
132 4.287500E+01 5.178571E-01 1.455859E+00 1.436061E-01 1.159169E-01 1.256025E-01 1.373336E-01 1.100833E-01 9.624955E-02 6.596504E-02 2.909317E-02 1.441495E-02
133 4.339286E+01 5.178571E-01 1.455859E+00 1.435954E-01 1.159082E-01 1.255931E-01 1.373233E-01 1.100751E-01 9.624237E-02 6.596012E-02 2.909100E-02 1.441387E-02
134 4.391071E+01 5.178571E-01 1.455859E+00 1.435842E-01 1.158992E-01 1.255833E-01 1.373126E-01 1.100665E-01 9.623485E-02 6.595497E-02 2.908873E-02 1.441274E-02
135 4.442857E+01 5.178571E-01 1.455859E+00 1.435724E-01 1.158897E-01 1.255730E-01 1.373014E-01 1.100575E-01 9.622697E-02 6.594957E-02 2.908635E-02 1.441156E-02
136 4.494643E+01 5.178571E-01 1.455859E+00 1.435601E-01 1.158798E-01 1.255623E-01 1.372896E-01 1.100480E-01 9.621872E-02 6.594392E-02 2.908386E-02 1.441033E-02
137 4.546429E+01 5.178571E-01 1.455859E+00 1.435472E-01 1.158694E-01 1.255510E-01 1.372773E-01 1.100382E-01 9.621008E-02 6.593800E-02 2.908125E-02 1.440904E-02
138 4.598214E+01 5.178571E-01 1.455859E+00 1.435337E-01 1.158585E-01 1.255392E-01 1.372644E-01 1.100278E-01 9.620103E-02 6.593179E-02 2.907851E-02 1.440768E-02
139 4.650000E+01 5.178571E-01 1.455859E+00 1.435196E-01 1.158470E-01 1.255268E-01 1.372508E-01 1.100170E-01 9.619155E-02 6.592530E-02 2.907564E-02 1.440626E-02
140 4.701786E+01 5.178571E-01 1.455859E+00 1.435048E-01 1.158351E-01 1.255139E-01 1.372367E-01 1.100056E-01 9.618162E-02 6.591849E-02 2.907264E-02 1.440477E-02
141 4.753571E+01 5.178571E-01 1.455859E+00 1.434893E-01 1.158226E-01 1.255003E-01 1.372218E-01 1.099937E-01 9.617122E-02 6.591136E-02 2.906950E-02 1.440322E-02
142 4.805357E+01 5.178571E-01 1.455859E+00 1.434730E-01 1.158094E-01 1.254861E-01 1.372063E-01 1.099812E-01 9.616033E-02 6.590390E-02 2.906621E-02 1.440158E-02
143 4.857143E+01 5.178571E-01 1.455859E+00 1.434560E-01 1.157957E-01 1.254712E-01 1.371900E-01 1.099682E-01 9.614892E-02 6.589608E-02 2.906276E-02 1.439988E-02
144 4.908929E+01 5.178571E-01 1.455859E+00 1.434382E-01 1.157813E-01 1.254556E-01 1.371730E-01 1.099545E-01 9.613697E-02 6.588789E-02 2.905915E-02 1.439809E-02
145 4.960714E+01 5.178571E-01 1.455859E+00 1.434195E-01 1.157662E-01 1.254393E-01 1.371551E-01 1.099402E-01 9.612446E-02 6.587931E-02 2.905536E-02 1.439621E-02
146 5.012500E+01 5.178571E-01 1.455859E+00 1.433999E-01 1.157504E-01 1.254222E-01 1.371364E-01 1.099252E-01 9.611135E-02 6.587033E-02 2.905140E-02 1.439425E-02
147 5.064286E+01 5.178571E-01 1.455859E+00 1.433794E-01 1.157339E-01 1.254042E-01 1.371168E-01 1.099095E-01 9.609762E-02 6.586092E-02 2.904725E-02 1.439219E-02
148 5.116071E+01 5.178571E-01 1.455859E+00 1.433580E-01 1.157166E-01 1.253855E-01 1.370963E-01 1.098931E-01 9.608325E-02 6.585107E-02 2.904291E-02 1.439004E-02
149 5.167857E+01 5.178571E-01 1.455859E+00 1.433355E-01 1.156985E-01 1.253658E-01 1.370748E-01 1.098759E-01 9.606819E-02 6.584075E-02 2.903836E-02 1.438778E-02
150 5.219643E+01 5.178571E-01 1.455859E+00 1.433120E-01 1.156795E-01 1.253453E-01 1.370523E-01 1.098578E-01 9.605242E-02 6.582994E-02 2.903359E-02 1.438542E-02
151 5.271429E+01 5.178571E-01 1.455859E+00 1.432874E-01 1.156596E-01 1.253237E-01 1.370287E-01 1.098389E-01 9.603591E-02 6.581863E-02 2.902860E-02 1.438295E-02
152 5.323214E+01 5.178571E-01 1.455859E+00 1.432616E-01 1.156388E-01 1.253011E-01 1.370041E-01 1.098192E-01 9.601862E-02 6.580677E-02 2.902337E-02 1.438036E-02
153 5.375000E+01 5.178571E-01 1.455859E+00 1.432345E-01 1.156170E-01 1.252775E-01 1.369782E-01 1.097985E-01 9.600051E-02 6.579436E-02 2.901790E-02 1.437765E-02
154 5.426786E+01 5.178571E-01 1.455859E+00 1.432063E-01 1.155941E-01 1.252528E-01 1.369512E-01 1.097768E-01 9.598154E-02 6.578137E-02 2.901217E-02 1.437481E-02
155 5.478571E+01 5.178571E-01 1.455859E+00 1.431766E-01 1.155702E-01 1.252268E-01 1.369228E-01 1.097541E-01 9.596168E-02 6.576775E-02 2.900616E-02 1.437183E-02
156 5.530357E+01 5.178571E-01 1.455859E+00 1.431456E-01 1.155452E-01 1.251997E-01 1.368932E-01 1.097303E-01 9.594089E-02 6.575350E-02 2.899988E-02 1.436872E-02
157 5.582143E+01 5.178571E-01 1.455859E+00 1.431131E-01 1.155189E-01 1.251713E-01 1.368621E-01 1.097054E-01 9.591911E-02 6.573858E-02 2.899329E-02 1.436546E-02
158 5.633929E+01 5.178571E-01 1.455859E+00 1.430791E-01 1.154915E-01 1.251415E-01 1.368296E-01 1.096793E-01 9.589631E-02 6.572295E-02 2.898640E-02 1.436204E-02
159 5.685714E+01 5.178571E-01 1.455859E+00 1.430435E-01 1.154627E-01 1.251104E-01 1.367955E-01 1.096520E-01 9.587243E-02 6.570659E-02 2.897918E-02 1.435847E-02
160 5.737500E+01 5.178571E-01 1.455859E+00 1.430062E-01 1.154326E-01 1.250777E-01 1.367598E-01 1.096234E-01 9.584743E-02 6.568945E-02 2.897163E-02 1.435472E-02
161 5.789286E+01 5.178571E-01 1.455859E+00 1.429671E-01 1.154011E-01 1.250436E-01 1.367225E-01 1.095934E-01 9.582126E-02 6.567151E-02 2.896372E-02 1.435080E-02
162 5.841071E+01 5.178571E-01 1.455859E+00 1.429262E-01 1.153681E-01 1.250078E-01 1.366834E-01 1.095621E-01 9.579385E-02 6.565273E-02 2.895543E-02 1.434670E-02
163 5.892857E+01 5.178571E-01 1.455859E+00 1.428834E-01 1.153335E-01 1.249704E-01 1.366424E-01 1.095293E-01 9.576516E-02 6.563307E-02 2.894676E-02 1.434240E-02
164 5.944643E+01 5.178571E-01 1.455859E+00 1.428386E-01 1.152973E-01 1.249312E-01 1.365996E-01 1.094949E-01 9.573512E-02 6.561248E-02 2.893768E-02 1.433790E-02
165 5.996429E+01 5.178571E-01 1.455859E+00 1.427917E-01 1.152595E-01 1.248901E-01 1.365547E-01 1.094590E-01 9.570367E-02 6.559093E-02 2.892817E-02 1.433319E-02
166 6.048214E+01 5.178571E-01 1.455859E+00 1.427425E-01 1.152198E-01 1.248472E-01 1.365077E-01 1.094213E-01 9.567075E-02 6.556836E-02 2.891822E-02 1.432826E-02
167 6.100000E+01 5.178571E-01 1.455859E+00 1.426911E-01 1.151783E-01 1.248022E-01 1.364585E-01 1.093819E-01 9.563628E-02 6.554474E-02 2.890780E-02 1.432310E-02
168 6.151786E+01 5.178571E-01 1.455859E+00 1.426373E-01 1.151349E-01 1.247551E-01 1.364071E-01 1.093406E-01 9.560021E-02 6.552001E-02 2.889690E-02 1.431770E-02
169 6.203571E+01 5.178571E-01 1.455859E+00 1.425809E-01 1.150894E-01 1.247058E-01 1.363532E-01 1.092974E-01 9.556244E-02 6.549413E-02 2.888548E-02 1.431204E-02
170 6.255357E+01 5.178571E-01 1.455859E+00 1.425220E-01 1.150418E-01 1.246543E-01 1.362968E-01 1.092522E-01 9.552291E-02 6.546704E-02 2.887353E-02 1.430612E-02
171 6.307143E+01 5.178571E-01 1.455859E+00 1.424602E-01 1.149919E-01 1.246003E-01 1.362377E-01 1.092049E-01 9.548153E-02 6.543868E-02 2.886103E-02 1.429992E-02
172 6.358929E+01 5.178571E-01 1.455859E+00 1.423956E-01 1.149398E-01 1.245437E-01 1.361759E-01 1.091554E-01 9.543823E-02 6.540900E-02 2.884794E-02 1.429344E-02
173 6.410714E+01 5.178571E-01 1.455859E+00 1.423280E-01 1.148852E-01 1.244846E-01 1.361113E-01 1.091035E-01 9.539291E-02 6.537794E-02 2.883424E-02 1.428665E-02
174 6.462500E+01 5.178571E-01 1.455859E+00 1.422572E-01 1.148281E-01 1.244227E-01 1.360436E-01 1.090493E-01 9.534547E-02 6.534543E-02 2.881990E-02 1.427955E-02
175 6.514286E+01 5.178571E-01 1.455859E+00 1.421832E-01 1.147683E-01 1.243579E-01 1.359728E-01 1.089925E-01 9.529584E-02 6.531141E-02 2.880490E-02 1.427211E-02
176 6.566071E+01 5.178571E-01 1.455859E+00 1.421057E-01 1.147057E-01 1.242902E-01 1.358987E-01 1.089331E-01 9.524390E-02 6.527582E-02 2.878920E-02 1.426433E-02
177 6.617857E+01 5.178571E-01 1.455859E+00 1.420246E-01 1.146403E-01 1.242192E-01 1.358211E-01 1.088709E-01 9.518955E-02 6.523857E-02 2.877277E-02 1.425619E-02
178 6.669643E+01 5.178571E-01 1.455859E+00 1.419397E-01 1.145718E-01 1.241450E-01 1.357400E-01 1.088059E-01 9.513268E-02 6.519959E-02 2.875558E-02 1.424768E-02
179 6.721429E+01 5.178571E-01 1.455859E+00 1.418510E-01 1.145001E-01 1.240674E-01 1.356551E-01 1.087378E-01 9.507318E-02 6.515881E-02 2.873760E-02 1.423877E-02
180 6.773214E+01 5.178571E-01 1.455859E+00 1.417581E-01 1.144252E-01 1.239861E-01 1.355663E-01 1.086666E-01 9.501093E-02 6.511615E-02 2.871878E-02 1.422944E-02
181 6.825000E+01 5.178571E-01 1.455859E+00 1.416609E-01 1.143467E-01 1.239012E-01 1.354733E-01 1.085922E-01 9.494581E-02 6.507152E-02 2.869910E-02 1.421969E-02
182 6.876786E+01 5.178571E-01 1.455859E+00 1.415593E-01 1.142647E-01 1.238123E-01 1.353762E-01 1.085143E-01 9.487770E-02 6.502484E-02 2.867851E-02 1.420949E-02
183 6.928571E+01 5.178571E-01 1.455859E+00 1.414530E-01 1.141789E-01 1.237193E-01 1.352745E-01 1.084328E-01 9.480645E-02 6.497601E-02 2.865697E-02 1.419882E-02
184 6.980357E+01 5.178571E-01 1.455859E+00 1.413418E-01 1.140892E-01 1.236220E-01 1.351682E-01 1.083475E-01 9.473193E-02 6.492494E-02 2.863445E-02 1.418766E-02
185 7.032143E+01 5.178571E-01 1.455859E+00 1.412255E-01 1.139953E-01 1.235203E-01 1.350570E-01 1.082584E-01 9.465400E-02 6.487152E-02 2.861089E-02 1.417599E-02
186 7.083929E+01 5.178571E-01 1.455859E+00 1.411039E-01 1.138971E-01 1.234140E-01 1.349407E-01 1.081652E-01 9.457250E-02 6.481567E-02 2.858626E-02 1.416378E-02
187 7.135714E+01 5.178571E-01 1.455859E+00 1.409768E-01 1.137945E-01 1.233028E-01 1.348191E-01 1.080677E-01 9.448728E-02 6.475726E-02 2.856050E-02 1.415102E-02
188 7.187500E+01 5.178571E-01 1.455859E+00 1.408438E-01 1.136872E-01 1.231865E-01 1.346920E-01 1.079658E-01 9.439818E-02 6.469620E-02 2.853356E-02 1.413767E-02
189 7.239286E+01 5.178571E-01 1.455859E+00 1.407049E-01 1.135750E-01 1.230650E-01 1.345590E-01 1.078593E-01 9.430503E-02 6.463236E-02 2.850541E-02 1.412372E-02
190 7.291071E+01 5.178571E-01 1.455859E+00 1.405596E-01 1.134578E-01 1.229379E-01 1.344201E-01 1.077479E-01 9.420765E-02 6.456562E-02 2.847597E-02 1.410914E-02
191 7.342857E+01 5.178571E-01 1.455859E+00 1.404077E-01 1.133352E-01 1.228051E-01 1.342749E-01 1.076315E-01 9.410587E-02 6.449586E-02 2.844521E-02 1.409390E-02
192 7.394643E+01 5.178571E-01 1.455859E+00 1.402490E-01 1.132071E-01 1.226662E-01 1.341231E-01 1.075098E-01 9.399949E-02 6.442296E-02 2.841305E-02 1.407796E-02
193 7.446429E+01 5.178571E-01 1.455859E+00 1.400831E-01 1.130732E-01 1.225212E-01 1.339645E-01 1.073827E-01 9.388833E-02 6.434677E-02 2.837945E-02 1.406131E-02
194 7.498214E+01 5.178571E-01 1.455859E+00 1.399098E-01 1.129333E-01 1.223696E-01 1.337987E-01 1.072498E-01 9.377217E-02 6.426716E-02 2.834434E-02 1.404392E-02
195 7.550000E+01 5.178571E-01 1.455859E+00 1.397288E-01 1.127871E-01 1.222112E-01 1.336256E-01 1.071110E-01 9.365081E-02 6.418399E-02 2.830766E-02 1.402574E-02
196 7.601786E+01 5.178571E-01 1.455859E+00 1.395396E-01 1.126344E-01 1.220458E-01 1.334447E-01 1.069660E-01 9.352403E-02 6.409710E-02 2.826934E-02 1.400676E-02
197 7.653571E+01 5.178571E-01 1.455859E+00 1.393420E-01 1.124750E-01 1.218730E-01 1.332557E-01 1.068146E-01 9.339162E-02 6.400635E-02 2.822931E-02 1.398692E-02
198 7.705357E+01 5.178571E-01 1.455859E+00 1.391357E-01 1.123084E-01 1.216925E-01 1.330584E-01 1.066564E-01 9.325332E-02 6.391157E-02 2.818751E-02 1.396621E-02
199 7.757143E+01 5.178571E-01 1.455859E+00 1.389202E-01 1.121345E-01 1.215041E-01 1.328524E-01 1.064913E-01 9.310892E-02 6.381260E-02 2.814386E-02 1.394458E-02
200 7.808929E+01 5.178571E-01 1.455859E+00 1.386953E-01 1.119529E-01 1.213073E-01 1.326372E-01 1.063188E-01 9.295815E-02 6.370927E-02 2.809829E-02 1.392200E-02
201 7.860714E+01 5.178571E-01 1.455859E+00 1.384605E-01 1.117634E-01 1.211019E-01 1.324127E-01 1.061388E-01 9.280076E-02 6.360140E-02 2.805072E-02 1.389843E-02
202 7.912500E+01 5.178571E-01 1.455859E+00 1.382154E-01 1.115655E-01 1.208876E-01 1.321783E-01 1.059509E-01 9.263649E-02 6.348882E-02 2.800106E-02 1.387383E-02
203 7.964286E+01 5.178571E-01 1.455859E+00 1.379596E-01 1.113591E-01 1.206639E-01 1.319337E-01 1.057549E-01 9.246507E-02 6.337134E-02 2.794925E-02 1.384816E-02
204 8.016071E+01 5.178571E-01 1.455859E+00 1.376928E-01 1.111437E-01 1.204305E-01 1.316785E-01 1.055503E-01 9.228622E-02 6.324876E-02 2.789519E-02 1.382137E-02
205 8.067857E+01 5.178571E-01 1.455859E+00 1.374144E-01 1.109190E-01 1.201870E-01 1.314123E-01 1.053369E-01 9.209966E-02 6.312090E-02 2.783879E-02 1.379343E-02
206 8.119643E+01 5.178571E-01 1.455859E+00 1.371241E-01 1.106847E-01 1.199331E-01 1.311347E-01 1.051144E-01 9.190507E-02 6.298754E-02 2.777998E-02 1.376429E-02
207 8.171429E+01 5.178571E-01 1.455859E+00 1.368214E-01 1.104403E-01 1.196683E-01 1.308452E-01 1.048823E-01 9.170217E-02 6.284848E-02 2.771865E-02 1.373390E-02
208 8.223214E+01 5.178571E-01 1.455859E+00 1.365057E-01 1.101856E-01 1.193923E-01 1.305433E-01 1.046404E-01 9.149064E-02 6.270351E-02 2.765471E-02 1.370222E-02
209 8.275000E+01 5.178571E-01 1.455859E+00 1.361768E-01 1.099200E-01 1.191046E-01 1.302288E-01 1.043882E-01 9.127017E-02 6.255241E-02 2.758807E-02 1.366920E-02
210 8.326786E+01 5.178571E-01 1.455859E+00 1.358340E-01 1.096433E-01 1.188048E-01 1.299010E-01 1.041255E-01 9.104043E-02 6.239495E-02 2.751862E-02 1.363480E-02
211 8.378571E+01 5.178571E-01 1.455859E+00 1.354769E-01 1.093551E-01 1.184924E-01 1.295594E-01 1.038517E-01 9.080108E-02 6.223091E-02 2.744628E-02 1.359895E-02
212 8.430357E+01 5.178571E-01 1.455859E+00 1.351050E-01 1.090549E-01 1.181671E-01 1.292037E-01 1.035666E-01 9.055179E-02 6.206006E-02 2.737092E-02 1.356161E-02
213 8.482143E+01 5.178571E-01 1.455859E+00 1.347177E-01 1.087422E-01 1.178284E-01 1.288334E-01 1.032697E-01 9.029222E-02 6.188216E-02 2.729246E-02 1.352274E-02
214 8.533929E+01 5.178571E-01 1.455859E+00 1.343145E-01 1.084168E-01 1.174758E-01 1.284478E-01 1.029607E-01 9.002200E-02 6.169697E-02 2.721079E-02 1.348227E-02
215 8.585714E+01 5.178571E-01 1.455859E+00 1.338949E-01 1.080782E-01 1.171088E-01 1.280466E-01 1.026390E-01 8.974080E-02 6.150424E-02 2.712579E-02 1.344015E-02
216 8.637500E+01 5.178571E-01 1.455859E+00 1.334584E-01 1.077258E-01 1.167270E-01 1.276291E-01 1.023044E-01 8.944823E-02 6.130373E-02 2.703735E-02 1.339634E-02
217 8.689286E+01 5.178571E-01 1.455859E+00 1.330044E-01 1.073593E-01 1.163299E-01 1.271950E-01 1.019564E-01 8.914395E-02 6.109519E-02 2.694538E-02 1.335077E-02
218 8.741071E+01 5.178571E-01 1.455859E+00 1.325324E-01 1.069783E-01 1.159171E-01 1.267435E-01 1.015946E-01 8.882758E-02 6.087836E-02 2.684975E-02 1.330338E-02
219 8.792857E+01 5.178571E-01 1.455859E+00 1.320418E-01 1.065823E-01 1.154879E-01 1.262744E-01 1.012185E-01 8.849874E-02 6.065300E-02 2.675035E-02 1.325414E-02
220 8.844643E+01 5.178571E-01 1.455859E+00 1.315320E-01 1.061708E-01 1.150421E-01 1.257868E-01 1.008277E-01 8.815708E-02 6.041884E-02 2.664708E-02 1.320297E-02
221 8.896429E+01 5.178571E-01 1.455859E+00 1.310025E-01 1.057434E-01 1.145790E-01 1.252805E-01 1.004218E-01 8.780221E-02 6.017563E-02 2.653981E-02 1.314982E-02
222 8.948214E+01 5.178571E-01 1.455859E+00 1.304528E-01 1.052997E-01 1.140982E-01 1.247548E-01 1.000004E-01 8.743376E-02 5.992311E-02 2.642844E-02 1.309464E-02
223 9.000000E+01 5.178571E-01 1.455859E+00 1.298823E-01 1.048392E-01 1.135992E-01 1.242092E-01 9.956308E-02 8.705137E-02 5.966103E-02 2.631286E-02 1.303737E-02
224 9.051786E+01 5.178571E-01 1.455859E+00 1.292904E-01 1.043614E-01 1.130815E-01 1.236431E-01 9.910935E-02 8.665466E-02 5.938914E-02 2.619294E-02 1.297795E-02
225 9.103571E+01 5.178571E-01 1.455859E+00 1.286766E-01 1.038659E-01 1.125446E-01 1.230561E-01 9.863882E-02 8.624326E-02 5.910719E-02 2.606859E-02 1.291634E-02
226 9.155357E+01 5.178571E-01 1.455859E+00 1.280403E-01 1.033524E-01 1.119881E-01 1.224477E-01 9.815110E-02 8.581683E-02 5.881494E-02 2.593970E-02 1.285248E-02
227 9.207143E+01 5.178571E-01 1.455859E+00 1.273811E-01 1.028203E-01 1.114116E-01 1.218173E-01 9.764578E-02 8.537501E-02 5.851213E-02 2.580615E-02 1.278631E-02
228 9.258929E+01 5.178571E-01 1.455859E+00 1.266984E-01 1.022692E-01 1.108145E-01 1.211644E-01 9.712247E-02 8.491746E-02 5.819855E-02 2.566785E-02 1.271778E-02
229 9.310714E+01 5.178571E-01 1.455859E+00 1.259918E-01 1.016988E-01 1.101964E-01 1.204886E-01 9.658078E-02 8.444385E-02 5.787396E-02 2.552469E-02 1.264685E-02
230 9.362500E+01 5.178571E-01 1.455859E+00 1.252607E-01 1.011087E-01 1.095570E-01 1.197895E-01 9.602037E-02 8.395386E-02 5.753814E-02 2.537658E-02 1.257347E-02
231 9.414286E+01 5.178571E-01 1.455859E+00 1.245048E-01 1.004985E-01 1.088958E-01 1.190665E-01 9.544087E-02 8.344719E-02 5.719089E-02 2.522343E-02 1.249758E-02
232 9.466071E+01 5.178571E-01 1.455859E+00 1.237235E-01 9.986788E-02 1.082125E-01 1.183194E-01 9.484197E-02 8.292354E-02 5.683201E-02 2.506515E-02 1.241916E-02
233 9.517857E+01 5.178571E-01 1.455859E+00 1.229165E-01 9.921648E-02 1.075067E-01 1.175476E-01 9.422335E-02 8.238267E-02 5.646132E-02 2.490166E-02 1.233815E-02
234 9.569643E+01 5.178571E-01 1.455859E+00 1.220834E-01 9.854403E-02 1.067780E-01 1.167509E-01 9.358474E-02 8.182431E-02 5.607864E-02 2.473288E-02 1.225453E-02
235 9.621429E+01 5.178571E-01 1.455859E+00 1.212239E-01 9.785026E-02 1.060263E-01 1.159290E-01 9.292588E-02 8.124824E-02 5.568383E-02 2.455876E-02 1.216825E-02
236 9.673214E+01 5.178571E-01 1.455859E+00 1.203377E-01 9.713492E-02 1.052512E-01 1.150815E-01 9.224654E-02 8.065428E-02 5.527676E-02 2.437922E-02 1.207930E-02
237 9.725000E+01 5.178571E-01 1.455859E+00 1.194245E-01 9.639782E-02 1.044525E-01 1.142082E-01 9.154654E-02 8.004224E-02 5.485730E-02 2.419422E-02 1.198764E-02
238 9.776786E+01 5.178571E-01 1.455859E+00 1.184842E-01 9.563880E-02 1.036300E-01 1.133089E-01 9.082571E-02 7.941200E-02 5.442536E-02 2.400372E-02 1.189325E-02
239 9.828571E+01 5.178571E-01 1.455859E+00 1.175165E-01 9.485772E-02 1.027837E-01 1.123835E-01 9.008394E-02 7.876344E-02 5.398086E-02 2.380768E-02 1.179612E-02
240 9.880357E+01 5.178571E-01 1.455859E+00 1.165214E-01 9.405450E-02 1.019134E-01 1.114319E-01 8.932114E-02 7.809650E-02 5.352378E-02 2.360609E-02 1.169623E-02
241 9.932143E+01 5.178571E-01 1.455859E+00 1.154989E-01 9.322910E-02 1.010190E-01 1.104540E-01 8.853729E-02 7.741115E-02 5.305407E-02 2.339893E-02 1.159359E-02
242 9.983929E+01 5.178571E-01 1.455859E+00 1.144489E-01 9.238154E-02 1.001006E-01 1.094499E-01 8.773238E-02 7.670739E-02 5.257174E-02 2.318620E-02 1.148819E-02
243 1.003571E+02 5.178571E-01 1.455859E+00 1.133715E-01 9.151188E-02 9.915829E-02 1.084195E-01 8.690648E-02 7.598528E-02 5.207684E-02 2.296793E-02 1.138004E-02
244 1.008750E+02 5.178571E-01 1.455859E+00 1.122668E-01 9.062022E-02 9.819213E-02 1.073631E-01 8.605970E-02 7.524491E-02 5.156943E-02 2.274414E-02 1.126916E-02
245 1.013929E+02 5.178571E-01 1.455859E+00 1.111351E-01 8.970675E-02 9.720234E-02 1.062809E-01 8.519220E-02 7.448643E-02 5.104960E-02 2.251488E-02 1.115556E-02
246 1.019107E+02 5.178571E-01 1.455859E+00 1.099767E-01 8.877170E-02 9.618915E-02 1.051731E-01 8.430420E-02 7.371002E-02 5.051748E-02 2.228019E-02 1.103928E-02
247 1.024286E+02 5.178571E-01 1.455859E+00 1.087919E-01 8.781534E-02 9.515289E-02 1.040400E-01 8.339598E-02 7.291593E-02 4.997325E-02 2.204016E-02 1.092035E-02
248 1.029464E+02 5.178571E-01 1.455859E+00 1.075812E-01 8.683805E-02 9.409393E-02 1.028822E-01 8.246786E-02 7.210445E-02 4.941709E-02 2.179488E-02 1.079882E-02
249 1.034643E+02 5.178571E-01 1.455859E+00 1.063450E-01 8.584022E-02 9.301273E-02 1.017000E-01 8.152026E-02 7.127592E-02 4.884926E-02 2.154444E-02 1.067474E-02
250 1.039821E+02 5.178571E-01 1.455859E+00 1.050840E-01 8.482235E-02 9.190981E-02 1.004940E-01 8.055361E-02 7.043075E-02 4.827002E-02 2.128897E-02 1.054816E-02
251 1.045000E+02 5.178571E-01 1.455859E+00 1.037988E-01 8.378498E-02 9.078576E-02 9.926501E-02 7.956844E-02 6.956939E-02 4.767968E-02 2.102861E-02 1.041915E-02
252 1.050179E+02 5.178571E-01 1.455859E+00 1.024903E-01 8.272872E-02 8.964124E-02 9.801360E-02 7.856534E-02 6.869234E-02 4.707859E-02 2.076351E-02 1.028780E-02
253 1.055357E+02 5.178571E-01 1.455859E+00 1.011591E-01 8.165425E-02 8.847700E-02 9.674062E-02 7.754495E-02 6.780018E-02 4.646714E-02 2.049384E-02 1.015419E-02
254 1.060536E+02 5.178571E-01 1.455859E+00 9.980637E-02 8.056233E-02 8.729383E-02 9.544695E-02 7.650797E-02 6.689351E-02 4.584576E-02 2.021978E-02 1.001840E-02
255 1.065714E+02 5.178571E-01 1.455859E+00 9.843298E-02 7.945374E-02 8.609262E-02 9.413355E-02 7.545518E-02 6.597302E-02 4.521490E-02 1.994154E-02 9.880540E-03
256 1.070893E+02 5.178571E-01 1.455859E+00 9.704004E-02 7.832938E-02 8.487431E-02 9.280145E-02 7.438740E-02 6.503943E-02 4.457505E-02 1.965935E-02 9.740719E-03
257 1.076071E+02 5.178571E-01 1.455859E+00 9.562871E-02 7.719017E-02 8.363992E-02 9.145176E-02 7.330553E-02 6.409351E-02 4.392676E-02 1.937343E-02 9.599052E-03
258 1.081250E+02 5.178571E-01 1.455859E+00 9.420021E-02 7.603711E-02 8.239051E-02 9.008566E-02 7.221049E-02 6.313608E-02 4.327059E-02 1.908403E-02 9.455662E-03
259 1.086429E+02 5.178571E-01 1.455859E+00 9.275585E-02 7.487125E-02 8.112723E-02 8.870439E-02 7.110330E-02 6.216803E-02 4.260712E-02 1.879142E-02 9.310680E-03
260 1.091607E+02 5.178571E-01 1.455859E+00 9.129700E-02 7.369368E-02 7.985127E-02 8.730926E-02 6.998500E-02 6.119025E-02 4.193701E-02 1.849587E-02 9.164243E-03
261 1.096786E+02 5.178571E-01 1.455859E+00 8.982508E-02 7.250557E-02 7.856388E-02 8.590163E-02 6.885668E-02 6.020373E-02 4.126088E-02 1.819767E-02 9.016494E-03
262 1.101964E+02 5.178571E-01 1.455859E+00 8.834158E-02 7.130811E-02 7.726636E-02 8.448293E-02 6.771948E-02 5.920943E-02 4.057944E-02 1.789713E-02 8.867582E-03
263 1.107143E+02 5.178571E-01 1.455859E+00 8.684803E-02 7.010253E-02 7.596006E-02 8.305461E-02 6.657458E-02 5.820841E-02 3.989338E-02 1.759455E-02 8.717662E-03
264 1.112321E+02 5.178571E-01 1.455859E+00 8.534601E-02 6.889012E-02 7.464634E-02 8.161819E-02 6.542318E-02 5.720170E-02 3.920343E-02 1.729025E-02 8.566891E-03
265 1.117500E+02 5.178571E-01 1.455859E+00 8.383712E-02 6.767217E-02 7.332662E-02 8.017522E-02 6.426652E-02 5.619040E-02 3.851033E-02 1.698457E-02 8.415432E-03
266 1.122679E+02 5.178571E-01 1.455859E+00 8.232303E-02 6.645001E-02 7.200235E-02 7.872726E-02 6.310587E-02 5.517560E-02 3.781484E-02 1.667783E-02 8.263450E-03
267 1.127857E+02 5.178571E-01 1.455859E+00 8.080539E-02 6.522500E-02 7.067497E-02 7.727591E-02 6.194251E-02 5.415843E-02 3.711772E-02 1.637037E-02 8.111112E-03
268 1.133036E+02 5.178571E-01 1.455859E+00 7.928589E-02 6.399848E-02 6.934597E-02 7.582278E-02 6.077771E-02 5.314001E-02 3.641974E-02 1.606253E-02 7.958587E-03
269 1.138214E+02 5.178571E-01 1.455859E+00 7.776622E-02 6.277182E-02 6.801682E-02 7.436949E-02 5.961279E-02 5.212148E-02 3.572168E-02 1.575466E-02 7.806045E-03
270 1.143393E+02 5.178571E-01 1.455859E+00 7.624807E-02 6.154639E-02 6.668900E-02 7.291765E-02 5.844903E-02 5.110397E-02 3.502433E-02 1.544710E-02 7.653656E-03
271 1.148571E+02 5.178571E-01 1.455859E+00 7.473313E-02 6.032355E-02 6.536398E-02 7.146887E-02 5.728773E-02 5.008860E-02 3.432844E-02 1.514019E-02 7.501588E-03
272 1.153750E+02 5.178571E-01 1.455859E+00 7.322305E-02 5.910464E-02 6.404321E-02 7.002476E-02 5.613016E-02 4.907650E-02 3.363479E-02 1.483426E-02 7.350009E-03
273 1.158929E+02 5.178571E-01 1.455859E+00 7.171949E-02 5.789098E-02 6.272815E-02 6.858686E-02 5.497758E-02 4.806876E-02 3.294413E-02 1.452966E-02 7.199084E-03
274 1.164107E+02 5.178571E-01 1.455859E+00 7.022404E-02 5.668388E-02 6.142019E-02 6.715674E-02 5.383123E-02 4.706647E-02 3.225721E-02 1.422669E-02 7.048974E-03
275 1.169286E+02 5.178571E-01 1.455859E+00 6.873830E-02 5.548461E-02 6.012071E-02 6.573589E-02 5.269231E-02 4.607067E-02 3.157473E-02 1.392570E-02 6.899837E-03
276 1.174464E+02 5.178571E-01 1.455859E+00 6.726378E-02 5.429440E-02 5.883105E-02 6.432578E-02 5.156200E-02 4.508240E-02 3.089742E-02 1.362697E-02 6.751827E-03
277 1.179643E+02 5.178571E-01 1.455859E+00 6.580196E-02 5.311444E-02 5.755249E-02 6.292781E-02 5.044142E-02 4.410264E-02 3.022594E-02 1.333082E-02 6.605093E-03
278 1.184821E+02 5.178571E-01 1.455859E+00 6.435427E-02 5.194588E-02 5.628629E-02 6.154335E-02 4.933167E-02 4.313235E-02 2.956094E-02 1.303754E-02 6.459775E-03
279 1.190000E+02 5.178571E-01 1.455859E+00 6.292205E-02 5.078981E-02 5.503363E-02 6.017369E-02 4.823378E-02 4.217243E-02 2.890305E-02 1.274738E-02 6.316011E-03
280 1.195179E+02 5.178571E-01 1.455859E+00 6.150659E-02 4.964727E-02 5.379563E-02 5.882006E-02 4.714874E-02 4.122374E-02 2.825287E-02 1.246063E-02 6.173931E-03
281 1.200357E+02 5.178571E-01 1.455859E+00 6.010912E-02 4.851926E-02 5.257336E-02 5.748363E-02 4.607749E-02 4.028711E-02 2.761095E-02 1.217751E-02 6.033655E-03
282 1.205536E+02 5.178571E-01 1.455859E+00 5.873078E-02 4.740668E-02 5.136781E-02 5.616549E-02 4.502090E-02 3.936330E-02 2.697781E-02 1.189827E-02 5.895299E-03
283 1.210714E+02 5.178571E-01 1.455859E+00 5.737262E-02 4.631039E-02 5.017992E-02 5.486665E-02 4.397979E-02 3.845302E-02 2.635394E-02 1.162312E-02 5.758969E-03
284 1.215893E+02 5.178571E-01 1.455859E+00 5.603564E-02 4.523119E-02 4.901055E-02 5.358807E-02 4.295490E-02 3.755693E-02 2.573980E-02 1.135226E-02 5.624765E-03
285 1.221071E+02 5.178571E-01 1.455859E+00 5.472072E-02 4.416981E-02 4.786049E-02 5.233058E-02 4.194694E-02 3.667563E-02 2.513580E-02 1.108587E-02 5.492776E-03
286 1.226250E+02 5.178571E-01 1.455859E+00 5.342869E-02 4.312690E-02 4.673044E-02 5.109499E-02 4.095651E-02 3.580967E-02 2.454231E-02 1.082412E-02 5.363084E-03
287 1.231429E+02 5.178571E-01 1.455859E+00 5.216028E-02 4.210306E-02 4.562104E-02 4.988198E-02 3.998420E-02 3.495954E-02 2.395967E-02 1.056715E-02 5.235763E-03
288 1.236607E+02 5.178571E-01 1.455859E+00 5.091614E-02 4.109880E-02 4.453288E-02 4.869218E-02 3.903048E-02 3.412567E-02 2.338818E-02 1.031510E-02 5.110878E-03
289 1.241786E+02 5.178571E-01 1.455859E+00 4.969683E-02 4.011459E-02 4.346643E-02 4.752613E-02 3.809580E-02 3.330845E-02 2.282809E-02 1.006808E-02 4.988486E-03
290 1.246964E+02 5.178571E-01 1.455859E+00 4.850283E-02 3.915082E-02 4.242212E-02 4.638429E-02 3.718053E-02 3.250819E-02 2.227963E-02 9.826192E-03 4.868635E-03
291 1.252143E+02 5.178571E-01 1.455859E+00 4.733456E-02 3.820780E-02 4.140031E-02 4.526704E-02 3.628497E-02 3.172518E-02 2.174299E-02 9.589512E-03 4.751365E-03
292 1.257321E+02 5.178571E-01 1.455859E+00 4.619233E-02 3.728581E-02 4.040128E-02 4.417470E-02 3.540938E-02 3.095962E-02 2.121831E-02 9.358107E-03 4.636710E-03
293 1.262500E+02 5.178571E-01 1.455859E+00 4.507640E-02 3.638504E-02 3.942525E-02 4.310751E-02 3.455394E-02 3.021168E-02 2.070571E-02 9.132030E-03 4.524694E-03
294 1.267679E+02 5.178571E-01 1.455859E+00 4.398693E-02 3.550564E-02 3.847237E-02 4.206563E-02 3.371880E-02 2.948149E-02 2.020527E-02 8.911316E-03 4.415336E-03
295 1.272857E+02 5.178571E-01 1.455859E+00 4.292405E-02 3.464770E-02 3.754274E-02 4.104917E-02 3.290403E-02 2.876911E-02 1.971703E-02 8.695986E-03 4.308645E-03
296 1.278036E+02 5.178571E-01 1.455859E+00 4.188778E-02 3.381124E-02 3.663639E-02 4.005817E-02 3.210967E-02 2.807457E-02 1.924103E-02 8.486048E-03 4.204626E-03
297 1.283214E+02 5.178571E-01 1.455859E+00 4.087811E-02 3.299625E-02 3.575330E-02 3.909260E-02 3.133569E-02 2.739785E-02 1.877724E-02 8.281499E-03 4.103277E-03
298 1.288393E+02 5.178571E-01 1.455859E+00 3.989496E-02 3.220266E-02 3.489340E-02 3.815239E-02 3.058204E-02 2.673891E-02 1.832563E-02 8.082322E-03 4.004590E-03
299 1.293571E+02 5.178571E-01 1.455859E+00 3.893818E-02 3.143037E-02 3.405658E-02 3.723741E-02 2.984861E-02 2.609765E-02 1.788614E-02 7.888490E-03 3.908551E-03
300 1.298750E+02 5.178571E-01 1.455859E+00 3.800761E-02 3.067921E-02 3.324266E-02 3.634748E-02 2.913526E-02 2.547395E-02 1.745868E-02 7.699963E-03 3.815141E-03
301 1.303929E+02 5.178571E-01 1.455859E+00 3.710298E-02 2.994902E-02 3.245145E-02 3.548237E-02 2.844181E-02 2.486764E-02 1.704315E-02 7.516696E-03 3.724336E-03
302 1.309107E+02 5.178571E-01 1.455859E+00 3.622404E-02 2.923955E-02 3.168270E-02 3.464182E-02 2.776805E-02 2.427855E-02 1.663941E-02 7.338632E-03 3.636110E-03
303 1.314286E+02 5.178571E-01 1.455859E+00 3.537047E-02 2.855055E-02 3.093614E-02 3.382553E-02 2.711373E-02 2.370645E-02 1.624732E-02 7.165706E-03 3.550429E-03
304 1.319464E+02 5.178571E-01 1.455859E+00 3.454190E-02 2.788175E-02 3.021145E-02 3.303315E-02 2.647858E-02 2.315112E-02 1.586672E-02 6.997846E-03 3.467259E-03
305 1.324643E+02 5.178571E-01 1.455859E+00 3.373796E-02 2.723282E-02 2.950830E-02 3.226433E-02 2.586231E-02 2.261229E-02 1.549743E-02 6.834976E-03 3.386561E-03
306 1.329821E+02 5.178571E-01 1.455859E+00 3.295823E-02 2.660343E-02 2.882632E-02 3.151866E-02 2.526460E-02 2.208969E-02 1.513927E-02 6.677011E-03 3.308293E-03
307 1.335000E+02 5.178571E-01 1.455859E+00 3.220228E-02 2.599323E-02 2.816514E-02 3.079572E-02 2.468511E-02 2.158303E-02 1.479202E-02 6.523861E-03 3.232411E-03
308 1.340179E+02 5.178571E-01 1.455859E+00 3.146963E-02 2.540185E-02 2.752434E-02 3.009508E-02 2.412349E-02 2.109198E-02 1.445548E-02 6.375435E-03 3.158870E-03
309 1.345357E+02 5.178571E-01 1.455859E+00 3.075983E-02 2.482891E-02 2.690352E-02 2.941627E-02 2.357938E-02 2.061625E-02 1.412943E-02 6.231635E-03 3.087621E-03
310 1.350536E+02 5.178571E-01 1.455859E+00 3.007236E-02 2.427399E-02 2.630224E-02 2.875883E-02 2.305239E-02 2.015548E-02 1.381365E-02 6.092361E-03 3.018614E-03
311 1.355714E+02 5.178571E-01 1.455859E+00 2.940672E-02 2.373670E-02 2.572006E-02 2.812227E-02 2.254214E-02 1.970935E-02 1.350789E-02 5.957510E-03 2.951798E-03
312 1.360893E+02 5.178571E-01 1.455859E+00 2.876241E-02 2.321662E-02 2.515652E-02 2.750610E-02 2.204823E-02 1.927751E-02 1.321193E-02 5.826978E-03 2.887123E-03
313 1.366071E+02 5.178571E-01 1.455859E+00 2.813888E-02 2.271332E-02 2.461117E-02 2.690981E-02 2.157026E-02 1.885961E-02 1.292551E-02 5.700659E-03 2.824535E-03
314 1.371250E+02 5.178571E-01 1.455859E+00 2.753563E-02 2.222638E-02 2.408354E-02 2.633290E-02 2.110782E-02 1.845528E-02 1.264841E-02 5.578444E-03 2.763981E-03
315 1.376429E+02 5.178571E-01 1.455859E+00 2.695210E-02 2.175536E-02 2.357316E-02 2.577486E-02 2.066051E-02 1.806418E-02 1.238037E-02 5.460227E-03 2.705407E-03
316 1.381607E+02 5.178571E-01 1.455859E+00 2.638777E-02 2.129984E-02 2.307958E-02 2.523518E-02 2.022791E-02 1.768595E-02 1.212114E-02 5.345900E-03 2.648761E-03
317 1.386786E+02 5.178571E-01 1.455859E+00 2.584210E-02 2.085939E-02 2.260233E-02 2.471335E-02 1.980963E-02 1.732023E-02 1.187049E-02 5.235353E-03 2.593988E-03
318 1.391964E+02 5.178571E-01 1.455859E+00 2.531457E-02 2.043357E-02 2.214093E-02 2.420886E-02 1.940524E-02 1.696666E-02 1.162817E-02 5.128481E-03 2.541035E-03
319 1.397143E+02 5.178571E-01 1.455859E+00 2.480464E-02 2.002197E-02 2.169493E-02 2.372121E-02 1.901435E-02 1.662489E-02 1.139394E-02 5.025175E-03 2.489849E-03
320 1.402321E+02 5.178571E-01 1.455859E+00 2.431180E-02 1.962415E-02 2.126388E-02 2.324989E-02 1.863655E-02 1.629457E-02 1.116755E-02 4.925330E-03 2.440379E-03
321 1.407500E+02 5.178571E-01 1.455859E+00 2.383553E-02 1.923971E-02 2.084731E-02 2.279442E-02 1.827146E-02 1.597535E-02 1.094878E-02 4.828841E-03 2.392571E-03
322 1.412679E+02 5.178571E-01 1.455859E+00 2.337531E-02 1.886823E-02 2.044479E-02 2.235430E-02 1.791867E-02 1.566690E-02 1.073738E-02 4.735605E-03 2.346375E-03
323 1.417857E+02 5.178571E-01 1.455859E+00 2.293065E-02 1.850930E-02 2.005587E-02 2.192906E-02 1.757781E-02 1.536887E-02 1.053312E-02 4.645521E-03 2.301740E-03
324 1.423036E+02 5.178571E-01 1.455859E+00 2.250105E-02 1.816253E-02 1.968013E-02 2.151823E-02 1.724849E-02 1.508094E-02 1.033579E-02 4.558489E-03 2.258618E-03
325 1.428214E+02 5.178571E-01 1.455859E+00 2.208603E-02 1.782754E-02 1.931714E-02 2.112134E-02 1.693035E-02 1.480278E-02 1.014515E-02 4.474410E-03 2.216959E-03
326 1.433393E+02 5.178571E-01 1.455859E+00 2.168511E-02 1.750393E-02 1.896649E-02 2.073793E-02 1.662303E-02 1.453408E-02 9.960992E-03 4.393189E-03 2.176716E-03
327 1.438571E+02 5.178571E-01 1.455859E+00 2.129784E-02 1.719133E-02 1.862777E-02 2.036758E-02 1.632616E-02 1.427452E-02 9.783101E-03 4.314732E-03 2.137843E-03
328 1.443750E+02 5.178571E-01 1.455859E+00 2.092376E-02 1.688937E-02 1.830059E-02 2.000984E-02 1.603941E-02 1.402380E-02 9.611269E-03 4.238947E-03 2.100293E-03
329 1.448929E+02 5.178571E-01 1.455859E+00 2.056243E-02 1.659771E-02 1.798456E-02 1.966429E-02 1.576242E-02 1.378162E-02 9.445293E-03 4.165745E-03 2.064023E-03
330 1.454107E+02 5.178571E-01 1.455859E+00 2.021342E-02 1.631600E-02 1.767930E-02 1.933053E-02 1.549488E-02 1.354770E-02 9.284976E-03 4.095039E-03 2.028990E-03
331 1.459286E+02 5.178571E-01 1.455859E+00 1.987631E-02 1.604389E-02 1.738446E-02 1.900814E-02 1.523647E-02 1.332176E-02 9.130125E-03 4.026744E-03 1.995152E-03
332 1.464464E+02 5.178571E-01 1.455859E+00 1.955070E-02 1.578105E-02 1.709966E-02 1.869674E-02 1.498686E-02 1.310352E-02 8.980554E-03 3.960777E-03 1.962467E-03
333 1.469643E+02 5.178571E-01 1.455859E+00 1.923618E-02 1.552718E-02 1.682457E-02 1.839596E-02 1.474576E-02 1.289272E-02 8.836080E-03 3.897058E-03 1.930896E-03
334 1.474821E+02 5.178571E-01 1.455859E+00 1.893237E-02 1.528195E-02 1.655885E-02 1.810543E-02 1.451287E-02 1.268910E-02 8.696528E-03 3.835510E-03 1.900400E-03
335 1.480000E+02 5.178571E-01 1.455859E+00 1.863890E-02 1.504507E-02 1.630218E-02 1.782478E-02 1.428791E-02 1.249241E-02 8.561725E-03 3.776057E-03 1.870943E-03
336 1.485179E+02 5.178571E-01 1.455859E+00 1.835542E-02 1.481624E-02 1.605424E-02 1.755368E-02 1.407060E-02 1.230241E-02 8.431507E-03 3.718626E-03 1.842487E-03
337 1.490357E+02 5.178571E-01 1.455859E+00 1.808156E-02 1.459519E-02 1.581471E-02 1.729178E-02 1.386068E-02 1.211886E-02 8.305713E-03 3.663145E-03 1.814998E-03
338 1.495536E+02 5.178571E-01 1.455859E+00 1.781700E-02 1.438164E-02 1.558332E-02 1.703878E-02 1.365787E-02 1.194154E-02 8.184186E-03 3.609548E-03 1.788441E-03
339 1.500714E+02 5.178571E-01 1.455859E+00 1.756140E-02 1.417532E-02 1.535976E-02 1.679434E-02 1.346194E-02 1.177023E-02 8.066778E-03 3.557766E-03 1.762785E-03
340 1.505893E+02 5.178571E-01 1.455859E+00 1.731445E-02 1.397599E-02 1.514377E-02 1.655818E-02 1.327263E-02 1.160471E-02 7.953341E-03 3.507736E-03 1.737996E-03
341 1.511071E+02 5.178571E-01 1.455859E+00 1.707584E-02 1.378338E-02 1.493507E-02 1.632999E-02 1.308972E-02 1.144479E-02 7.843735E-03 3.459395E-03 1.714045E-03
342 1.516250E+02 5.178571E-01 1.455859E+00 1.684527E-02 1.359727E-02 1.473341E-02 1.610949E-02 1.291298E-02 1.129026E-02 7.737825E-03 3.412685E-03 1.690901E-03
343 1.521429E+02 5.178571E-01 1.455859E+00 1.662246E-02 1.341742E-02 1.453854E-02 1.589642E-02 1.274218E-02 1.114092E-02 7.635480E-03 3.367546E-03 1.668536E-03
344 1.526607E+02 5.178571E-01 1.455859E+00 1.640714E-02 1.324362E-02 1.435021E-02 1.569050E-02 1.257712E-02 1.099661E-02 7.536571E-03 3.323924E-03 1.646922E-03
345 1.531786E+02 5.178571E-01 1.455859E+00 1.619904E-02 1.307564E-02 1.416819E-02 1.549148E-02 1.241760E-02 1.085713E-02 7.440979E-03 3.281764E-03 1.626032E-03
346 1.536964E+02 5.178571E-01 1.455859E+00 1.599789E-02 1.291328E-02 1.399226E-02 1.529912E-02 1.226341E-02 1.072231E-02 7.348583E-03 3.241014E-03 1.605842E-03
347 1.542143E+02 5.178571E-01 1.455859E+00 1.580346E-02 1.275633E-02 1.382221E-02 1.511318E-02 1.211436E-02 1.059200E-02 7.259271E-03 3.201624E-03 1.586325E-03
348 1.547321E+02 5.178571E-01 1.455859E+00 1.561550E-02 1.260462E-02 1.365781E-02 1.493343E-02 1.197028E-02 1.046602E-02 7.172933E-03 3.163545E-03 1.567458E-03
349 1.552500E+02 5.178571E-01 1.455859E+00 1.543379E-02 1.245794E-02 1.349888E-02 1.475966E-02 1.183099E-02 1.034423E-02 7.089464E-03 3.126732E-03 1.549218E-03
350 1.557679E+02 5.178571E-01 1.455859E+00 1.525809E-02 1.231612E-02 1.334522E-02 1.459164E-02 1.169631E-02 1.022648E-02 7.008760E-03 3.091138E-03 1.531582E-03
351 1.562857E+02 5.178571E-01 1.455859E+00 1.508821E-02 1.217900E-02 1.319663E-02 1.442918E-02 1.156608E-02 1.011262E-02 6.930725E-03 3.056722E-03 1.514530E-03
352 1.568036E+02 5.178571E-01 1.455859E+00 1.492393E-02 1.204639E-02 1.305295E-02 1.427207E-02 1.144015E-02 1.000251E-02 6.855264E-03 3.023440E-03 1.498040E-03
353 1.573214E+02 5.178571E-01 1.455859E+00 1.476506E-02 1.191815E-02 1.291399E-02 1.412014E-02 1.131836E-02 9.896026E-03 6.782284E-03 2.991254E-03 1.482092E-03
354 1.578393E+02 5.178571E-01 1.455859E+00 1.461139E-02 1.179412E-02 1.277959E-02 1.397319E-02 1.120057E-02 9.793037E-03 6.711700E-03 2.960123E-03 1.466668E-03
355 1.583571E+02 5.178571E-01 1.455859E+00 1.446276E-02 1.167414E-02 1.264959E-02 1.383104E-02 1.108663E-02 9.693418E-03 6.643426E-03 2.930012E-03 1.451748E-03
356 1.588750E+02 5.178571E-01 1.455859E+00 1.431898E-02 1.155808E-02 1.252384E-02 1.369354E-02 1.097641E-02 9.597051E-03 6.577380E-03 2.900883E-03 1.437316E-03
357 1.593929E+02 5.178571E-01 1.455859E+00 1.417988E-02 1.144580E-02 1.240217E-02 1.356052E-02 1.086979E-02 9.503822E-03 6.513485E-03 2.872703E-03 1.423353E-03
358 1.599107E+02 5.178571E-01 1.455859E+00 1.404530E-02 1.133717E-02 1.228446E-02 1.343182E-02 1.076662E-02 9.413620E-03 6.451665E-03 2.845438E-03 1.409844E-03
359 1.604286E+02 5.178571E-01 1.455859E+00 1.391507E-02 1.123206E-02 1.217057E-02 1.330728E-02 1.066679E-02 9.326340E-03 6.391848E-03 2.819056E-03 1.396772E-03
360 1.609464E+02 5.178571E-01 1.455859E+00 1.378906E-02 1.113034E-02 1.206035E-02 1.318677E-02 1.057019E-02 9.241879E-03 6.333962E-03 2.793526E-03 1.384123E-03
361 1.614643E+02 5.178571E-01 1.455859E+00 1.366710E-02 1.103189E-02 1.195368E-02 1.307014E-02 1.047671E-02 9.160140E-03 6.277941E-03 2.768819E-03 1.371881E-03
362 1.619821E+02 5.178571E-01 1.455859E+00 1.354906E-02 1.093662E-02 1.185044E-02 1.295725E-02 1.038622E-02 9.081027E-03 6.223721E-03 2.744905E-03 1.360032E-03
363 1.625000E+02 5.178571E-01 1.455859E+00 1.343481E-02 1.084439E-02 1.175051E-02 1.284799E-02 1.029864E-02 9.004449E-03 6.171238E-03 2.721758E-03 1.348564E-03
364 1.630179E+02 5.178571E-01 1.455859E+00 1.332420E-02 1.075511E-02 1.165377E-02 1.274222E-02 1.021385E-02 8.930319E-03 6.120433E-03 2.699351E-03 1.337462E-03
365 1.635357E+02 5.178571E-01 1.455859E+00 1.321713E-02 1.066868E-02 1.156012E-02 1.263982E-02 1.013177E-02 8.858552E-03 6.071247E-03 2.677658E-03 1.326713E-03
366 1.640536E+02 5.178571E-01 1.455859E+00 1.311345E-02 1.058500E-02 1.146944E-02 1.254067E-02 1.005230E-02 8.789068E-03 6.023625E-03 2.656655E-03 1.316307E-03
367 1.645714E+02 5.178571E-01 1.455859E+00 1.301307E-02 1.050397E-02 1.138164E-02 1.244467E-02 9.975350E-03 8.721786E-03 5.977514E-03 2.636318E-03 1.306230E-03
368 1.650893E+02 5.178571E-01 1.455859E+00 1.291586E-02 1.042550E-02 1.129662E-02 1.235171E-02 9.900833E-03 8.656633E-03 5.932861E-03 2.616625E-03 1.296473E-03
369 1.656071E+02 5.178571E-01 1.455859E+00 1.282172E-02 1.034951E-02 1.121428E-02 1.226168E-02 9.828666E-03 8.593536E-03 5.889617E-03 2.597552E-03 1.287023E-03
370 1.661250E+02 5.178571E-01 1.455859E+00 1.273054E-02 1.027591E-02 1.113453E-02 1.217448E-02 9.758771E-03 8.532424E-03 5.847734E-03 2.579080E-03 1.277870E-03
371 1.666429E+02 5.178571E-01 1.455859E+00 1.264222E-02 1.020462E-02 1.105729E-02 1.209002E-02 9.691070E-03 8.473231E-03 5.807165E-03 2.561188E-03 1.269005E-03
372 1.671607E+02 5.178571E-01 1.455859E+00 1.255667E-02 1.013557E-02 1.098246E-02 1.200821E-02 9.625489E-03 8.415891E-03 5.767867E-03 2.543856E-03 1.260417E-03
373 1.676786E+02 5.178571E-01 1.455859E+00 1.247379E-02 1.006867E-02 1.090997E-02 1.192895E-02 9.561956E-03 8.360342E-03 5.729796E-03 2.527065E-03 1.252098E-03
374 1.681964E+02 5.178571E-01 1.455859E+00 1.239349E-02 1.000385E-02 1.083974E-02 1.185216E-02 9.500402E-03 8.306524E-03 5.692912E-03 2.510798E-03 1.244038E-03
375 1.687143E+02 5.178571E-01 1.455859E+00 1.231569E-02 9.941052E-03 1.077169E-02 1.177775E-02 9.440762E-03 8.254378E-03 5.657174E-03 2.495036E-03 1.236228E-03
376 1.692321E+02 5.178571E-01 1.455859E+00 1.224030E-02 9.880198E-03 1.070575E-02 1.170565E-02 9.382971E-03 8.203849E-03 5.622544E-03 2.479763E-03 1.228661E-03
377 1.697500E+02 5.178571E-01 1.455859E+00 1.216724E-02 9.821227E-03 1.064185E-02 1.163579E-02 9.326968E-03 8.154884E-03 5.588985E-03 2.464962E-03 1.221327E-03
378 1.702679E+02 5.178571E-01 1.455859E+00 1.209644E-02 9.764076E-03 1.057993E-02 1.156808E-02 9.272693E-03 8.107429E-03 5.556462E-03 2.450618E-03 1.214220E-03
379 1.707857E+02 5.178571E-01 1.455859E+00 1.202781E-02 9.708684E-03 1.051991E-02 1.150245E-02 9.220089E-03 8.061436E-03 5.524940E-03 2.436715E-03 1.207332E-03
380 1.713036E+02 5.178571E-01 1.455859E+00 1.196130E-02 9.654994E-03 1.046173E-02 1.143884E-02 9.169101E-03 8.016855E-03 5.494386E-03 2.423240E-03 1.200655E-03
381 1.718214E+02 5.178571E-01 1.455859E+00 1.189682E-02 9.602950E-03 1.040534E-02 1.137718E-02 9.119675E-03 7.973641E-03 5.464769E-03 2.410178E-03 1.194183E-03
382 1.723393E+02 5.178571E-01 1.455859E+00 1.183432E-02 9.552497E-03 1.035067E-02 1.131741E-02 9.071761E-03 7.931748E-03 5.436058E-03 2.397515E-03 1.187909E-03
383 1.728571E+02 5.178571E-01 1.455859E+00 1.177372E-02 9.503584E-03 1.029767E-02 1.125946E-02 9.025310E-03 7.891134E-03 5.408223E-03 2.385239E-03 1.181827E-03
384 1.733750E+02 5.178571E-01 1.455859E+00 1.171497E-02 9.456160E-03 1.024628E-02 1.120327E-02 8.980272E-03 7.851756E-03 5.381235E-03 2.373336E-03 1.175929E-03
385 1.738929E+02 5.178571E-01 1.455859E+00 1.165800E-02 9.410177E-03 1.019646E-02 1.114879E-02 8.936603E-03 7.813575E-03 5.355067E-03 2.361795E-03 1.170211E-03
386 1.744107E+02 5.178571E-01 1.455859E+00 1.160276E-02 9.365588E-03 1.014814E-02 1.109597E-02 8.894258E-03 7.776551E-03 5.329693E-03 2.350604E-03 1.164666E-03
387 1.749286E+02 5.178571E-01 1.455859E+00 1.154919E-02 9.322348E-03 1.010129E-02 1.104474E-02 8.853195E-03 7.740648E-03 5.305087E-03 2.339752E-03 1.159289E-03
388 1.754464E+02 5.178571E-01 1.455859E+00 1.149724E-02 9.280414E-03 1.005585E-02 1.099505E-02 8.813371E-03 7.705829E-03 5.281223E-03 2.329227E-03 1.154074E-03
389 1.759643E+02 5.178571E-01 1.455859E+00 1.144686E-02 9.239744E-03 1.001178E-02 1.094687E-02 8.774748E-03 7.672059E-03 5.258079E-03 2.319019E-03 1.149017E-03
390 1.764821E+02 5.178571E-01 1.455859E+00 1.139799E-02 9.200297E-03 9.969042E-03 1.090014E-02 8.737286E-03 7.639305E-03 5.235631E-03 2.309119E-03 1.144111E-03
391 1.770000E+02 5.178571E-01 1.455859E+00 1.135058E-02 9.162034E-03 9.927582E-03 1.085480E-02 8.700949E-03 7.607534E-03 5.213857E-03 2.299515E-03 1.139353E-03
392 1.775179E+02 5.178571E-01 1.455859E+00 1.130460E-02 9.124918E-03 9.887365E-03 1.081083E-02 8.665701E-03 7.576716E-03 5.192735E-03 2.290200E-03 1.134737E-03
393 1.780357E+02 5.178571E-01 1.455859E+00 1.125999E-02 9.088912E-03 9.848350E-03 1.076817E-02 8.631507E-03 7.546819E-03 5.172245E-03 2.281163E-03 1.130260E-03
394 1.785536E+02 5.178571E-01 1.455859E+00 1.121672E-02 9.053981E-03 9.810500E-03 1.072679E-02 8.598334E-03 7.517814E-03 5.152366E-03 2.272396E-03 1.125916E-03
395 1.790714E+02 5.178571E-01 1.455859E+00 1.117473E-02 9.020091E-03 9.773778E-03 1.068663E-02 8.566149E-03 7.489674E-03 5.133081E-03 2.263890E-03 1.121701E-03
396 1.795893E+02 5.178571E-01 1.455859E+00 1.113400E-02 8.987209E-03 9.738149E-03 1.064768E-02 8.534922E-03 7.462371E-03 5.114368E-03 2.255637E-03 1.117612E-03
397 1.801071E+02 5.178571E-01 1.455859E+00 1.109447E-02 8.955303E-03 9.703577E-03 1.060988E-02 8.504622E-03 7.435879E-03 5.096212E-03 2.247630E-03 1.113645E-03
398 1.806250E+02 5.178571E-01 1.455859E+00 1.105612E-02 8.924344E-03 9.670031E-03 1.057320E-02 8.475221E-03 7.410172E-03 5.078594E-03 2.239859E-03 1.109795E-03
399 1.811429E+02 5.178571E-01 1.455859E+00 1.101890E-02 8.894301E-03 9.637478E-03 1.053760E-02 8.446689E-03 7.385227E-03 5.061497E-03 2.232319E-03 1.106059E-03
400 1.816607E+02 5.178571E-01 1.455859E+00 1.098278E-02 8.865146E-03 9.605886E-03 1.050306E-02 8.419001E-03 7.361018E-03 5.044906E-03 2.225001E-03 1.102433E-03
401 1.821786E+02 5.178571E-01 1.455859E+00 1.094772E-02 8.836850E-03 9.575227E-03 1.046954E-02 8.392130E-03 7.337524E-03 5.028804E-03 2.217900E-03 1.098914E-03
402 1.826964E+02 5.178571E-01 1.455859E+00 1.091370E-02 8.809389E-03 9.545471E-03 1.043700E-02 8.366051E-03 7.314721E-03 5.013176E-03 2.211007E-03 1.095499E-03
403 1.832143E+02 5.178571E-01 1.455859E+00 1.088068E-02 8.782735E-03 9.516590E-03 1.040543E-02 8.340738E-03 7.292590E-03 4.998008E-03 2.204318E-03 1.092185E-03
404 1.837321E+02 5.178571E-01 1.455859E+00 1.084863E-02 8.756864E-03 9.488557E-03 1.037477E-02 8.316169E-03 7.271108E-03 4.983286E-03 2.197825E-03 1.088968E-03
405 1.842500E+02 5.178571E-01 1.455859E+00 1.081752E-02 8.731752E-03 9.461347E-03 1.034502E-02 8.292321E-03 7.250257E-03 4.968995E-03 2.191522E-03 1.085845E-03
406 1.847679E+02 5.178571E-01 1.455859E+00 1.078732E-02 8.707375E-03 9.434933E-03 1.031614E-02 8.269171E-03 7.230016E-03 4.955123E-03 2.185404E-03 1.082813E-03
407 1.852857E+02 5.178571E-01 1.455859E+00 1.075800E-02 8.683711E-03 9.409292E-03 1.028811E-02 8.246698E-03 7.210367E-03 4.941656E-03 2.179464E-03 1.079871E-03
408 1.858036E+02 5.178571E-01 1.455859E+00 1.072954E-02 8.660738E-03 9.384399E-03 1.026089E-02 8.224881E-03 7.191292E-03 4.928583E-03 2.173699E-03 1.077014E-03
409 1.863214E+02 5.178571E-01 1.455859E+00 1.070191E-02 8.638436E-03 9.360233E-03 1.023446E-02 8.203701E-03 7.172773E-03 4.915891E-03 2.168101E-03 1.074240E-03
410 1.868393E+02 5.178571E-01 1.455859E+00 1.067509E-02 8.616782E-03 9.336771E-03 1.020881E-02 8.183137E-03 7.154794E-03 4.903569E-03 2.162666E-03 1.071548E-03
411 1.873571E+02 5.178571E-01 1.455859E+00 1.064904E-02 8.595759E-03 9.313991E-03 1.018390E-02 8.163172E-03 7.137338E-03 4.891605E-03 2.157390E-03 1.068933E-03
412 1.878750E+02 5.178571E-01 1.455859E+00 1.062375E-02 8.575347E-03 9.291873E-03 1.015972E-02 8.143787E-03 7.120389E-03 4.879989E-03 2.152267E-03 1.066395E-03
413 1.883929E+02 5.178571E-01 1.455859E+00 1.059920E-02 8.555527E-03 9.270397E-03 1.013624E-02 8.124964E-03 7.103931E-03 4.868710E-03 2.147292E-03 1.063930E-03
414 1.889107E+02 5.178571E-01 1.455859E+00 1.057536E-02 8.536281E-03 9.249543E-03 1.011344E-02 8.106687E-03 7.087951E-03 4.857758E-03 2.142462E-03 1.061537E-03
415 1.894286E+02 5.178571E-01 1.455859E+00 1.055220E-02 8.517592E-03 9.229293E-03 1.009130E-02 8.088939E-03 7.072433E-03 4.847123E-03 2.137771E-03 1.059213E-03
416 1.899464E+02 5.178571E-01 1.455859E+00 1.052972E-02 8.499444E-03 9.209628E-03 1.006979E-02 8.071704E-03 7.057365E-03 4.836795E-03 2.133217E-03 1.056956E-03
417 1.904643E+02 5.178571E-01 1.455859E+00 1.050789E-02 8.481821E-03 9.190532E-03 1.004891E-02 8.054968E-03 7.042731E-03 4.826766E-03 2.128793E-03 1.054764E-03
418 1.909821E+02 5.178571E-01 1.455859E+00 1.048668E-02 8.464705E-03 9.171987E-03 1.002864E-02 8.038714E-03 7.028519E-03 4.817026E-03 2.124498E-03 1.052636E-03
419 1.915000E+02 5.178571E-01 1.455859E+00 1.046609E-02 8.448083E-03 9.153976E-03 1.000894E-02 8.022928E-03 7.014718E-03 4.807567E-03 2.120326E-03 1.050569E-03
420 1.920179E+02 5.178571E-01 1.455859E+00 1.044609E-02 8.431940E-03 9.136483E-03 9.989817E-03 8.007597E-03 7.001313E-03 4.798380E-03 2.116274E-03 1.048561E-03
421 1.925357E+02 5.178571E-01 1.455859E+00 1.042667E-02 8.416261E-03 9.119494E-03 9.971242E-03 7.992707E-03 6.988295E-03 4.789458E-03 2.112339E-03 1.046612E-03
422 1.930536E+02 5.178571E-01 1.455859E+00 1.040780E-02 8.401032E-03 9.102993E-03 9.953199E-03 7.978245E-03 6.975650E-03 4.780792E-03 2.108517E-03 1.044718E-03
423 1.935714E+02 5.178571E-01 1.455859E+00 1.038948E-02 8.386241E-03 9.086966E-03 9.935675E-03 7.964198E-03 6.963368E-03 4.772374E-03 2.104805E-03 1.042878E-03
424 1.940893E+02 5.178571E-01 1.455859E+00 1.037168E-02 8.371874E-03 9.071399E-03 9.918654E-03 7.950554E-03 6.951439E-03 4.764199E-03 2.101199E-03 1.041092E-03
425 1.946071E+02 5.178571E-01 1.455859E+00 1.035439E-02 8.357919E-03 9.056277E-03 9.902120E-03 7.937301E-03 6.939851E-03 4.756257E-03 2.097696E-03 1.039356E-03
426 1.951250E+02 5.178571E-01 1.455859E+00 1.033759E-02 8.344363E-03 9.041589E-03 9.886059E-03 7.924427E-03 6.928595E-03 4.748543E-03 2.094294E-03 1.037671E-03
427 1.956429E+02 5.178571E-01 1.455859E+00 1.032128E-02 8.331195E-03 9.027320E-03 9.870458E-03 7.911922E-03 6.917661E-03 4.741049E-03 2.090989E-03 1.036033E-03
428 1.961607E+02 5.178571E-01 1.455859E+00 1.030543E-02 8.318403E-03 9.013460E-03 9.855303E-03 7.899774E-03 6.907040E-03 4.733770E-03 2.087778E-03 1.034442E-03
429 1.966786E+02 5.178571E-01 1.455859E+00 1.029004E-02 8.305976E-03 8.999995E-03 9.840581E-03 7.887973E-03 6.896722E-03 4.726698E-03 2.084659E-03 1.032897E-03
430 1.971964E+02 5.178571E-01 1.455859E+00 1.027508E-02 8.293904E-03 8.986914E-03 9.826278E-03 7.876508E-03 6.886698E-03 4.719828E-03 2.081630E-03 1.031396E-03
431 1.977143E+02 5.178571E-01 1.455859E+00 1.026055E-02 8.282176E-03 8.974206E-03 9.812384E-03 7.865371E-03 6.876960E-03 4.713154E-03 2.078686E-03 1.029937E-03
432 1.982321E+02 5.178571E-01 1.455859E+00 1.024644E-02 8.270783E-03 8.961860E-03 9.798885E-03 7.854550E-03 6.867499E-03 4.706670E-03 2.075826E-03 1.028520E-03
433 1.987500E+02 5.178571E-01 1.455859E+00 1.023272E-02 8.259713E-03 8.949866E-03 9.785770E-03 7.844038E-03 6.858308E-03 4.700371E-03 2.073048E-03 1.027144E-03
434 1.992679E+02 5.178571E-01 1.455859E+00 1.021940E-02 8.248959E-03 8.938213E-03 9.773029E-03 7.833825E-03 6.849378E-03 4.694251E-03 2.070349E-03 1.025807E-03
435 1.997857E+02 5.178571E-01 1.455859E+00 1.020646E-02 8.238510E-03 8.926891E-03 9.760649E-03 7.823902E-03 6.840702E-03 4.688305E-03 2.067726E-03 1.024507E-03
436 2.003036E+02 5.178571E-01 1.455859E+00 1.019388E-02 8.228358E-03 8.915891E-03 9.748622E-03 7.814260E-03 6.832272E-03 4.682527E-03 2.065178E-03 1.023245E-03
437 2.008214E+02 5.178571E-01 1.455859E+00 1.018166E-02 8.218494E-03 8.905203E-03 9.736935E-03 7.804893E-03 6.824082E-03 4.676914E-03 2.062703E-03 1.022018E-03
438 2.013393E+02 5.178571E-01 1.455859E+00 1.016978E-02 8.208910E-03 8.894818E-03 9.725580E-03 7.795791E-03 6.816124E-03 4.671460E-03 2.060297E-03 1.020826E-03
439 2.018571E+02 5.178571E-01 1.455859E+00 1.015825E-02 8.199597E-03 8.884727E-03 9.714547E-03 7.786947E-03 6.808392E-03 4.666161E-03 2.057960E-03 1.019668E-03
440 2.023750E+02 5.178571E-01 1.455859E+00 1.014704E-02 8.190549E-03 8.874923E-03 9.703827E-03 7.778354E-03 6.800878E-03 4.661011E-03 2.055689E-03 1.018543E-03
441 2.028929E+02 5.178571E-01 1.455859E+00 1.013614E-02 8.181756E-03 8.865395E-03 9.693410E-03 7.770004E-03 6.793578E-03 4.656008E-03 2.053482E-03 1.017450E-03
442 2.034107E+02 5.178571E-01 1.455859E+00 1.012556E-02 8.173213E-03 8.856138E-03 9.683288E-03 7.761891E-03 6.786484E-03 4.651146E-03 2.051338E-03 1.016387E-03
443 2.039286E+02 5.178571E-01 1.455859E+00 1.011528E-02 8.164911E-03 8.847142E-03 9.673452E-03 7.754006E-03 6.779590E-03 4.646422E-03 2.049254E-03 1.015355E-03
444 2.044464E+02 5.178571E-01 1.455859E+00 1.010528E-02 8.156843E-03 8.838401E-03 9.663894E-03 7.746345E-03 6.772892E-03 4.641831E-03 2.047230E-03 1.014351E-03
445 2.049643E+02 5.178571E-01 1.455859E+00 1.009557E-02 8.149004E-03 8.829906E-03 9.654606E-03 7.738900E-03 6.766382E-03 4.637369E-03 2.045262E-03 1.013377E-03
446 2.054821E+02 5.178571E-01 1.455859E+00 1.008613E-02 8.141386E-03 8.821651E-03 9.645581E-03 7.731665E-03 6.760057E-03 4.633034E-03 2.043350E-03 1.012429E-03
447 2.060000E+02 5.178571E-01 1.455859E+00 1.007696E-02 8.133982E-03 8.813630E-03 9.636809E-03 7.724634E-03 6.753909E-03 4.628821E-03 2.041492E-03 1.011509E-03
448 2.065179E+02 5.178571E-01 1.455859E+00 1.006805E-02 8.126788E-03 8.805834E-03 9.628286E-03 7.717802E-03 6.747936E-03 4.624727E-03 2.039686E-03 1.010614E-03
449 2.070357E+02 5.178571E-01 1.455859E+00 1.005938E-02 8.119796E-03 8.798258E-03 9.620002E-03 7.711162E-03 6.742130E-03 4.620748E-03 2.037931E-03 1.009744E-03
450 2.075536E+02 5.178571E-01 1.455859E+00 1.005097E-02 8.113002E-03 8.790896E-03 9.611952E-03 7.704709E-03 6.736488E-03 4.616881E-03 2.036226E-03 1.008899E-03
451 2.080714E+02 5.178571E-01 1.455859E+00 1.004279E-02 8.106398E-03 8.783741E-03 9.604129E-03 7.698438E-03 6.731005E-03 4.613124E-03 2.034569E-03 1.008078E-03
452 2.085893E+02 5.178571E-01 1.455859E+00 1.003484E-02 8.099981E-03 8.776787E-03 9.596526E-03 7.692344E-03 6.725677E-03 4.609472E-03 2.032958E-03 1.007280E-03
453 2.091071E+02 5.178571E-01 1.455859E+00 1.002711E-02 8.093744E-03 8.770029E-03 9.589136E-03 7.686421E-03 6.720498E-03 4.605922E-03 2.031393E-03 1.006505E-03
454 2.096250E+02 5.178571E-01 1.455859E+00 1.001960E-02 8.087682E-03 8.763461E-03 9.581955E-03 7.680664E-03 6.715465E-03 4.602473E-03 2.029871E-03 1.005751E-03
455 2.101429E+02 5.178571E-01 1.455859E+00 1.001230E-02 8.081791E-03 8.757077E-03 9.574975E-03 7.675070E-03 6.710573E-03 4.599120E-03 2.028393E-03 1.005018E-03
456 2.106607E+02 5.178571E-01 1.455859E+00 1.000521E-02 8.076066E-03 8.750873E-03 9.568192E-03 7.669632E-03 6.705819E-03 4.595862E-03 2.026956E-03 1.004306E-03
457 2.111786E+02 5.178571E-01 1.455859E+00 9.998313E-03 8.070501E-03 8.744844E-03 9.561599E-03 7.664348E-03 6.701199E-03 4.592695E-03 2.025559E-03 1.003614E-03
458 2.116964E+02 5.178571E-01 1.455859E+00 9.991613E-03 8.065092E-03 8.738983E-03 9.555191E-03 7.659211E-03 6.696708E-03 4.589618E-03 2.024202E-03 1.002942E-03
459 2.122143E+02 5.178571E-01 1.455859E+00 9.985100E-03 8.059835E-03 8.733287E-03 9.548963E-03 7.654219E-03 6.692343E-03 4.586626E-03 2.022882E-03 1.002288E-03
460 2.127321E+02 5.178571E-01 1.455859E+00 9.978771E-03 8.054726E-03 8.727751E-03 9.542910E-03 7.649367E-03 6.688100E-03 4.583719E-03 2.021600E-03 1.001653E-03
461 2.132500E+02 5.178571E-01 1.455859E+00 9.972618E-03 8.049760E-03 8.722370E-03 9.537026E-03 7.644651E-03 6.683977E-03 4.580893E-03 2.020353E-03 1.001035E-03
462 2.137679E+02 5.178571E-01 1.455859E+00 9.966639E-03 8.044933E-03 8.717140E-03 9.531308E-03 7.640067E-03 6.679969E-03 4.578146E-03 2.019142E-03 1.000435E-03
463 2.142857E+02 5.178571E-01 1.455859E+00 9.960827E-03 8.040242E-03 8.712056E-03 9.525749E-03 7.635611E-03 6.676074E-03 4.575476E-03 2.017965E-03 9.998514E-04
464 2.148036E+02 5.178571E-01 1.455859E+00 9.955177E-03 8.035682E-03 8.707115E-03 9.520347E-03 7.631281E-03 6.672287E-03 4.572881E-03 2.016820E-03 9.992843E-04
465 2.153214E+02 5.178571E-01 1.455859E+00 9.949686E-03 8.031249E-03 8.702313E-03 9.515096E-03 7.627072E-03 6.668607E-03 4.570359E-03 2.015708E-03 9.987331E-04
466 2.158393E+02 5.178571E-01 1.455859E+00 9.944349E-03 8.026941E-03 8.697644E-03 9.509991E-03 7.622980E-03 6.665030E-03 4.567907E-03 2.014626E-03 9.981973E-04
467 2.163571E+02 5.178571E-01 1.455859E+00 9.939161E-03 8.022753E-03 8.693107E-03 9.505030E-03 7.619003E-03 6.661552E-03 4.565524E-03 2.013575E-03 9.976766E-04
468 2.168750E+02 5.178571E-01 1.455859E+00 9.934118E-03 8.018683E-03 8.688696E-03 9.500207E-03 7.615137E-03 6.658173E-03 4.563207E-03 2.012554E-03 9.971704E-04
469 2.173929E+02 5.178571E-01 1.455859E+00 9.929216E-03 8.014726E-03 8.684409E-03 9.495520E-03 7.611380E-03 6.654887E-03 4.560956E-03 2.011561E-03 9.966783E-04
470 2.179107E+02 5.178571E-01 1.455859E+00 9.924451E-03 8.010880E-03 8.680241E-03 9.490963E-03 7.607727E-03 6.651694E-03 4.558767E-03 2.010595E-03 9.962001E-04
471 2.184286E+02 5.178571E-01 1.455859E+00 9.919820E-03 8.007142E-03 8.676190E-03 9.486534E-03 7.604177E-03 6.648590E-03 4.556640E-03 2.009657E-03 9.957352E-04
472 2.189464E+02 5.178571E-01 1.455859E+00 9.915318E-03 8.003508E-03 8.672253E-03 9.482228E-03 7.600726E-03 6.645572E-03 4.554572E-03 2.008745E-03 9.952832E-04
473 2.194643E+02 5.178571E-01 1.455859E+00 9.910941E-03 7.999975E-03 8.668425E-03 9.478043E-03 7.597371E-03 6.642639E-03 4.552561E-03 2.007858E-03 9.948440E-04
474 2.199821E+02 5.178571E-01 1.455859E+00 9.906687E-03 7.996541E-03 8.664704E-03 9.473975E-03 7.594110E-03 6.639788E-03 4.550607E-03 2.006996E-03 9.944169E-04
475 2.205000E+02 5.178571E-01 1.455859E+00 9.902552E-03 7.993203E-03 8.661088E-03 9.470020E-03 7.590940E-03 6.637016E-03 4.548708E-03 2.006159E-03 9.940019E-04
476 2.210179E+02 5.178571E-01 1.455859E+00 9.898532E-03 7.989959E-03 8.657572E-03 9.466176E-03 7.587859E-03 6.634322E-03 4.546861E-03 2.005344E-03 9.935984E-04
477 2.215357E+02 5.178571E-01 1.455859E+00 9.894625E-03 7.986804E-03 8.654154E-03 9.462439E-03 7.584863E-03 6.631703E-03 4.545066E-03 2.004553E-03 9.932061E-04
478 2.220536E+02 5.178571E-01 1.455859E+00 9.890826E-03 7.983738E-03 8.650832E-03 9.458806E-03 7.581952E-03 6.629157E-03 4.543321E-03 2.003783E-03 9.928248E-04
479 2.225714E+02 5.178571E-01 1.455859E+00 9.887133E-03 7.980758E-03 8.647602E-03 9.455275E-03 7.579121E-03 6.626682E-03 4.541625E-03 2.003035E-03 9.924542E-04
480 2.230893E+02 5.178571E-01 1.455859E+00 9.883544E-03 7.977860E-03 8.644463E-03 9.451842E-03 7.576369E-03 6.624276E-03 4.539976E-03 2.002308E-03 9.920939E-04
481 2.236071E+02 5.178571E-01 1.455859E+00 9.880054E-03 7.975044E-03 8.641411E-03 9.448505E-03 7.573694E-03 6.621938E-03 4.538374E-03 2.001601E-03 9.917436E-04
482 2.241250E+02 5.178571E-01 1.455859E+00 9.876662E-03 7.972306E-03 8.638444E-03 9.445261E-03 7.571094E-03 6.619664E-03 4.536815E-03 2.000914E-03 9.914031E-04
483 2.246429E+02 5.178571E-01 1.455859E+00 9.873365E-03 7.969644E-03 8.635559E-03 9.442108E-03 7.568566E-03 6.617454E-03 4.535301E-03 2.000246E-03 9.910721E-04
484 2.251607E+02 5.178571E-01 1.455859E+00 9.870159E-03 7.967056E-03 8.632756E-03 9.439042E-03 7.566109E-03 6.615305E-03 4.533828E-03 1.999596E-03 9.907503E-04
485 2.256786E+02 5.178571E-01 1.455859E+00 9.867043E-03 7.964541E-03 8.630030E-03 9.436062E-03 7.563720E-03 6.613217E-03 4.532397E-03 1.998965E-03 9.904375E-04
486 2.261964E+02 5.178571E-01 1.455859E+00 9.864013E-03 7.962095E-03 8.627380E-03 9.433165E-03 7.561398E-03 6.611186E-03 4.531005E-03 1.998351E-03 9.901334E-04
487 2.267143E+02 5.178571E-01 1.455859E+00 9.861068E-03 7.959718E-03 8.624804E-03 9.430348E-03 7.559140E-03 6.609212E-03 4.529652E-03 1.997754E-03 9.898378E-04
488 2.272321E+02 5.178571E-01 1.455859E+00 9.858205E-03 7.957407E-03 8.622300E-03 9.427610E-03 7.556945E-03 6.607293E-03 4.528337E-03 1.997174E-03 9.895504E-04
489 2.277500E+02 5.178571E-01 1.455859E+00 9.855421E-03 7.955160E-03 8.619866E-03 9.424948E-03 7.554812E-03 6.605428E-03 4.527058E-03 1.996611E-03 9.892710E-04
490 2.282679E+02 5.178571E-01 1.455859E+00 9.852715E-03 7.952976E-03 8.617499E-03 9.422361E-03 7.552737E-03 6.603614E-03 4.525815E-03 1.996062E-03 9.889993E-04
491 2.287857E+02 5.178571E-01 1.455859E+00 9.850085E-03 7.950853E-03 8.615198E-03 9.419845E-03 7.550721E-03 6.601851E-03 4.524607E-03 1.995529E-03 9.887353E-04
492 2.293036E+02 5.178571E-01 1.455859E+00 9.847527E-03 7.948788E-03 8.612961E-03 9.417399E-03 7.548760E-03 6.600137E-03 4.523432E-03 1.995011E-03 9.884786E-04
493 2.298214E+02 5.178571E-01 1.455859E+00 9.845041E-03 7.946782E-03 8.610787E-03 9.415022E-03 7.546855E-03 6.598471E-03 4.522290E-03 1.994508E-03 9.882290E-04
494 2.303393E+02 5.178571E-01 1.455859E+00 9.842624E-03 7.944831E-03 8.608673E-03 9.412710E-03 7.545002E-03 6.596851E-03 4.521180E-03 1.994018E-03 9.879864E-04
495 2.308571E+02 5.178571E-01 1.455859E+00 9.840275E-03 7.942934E-03 8.606618E-03 9.410463E-03 7.543201E-03 6.595276E-03 4.520101E-03 1.993542E-03 9.877505E-04
496 2.313750E+02 5.178571E-01 1.455859E+00 9.837990E-03 7.941090E-03 8.604620E-03 9.408278E-03 7.541449E-03 6.593745E-03 4.519051E-03 1.993079E-03 9.875212E-04
497 2.318929E+02 5.178571E-01 1.455859E+00 9.835769E-03 7.939297E-03 8.602677E-03 9.406155E-03 7.539747E-03 6.592256E-03 4.518031E-03 1.992629E-03 9.872983E-04
498 2.324107E+02 5.178571E-01 1.455859E+00 9.833610E-03 7.937554E-03 8.600789E-03 9.404090E-03 7.538092E-03 6.590809E-03 4.517039E-03 1.992192E-03 9.870816E-04
499 2.329286E+02 5.178571E-01 1.455859E+00 9.831511E-03 7.935860E-03 8.598953E-03 9.402082E-03 7.536483E-03 6.589402E-03 4.516075E-03 1.991767E-03 9.868709E-04
500 2.334464E+02 5.178571E-01 1.455859E+00 9.829470E-03 7.934213E-03 8.597168E-03 9.400131E-03 7.534918E-03 6.588034E-03 4.515138E-03 1.991353E-03 9.866660E-04
501 2.339643E+02 5.178571E-01 1.455859E+00 9.827486E-03 7.932611E-03 8.595433E-03 9.398233E-03 7.533398E-03 6.586705E-03 4.514226E-03 1.990951E-03 9.864669E-04
502 2.344821E+02 5.178571E-01 1.455859E+00 9.825557E-03 7.931054E-03 8.593746E-03 9.396389E-03 7.531919E-03 6.585412E-03 4.513340E-03 1.990560E-03 9.862733E-04
503 2.350000E+02 5.178571E-01 1.455859E+00 9.823682E-03 7.929541E-03 8.592106E-03 9.394595E-03 7.530481E-03 6.584155E-03 4.512479E-03 1.990180E-03 9.860850E-04
504 2.355179E+02 5.178571E-01 1.455859E+00 9.821859E-03 7.928069E-03 8.590511E-03 9.392852E-03 7.529084E-03 6.582933E-03 4.511642E-03 1.989811E-03 9.859020E-04
505 2.360357E+02 5.178571E-01 1.455859E+00 9.820087E-03 7.926638E-03 8.588961E-03 9.391157E-03 7.527725E-03 6.581745E-03 4.510827E-03 1.989452E-03 9.857241E-04
506 2.365536E+02 5.178571E-01 1.455859E+00 9.818363E-03 7.925247E-03 8.587454E-03 9.389509E-03 7.526404E-03 6.580590E-03 4.510036E-03 1.989103E-03 9.855511E-04
507 2.370714E+02 5.178571E-01 1.455859E+00 9.816688E-03 7.923895E-03 8.585988E-03 9.387907E-03 7.525120E-03 6.579467E-03 4.509266E-03 1.988764E-03 9.853830E-04
508 2.375893E+02 5.178571E-01 1.455859E+00 9.815059E-03 7.922580E-03 8.584564E-03 9.386349E-03 7.523871E-03 6.578376E-03 4.508518E-03 1.988434E-03 9.852195E-04
509 2.381071E+02 5.178571E-01 1.455859E+00 9.813475E-03 7.921302E-03 8.583179E-03 9.384835E-03 7.522657E-03 6.577314E-03 4.507791E-03 1.988113E-03 9.850605E-04
510 2.386250E+02 5.178571E-01 1.455859E+00 9.811936E-03 7.920059E-03 8.581832E-03 9.383362E-03 7.521477E-03 6.576282E-03 4.507083E-03 1.987801E-03 9.849060E-04
511 2.391429E+02 5.178571E-01 1.455859E+00 9.810439E-03 7.918851E-03 8.580523E-03 9.381931E-03 7.520330E-03 6.575279E-03 4.506396E-03 1.987498E-03 9.847557E-04
512 2.396607E+02 5.178571E-01 1.455859E+00 9.808984E-03 7.917676E-03 8.579250E-03 9.380539E-03 7.519214E-03 6.574304E-03 4.505727E-03 1.987203E-03 9.846096E-04
513 2.401786E+02 5.178571E-01 1.455859E+00 9.807569E-03 7.916534E-03 8.578012E-03 9.379186E-03 7.518130E-03 6.573355E-03 4.505077E-03 1.986916E-03 9.844676E-04
514 2.406964E+02 5.178571E-01 1.455859E+00 9.806193E-03 7.915424E-03 8.576809E-03 9.377870E-03 7.517075E-03 6.572433E-03 4.504446E-03 1.986637E-03 9.843295E-04
515 2.412143E+02 5.178571E-01 1.455859E+00 9.804856E-03 7.914344E-03 8.575639E-03 9.376591E-03 7.516050E-03 6.571537E-03 4.503831E-03 1.986366E-03 9.841953E-04
516 2.417321E+02 5.178571E-01 1.455859E+00 9.803555E-03 7.913295E-03 8.574502E-03 9.375348E-03 7.515053E-03 6.570665E-03 4.503234E-03 1.986103E-03 9.840648E-04
517 2.422500E+02 5.178571E-01 1.455859E+00 9.802291E-03 7.912274E-03 8.573396E-03 9.374139E-03 7.514084E-03 6.569818E-03 4.502653E-03 1.985847E-03 9.839379E-04
518 2.427679E+02 5.178571E-01 1.455859E+00 9.801062E-03 7.911282E-03 8.572321E-03 9.372963E-03 7.513142E-03 6.568994E-03 4.502089E-03 1.985598E-03 9.838145E-04
519 2.432857E+02 5.178571E-01 1.455859E+00 9.799867E-03 7.910318E-03 8.571276E-03 9.371821E-03 7.512226E-03 6.568193E-03 4.501540E-03 1.985356E-03 9.836945E-04
520 2.438036E+02 5.178571E-01 1.455859E+00 9.798705E-03 7.909380E-03 8.570260E-03 9.370709E-03 7.511335E-03 6.567415E-03 4.501006E-03 1.985120E-03 9.835779E-04
521 2.443214E+02 5.178571E-01 1.455859E+00 9.797576E-03 7.908468E-03 8.569272E-03 9.369629E-03 7.510469E-03 6.566658E-03 4.500487E-03 1.984892E-03 9.834645E-04
522 2.448393E+02 5.178571E-01 1.455859E+00 9.796477E-03 7.907581E-03 8.568311E-03 9.368579E-03 7.509627E-03 6.565921E-03 4.499983E-03 1.984669E-03 9.833543E-04
523 2.453571E+02 5.178571E-01 1.455859E+00 9.795409E-03 7.906719E-03 8.567377E-03 9.367558E-03 7.508809E-03 6.565206E-03 4.499492E-03 1.984453E-03 9.832471E-04
524 2.458750E+02 5.178571E-01 1.455859E+00 9.794371E-03 7.905881E-03 8.566469E-03 9.366565E-03 7.508013E-03 6.564510E-03 4.499015E-03 1.984242E-03 9.831429E-04
525 2.463929E+02 5.178571E-01 1.455859E+00 9.793362E-03 7.905067E-03 8.565587E-03 9.365600E-03 7.507239E-03 6.563833E-03 4.498552E-03 1.984038E-03 9.830415E-04
526 2.469107E+02 5.178571E-01 1.455859E+00 9.792381E-03 7.904275E-03 8.564728E-03 9.364661E-03 7.506487E-03 6.563176E-03 4.498101E-03 1.983839E-03 9.829430E-04
527 2.474286E+02 5.178571E-01 1.455859E+00 9.791426E-03 7.903504E-03 8.563894E-03 9.363748E-03 7.505755E-03 6.562536E-03 4.497662E-03 1.983646E-03 9.828472E-04
528 2.479464E+02 5.178571E-01 1.455859E+00 9.790499E-03 7.902755E-03 8.563082E-03 9.362861E-03 7.505044E-03 6.561914E-03 4.497236E-03 1.983458E-03 9.827541E-04
529 2.484643E+02 5.178571E-01 1.455859E+00 9.789597E-03 7.902027E-03 8.562293E-03 9.361999E-03 7.504353E-03 6.561310E-03 4.496822E-03 1.983275E-03 9.826636E-04
530 2.489821E+02 5.178571E-01 1.455859E+00 9.788720E-03 7.901320E-03 8.561526E-03 9.361160E-03 7.503680E-03 6.560722E-03 4.496419E-03 1.983097E-03 9.825756E-04
531 2.495000E+02 5.178571E-01 1.455859E+00 9.787867E-03 7.900631E-03 8.560781E-03 9.360345E-03 7.503027E-03 6.560150E-03 4.496028E-03 1.982925E-03 9.824900E-04
532 2.500179E+02 5.178571E-01 1.455859E+00 9.787038E-03 7.899962E-03 8.560055E-03 9.359552E-03 7.502391E-03 6.559595E-03 4.495647E-03 1.982757E-03 9.824068E-04
533 2.505357E+02 5.178571E-01 1.455859E+00 9.786232E-03 7.899311E-03 8.559350E-03 9.358781E-03 7.501774E-03 6.559055E-03 4.495276E-03 1.982593E-03 9.823258E-04
534 2.510536E+02 5.178571E-01 1.455859E+00 9.785448E-03 7.898679E-03 8.558665E-03 9.358032E-03 7.501173E-03 6.558529E-03 4.494916E-03 1.982435E-03 9.822472E-04
535 2.515714E+02 5.178571E-01 1.455859E+00 9.784686E-03 7.898064E-03 8.557999E-03 9.357303E-03 7.500589E-03 6.558019E-03 4.494566E-03 1.982280E-03 9.821707E-04
536 2.520893E+02 5.178571E-01 1.455859E+00 9.783945E-03 7.897466E-03 8.557351E-03 9.356594E-03 7.500021E-03 6.557522E-03 4.494226E-03 1.982130E-03 9.820963E-04
537 2.526071E+02 5.178571E-01 1.455859E+00 9.783225E-03 7.896884E-03 8.556721E-03 9.355906E-03 7.499469E-03 6.557039E-03 4.493895E-03 1.981984E-03 9.820240E-04
538 2.531250E+02 5.178571E-01 1.455859E+00 9.782525E-03 7.896319E-03 8.556108E-03 9.355236E-03 7.498932E-03 6.556570E-03 4.493574E-03 1.981842E-03 9.819537E-04
539 2.536429E+02 5.178571E-01 1.455859E+00 9.781844E-03 7.895770E-03 8.555513E-03 9.354585E-03 7.498410E-03 6.556114E-03 4.493261E-03 1.981704E-03 9.818854E-04
540 2.541607E+02 5.178571E-01 1.455859E+00 9.781182E-03 7.895235E-03 8.554934E-03 9.353952E-03 7.497902E-03 6.555670E-03 4.492957E-03 1.981570E-03 9.818189E-04
541 2.546786E+02 5.178571E-01 1.455859E+00 9.780538E-03 7.894716E-03 8.554371E-03 9.353336E-03 7.497409E-03 6.555239E-03 4.492661E-03 1.981440E-03 9.817543E-04
542 2.551964E+02 5.178571E-01 1.455859E+00 9.779912E-03 7.894210E-03 8.553823E-03 9.352737E-03 7.496929E-03 6.554819E-03 4.492374E-03 1.981313E-03 9.816915E-04
543 2.557143E+02 5.178571E-01 1.455859E+00 9.779304E-03 7.893719E-03 8.553291E-03 9.352156E-03 7.496463E-03 6.554411E-03 4.492094E-03 1.981190E-03 9.816304E-04
544 2.562321E+02 5.178571E-01 1.455859E+00 9.778712E-03 7.893242E-03 8.552773E-03 9.351590E-03 7.496009E-03 6.554015E-03 4.491822E-03 1.981070E-03 9.815710E-04
545 2.567500E+02 5.178571E-01 1.455859E+00 9.778137E-03 7.892777E-03 8.552270E-03 9.351040E-03 7.495568E-03 6.553629E-03 4.491558E-03 1.980953E-03 9.815133E-04
546 2.572679E+02 5.178571E-01 1.455859E+00 9.777578E-03 7.892326E-03 8.551781E-03 9.350505E-03 7.495139E-03 6.553254E-03 4.491301E-03 1.980840E-03 9.814571E-04
547 2.577857E+02 5.178571E-01 1.455859E+00 9.777034E-03 7.891887E-03 8.551306E-03 9.349985E-03 7.494723E-03 6.552890E-03 4.491051E-03 1.980730E-03 9.814026E-04
548 2.583036E+02 5.178571E-01 1.455859E+00 9.776505E-03 7.891460E-03 8.550843E-03 9.349479E-03 7.494317E-03 6.552535E-03 4.490808E-03 1.980623E-03 9.813495E-04
549 2.588214E+02 5.178571E-01 1.455859E+00 9.775991E-03 7.891045E-03 8.550393E-03 9.348987E-03 7.493923E-03 6.552191E-03 4.490572E-03 1.980519E-03 9.812979E-04
550 2.593393E+02 5.178571E-01 1.455859E+00 9.775491E-03 7.890642E-03 8.549956E-03 9.348509E-03 7.493540E-03 6.551856E-03 4.490343E-03 1.980417E-03 9.812477E-04
551 2.598571E+02 5.178571E-01 1.455859E+00 9.775005E-03 7.890249E-03 8.549531E-03 9.348045E-03 7.493167E-03 6.551530E-03 4.490119E-03 1.980319E-03 9.811989E-04
552 2.603750E+02 5.178571E-01 1.455859E+00 9.774533E-03 7.889868E-03 8.549118E-03 9.347593E-03 7.492805E-03 6.551213E-03 4.489902E-03 1.980223E-03 9.811515E-04
553 2.608929E+02 5.178571E-01 1.455859E+00 9.774073E-03 7.889497E-03 8.548716E-03 9.347153E-03 7.492453E-03 6.550905E-03 4.489691E-03 1.980130E-03 9.811054E-04
554 2.614107E+02 5.178571E-01 1.455859E+00 9.773627E-03 7.889137E-03 8.548325E-03 9.346726E-03 7.492111E-03 6.550606E-03 4.489486E-03 1.980040E-03 9.810605E-04
555 2.619286E+02 5.178571E-01 1.455859E+00 9.773192E-03 7.888786E-03 8.547945E-03 9.346311E-03 7.491778E-03 6.550315E-03 4.489287E-03 1.979952E-03 9.810169E-04
556 2.624464E+02 5.178571E-01 1.455859E+00 9.772770E-03 7.888445E-03 8.547576E-03 9.345907E-03 7.491454E-03 6.550032E-03 4.489093E-03 1.979866E-03 9.809745E-04
557 2.629643E+02 5.178571E-01 1.455859E+00 9.772359E-03 7.888114E-03 8.547217E-03 9.345514E-03 7.491139E-03 6.549757E-03 4.488904E-03 1.979783E-03 9.809333E-04
558 2.634821E+02 5.178571E-01 1.455859E+00 9.771960E-03 7.887791E-03 8.546868E-03 9.345132E-03 7.490833E-03 6.549489E-03 4.488721E-03 1.979702E-03 9.808933E-04
559 2.640000E+02 5.178571E-01 1.455859E+00 9.771572E-03 7.887478E-03 8.546528E-03 9.344761E-03 7.490536E-03 6.549229E-03 4.488542E-03 1.979623E-03 9.808543E-04
560 2.645179E+02 5.178571E-01 1.455859E+00 9.771194E-03 7.887173E-03 8.546198E-03 9.344400E-03 7.490246E-03 6.548976E-03 4.488369E-03 1.979547E-03 9.808164E-04
561 2.650357E+02 5.178571E-01 1.455859E+00 9.770828E-03 7.886877E-03 8.545877E-03 9.344049E-03 7.489965E-03 6.548730E-03 4.488200E-03 1.979473E-03 9.807796E-04
562 2.655536E+02 5.178571E-01 1.455859E+00 9.770471E-03 7.886589E-03 8.545565E-03 9.343708E-03 7.489692E-03 6.548491E-03 4.488037E-03 1.979400E-03 9.807438E-04
563 2.660714E+02 5.178571E-01 1.455859E+00 9.770124E-03 7.886309E-03 8.545262E-03 9.343376E-03 7.489426E-03 6.548258E-03 4.487877E-03 1.979330E-03 9.807089E-04
564 2.665893E+02 5.178571E-01 1.455859E+00 9.769787E-03 7.886037E-03 8.544967E-03 9.343054E-03 7.489167E-03 6.548032E-03 4.487722E-03 1.979262E-03 9.806751E-04
565 2.671071E+02 5.178571E-01 1.455859E+00 9.769459E-03 7.885772E-03 8.544680E-03 9.342740E-03 7.488916E-03 6.547813E-03 4.487572E-03 1.979195E-03 9.806422E-04
566 2.676250E+02 5.178571E-01 1.455859E+00 9.769140E-03 7.885515E-03 8.544401E-03 9.342435E-03 7.488671E-03 6.547599E-03 4.487425E-03 1.979131E-03 9.806102E-04
567 2.681429E+02 5.178571E-01 1.455859E+00 9.768830E-03 7.885265E-03 8.544130E-03 9.342139E-03 7.488434E-03 6.547391E-03 4.487283E-03 1.979068E-03 9.805790E-04
568 2.686607E+02 5.178571E-01 1.455859E+00 9.768528E-03 7.885021E-03 8.543866E-03 9.341850E-03 7.488202E-03 6.547189E-03 4.487144E-03 1.979007E-03 9.805488E-04
569 2.691786E+02 5.178571E-01 1.455859E+00 9.768235E-03 7.884785E-03 8.543610E-03 9.341570E-03 7.487978E-03 6.546993E-03 4.487010E-03 1.978947E-03 9.805193E-04
570 2.696964E+02 5.178571E-01 1.455859E+00 9.767950E-03 7.884555E-03 8.543361E-03 9.341298E-03 7.487759E-03 6.546802E-03 4.486879E-03 1.978890E-03 9.804907E-04
571 2.702143E+02 5.178571E-01 1.455859E+00 9.767673E-03 7.884331E-03 8.543118E-03 9.341033E-03 7.487547E-03 6.546616E-03 4.486751E-03 1.978834E-03 9.804629E-04
572 2.707321E+02 5.178571E-01 1.455859E+00 9.767404E-03 7.884113E-03 8.542883E-03 9.340775E-03 7.487340E-03 6.546435E-03 4.486628E-03 1.978779E-03 9.804359E-04
573 2.712500E+02 5.178571E-01 1.455859E+00 9.767142E-03 7.883902E-03 8.542653E-03 9.340524E-03 7.487139E-03 6.546260E-03 4.486507E-03 1.978726E-03 9.804096E-04
574 2.717679E+02 5.178571E-01 1.455859E+00 9.766887E-03 7.883696E-03 8.542431E-03 9.340281E-03 7.486944E-03 6.546089E-03 4.486390E-03 1.978674E-03 9.803840E-04
575 2.722857E+02 5.178571E-01 1.455859E+00 9.766639E-03 7.883496E-03 8.542214E-03 9.340044E-03 7.486754E-03 6.545923E-03 4.486277E-03 1.978624E-03 9.803592E-04
576 2.728036E+02 5.178571E-01 1.455859E+00 9.766398E-03 7.883302E-03 8.542003E-03 9.339814E-03 7.486570E-03 6.545762E-03 4.486166E-03 1.978575E-03 9.803350E-04
577 2.733214E+02 5.178571E-01 1.455859E+00 9.766164E-03 7.883113E-03 8.541799E-03 9.339590E-03 7.486390E-03 6.545605E-03 4.486058E-03 1.978528E-03 9.803115E-04
578 2.738393E+02 5.178571E-01 1.455859E+00 9.765937E-03 7.882929E-03 8.541599E-03 9.339372E-03 7.486216E-03 6.545452E-03 4.485954E-03 1.978482E-03 9.802886E-04
579 2.743571E+02 5.178571E-01 1.455859E+00 9.765715E-03 7.882751E-03 8.541406E-03 9.339160E-03 7.486046E-03 6.545304E-03 4.485852E-03 1.978437E-03 9.802664E-04
580 2.748750E+02 5.178571E-01 1.455859E+00 9.765500E-03 7.882577E-03 8.541218E-03 9.338955E-03 7.485881E-03 6.545159E-03 4.485753E-03 1.978393E-03 9.802448E-04
581 2.753929E+02 5.178571E-01 1.455859E+00 9.765291E-03 7.882408E-03 8.541035E-03 9.338755E-03 7.485721E-03 6.545019E-03 4.485657E-03 1.978351E-03 9.802238E-04
582 2.759107E+02 5.178571E-01 1.455859E+00 9.765087E-03 7.882244E-03 8.540857E-03 9.338560E-03 7.485565E-03 6.544883E-03 4.485564E-03 1.978310E-03 9.802034E-04
583 2.764286E+02 5.178571E-01 1.455859E+00 9.764890E-03 7.882084E-03 8.540684E-03 9.338371E-03 7.485413E-03 6.544750E-03 4.485473E-03 1.978270E-03 9.801835E-04
584 2.769464E+02 5.178571E-01 1.455859E+00 9.764697E-03 7.881929E-03 8.540515E-03 9.338187E-03 7.485266E-03 6.544621E-03 4.485385E-03 1.978231E-03 9.801642E-04
585 2.774643E+02 5.178571E-01 1.455859E+00 9.764510E-03 7.881778E-03 8.540352E-03 9.338008E-03 7.485122E-03 6.544496E-03 4.485299E-03 1.978193E-03 9.801454E-04
586 2.779821E+02 5.178571E-01 1.455859E+00 9.764328E-03 7.881631E-03 8.540193E-03 9.337834E-03 7.484983E-03 6.544374E-03 4.485215E-03 1.978156E-03 9.801272E-04
587 2.785000E+02 5.178571E-01 1.455859E+00 9.764151E-03 7.881488E-03 8.540038E-03 9.337665E-03 7.484847E-03 6.544256E-03 4.485134E-03 1.978120E-03 9.801094E-04
588 2.790179E+02 5.178571E-01 1.455859E+00 9.763980E-03 7.881350E-03 8.539888E-03 9.337501E-03 7.484716E-03 6.544140E-03 4.485055E-03 1.978085E-03 9.800922E-04
589 2.795357E+02 5.178571E-01 1.455859E+00 9.763812E-03 7.881215E-03 8.539742E-03 9.337341E-03 7.484587E-03 6.544028E-03 4.484978E-03 1.978051E-03 9.800754E-04
590 2.800536E+02 5.178571E-01 1.455859E+00 9.763650E-03 7.881084E-03 8.539599E-03 9.337185E-03 7.484463E-03 6.543919E-03 4.484903E-03 1.978019E-03 9.800591E-04
