0 -2.548214E+01 5.178571E-01 0.000000E+00 0.000000E+00 0.000000E+00 0.000000E+00 0.000000E+00 3.348516E-06 0.000000E+00 0.000000E+00 0.000000E+00 0.000000E+00
1 -2.496429E+01 5.178571E-01 0.000000E+00 0.000000E+00 0.000000E+00 0.000000E+00 0.000000E+00 5.876023E-06 0.000000E+00 0.000000E+00 0.000000E+00 0.000000E+00
2 -2.444643E+01 5.178571E-01 1.689209E-01 1.222513E-10 9.861181E-11 1.065212E-10 1.156676E-10 7.784500E-06 7.909650E-11 5.297562E-11 2.270980E-11 1.112579E-11
3 -2.392857E+01 5.178571E-01 3.468894E+00 2.539755E-09 2.048661E-09 2.213042E-09 2.403219E-09 9.227797E-06 1.643764E-09 1.101163E-09 4.721732E-10 2.313414E-10
4 -2.341071E+01 5.178571E-01 8.093230E+00 1.504047E-08 1.213238E-08 1.310672E-08 1.423514E-08 1.032655E-05 9.741775E-09 6.529268E-09 2.801378E-09 1.372785E-09
5 -2.289286E+01 5.178571E-01 9.522322E+00 4.917821E-08 3.967002E-08 4.285820E-08 4.655369E-08 1.117602E-05 3.187265E-08 2.137072E-08 9.173523E-09 4.496049E-09
6 -2.237500E+01 5.178571E-01 9.099507E+00 1.155948E-07 9.324660E-08 1.007456E-07 1.094448E-07 1.184948E-05 7.496070E-08 5.028016E-08 2.159276E-08 1.058431E-08
7 -2.185714E+01 5.178571E-01 5.812589E+00 2.215139E-07 1.786901E-07 1.930703E-07 2.097652E-07 1.240161E-05 1.437301E-07 9.644372E-08 4.143632E-08 2.031400E-08
8 -2.133929E+01 5.178571E-01 3.978590E+00 3.682685E-07 2.970770E-07 3.210014E-07 3.487995E-07 1.287053E-05 2.390966E-07 1.604979E-07 6.898902E-08 3.382644E-08
9 -2.082143E+01 5.178571E-01 4.759281E+00 5.546319E-07 4.474191E-07 4.834769E-07 5.254087E-07 1.328331E-05 3.603152E-07 2.419649E-07 1.040571E-07 5.102835E-08
10 -2.030357E+01 5.178571E-01 4.781279E+00 7.827178E-07 6.314224E-07 6.823454E-07 7.416131E-07 1.366267E-05 5.088005E-07 3.418129E-07 1.470660E-07 7.212981E-08
11 -1.978571E+01 5.178571E-01 4.000323E+00 1.056515E-06 8.523059E-07 9.210898E-07 1.001209E-06 1.402754E-05 6.871828E-07 4.618248E-07 1.987913E-07 9.751237E-08
12 -1.926786E+01 5.178571E-01 3.002535E+00 1.378175E-06 1.111805E-06 1.201591E-06 1.306253E-06 1.439158E-05 8.969040E-07 6.029886E-07 2.596679E-07 1.273909E-07
13 -1.875000E+01 5.178571E-01 1.816319E+00 1.745747E-06 1.408349E-06 1.522157E-06 1.654921E-06 1.476238E-05 1.136751E-06 7.645126E-07 3.293672E-07 1.616060E-07
14 -1.823214E+01 5.178571E-01 1.559247E+00 2.152949E-06 1.736872E-06 1.877319E-06 2.041287E-06 1.514207E-05 1.402696E-06 9.437162E-07 4.067486E-07 1.996001E-07
15 -1.771429E+01 5.178571E-01 1.966781E+00 2.594435E-06 2.093059E-06 2.262422E-06 2.460302E-06 1.553178E-05 1.691306E-06 1.138311E-06 4.908367E-07 2.408963E-07
16 -1.719643E+01 5.178571E-01 2.015504E+00 3.069460E-06 2.476313E-06 2.676822E-06 2.911273E-06 1.593483E-05 2.002121E-06 1.347996E-06 5.815078E-07 2.854347E-07
17 -1.667857E+01 5.178571E-01 1.837508E+00 3.579235E-06 2.887609E-06 3.121575E-06 3.395352E-06 1.635510E-05 2.335942E-06 1.573320E-06 6.790005E-07 3.333329E-07
18 -1.616071E+01 5.178571E-01 1.141606E+00 4.123157E-06 3.326463E-06 3.596158E-06 3.911979E-06 1.679435E-05 2.692400E-06 1.814041E-06 7.832165E-07 3.845433E-07
19 -1.564286E+01 5.178571E-01 2.494869E-01 4.694164E-06 3.787178E-06 4.094421E-06 4.454476E-06 1.724894E-05 3.066939E-06 2.067115E-06 8.928530E-07 4.384282E-07
20 -1.512500E+01 5.178571E-01 5.196387E-01 5.279978E-06 4.259849E-06 4.605664E-06 5.011225E-06 1.771088E-05 3.451607E-06 2.327214E-06 1.005625E-06 4.938680E-07
21 -1.460714E+01 5.178571E-01 1.213893E+00 5.874370E-06 4.739453E-06 5.124458E-06 5.576324E-06 1.817641E-05 3.842358E-06 2.591618E-06 1.120363E-06 5.502888E-07
22 -1.408929E+01 5.178571E-01 1.855092E+00 6.481720E-06 5.229522E-06 5.654616E-06 6.153908E-06 1.864955E-05 4.242005E-06 2.862204E-06 1.237867E-06 6.080822E-07
23 -1.357143E+01 5.178571E-01 2.431703E+00 7.114884E-06 5.740425E-06 6.207338E-06 6.756140E-06 1.914054E-05 4.658863E-06 3.144540E-06 1.360522E-06 6.684166E-07
24 -1.305357E+01 5.178571E-01 1.417508E+00 7.787974E-06 6.283546E-06 6.794925E-06 7.396380E-06 1.966045E-05 5.102082E-06 3.444762E-06 1.490964E-06 7.325840E-07
25 -1.253571E+01 5.178571E-01 1.479046E+00 8.503652E-06 6.861033E-06 7.419700E-06 8.077160E-06 2.021161E-05 5.573413E-06 3.764055E-06 1.629706E-06 8.008370E-07
26 -1.201786E+01 5.178571E-01 1.464872E+00 9.262544E-06 7.473392E-06 8.082211E-06 8.799084E-06 2.079476E-05 6.073288E-06 4.102722E-06 1.776887E-06 8.732436E-07
27 -1.150000E+01 5.178571E-01 1.416098E+00 1.006587E-05 8.121607E-06 8.783527E-06 9.563318E-06 2.141101E-05 6.602526E-06 4.461323E-06 1.932751E-06 9.499256E-07
28 -1.098214E+01 5.178571E-01 1.361035E+00 1.091458E-05 8.806449E-06 9.524481E-06 1.037078E-05 2.206124E-05 7.161773E-06 4.840303E-06 2.097496E-06 1.030980E-06
29 -1.046429E+01 5.178571E-01 1.318894E+00 1.180924E-05 9.528366E-06 1.030556E-05 1.122200E-05 2.274600E-05 7.751417E-06 5.239934E-06 2.271246E-06 1.116469E-06
30 -9.946429E+00 5.178571E-01 1.340837E+00 1.275048E-05 1.028788E-05 1.112734E-05 1.211761E-05 2.346585E-05 8.371897E-06 5.660523E-06 2.454137E-06 1.206461E-06
31 -9.428571E+00 5.178571E-01 1.447778E+00 1.373451E-05 1.108192E-05 1.198650E-05 1.305402E-05 2.420650E-05 9.010895E-06 6.093826E-06 2.642639E-06 1.299225E-06
32 -8.910714E+00 5.178571E-01 1.529898E+00 1.475892E-05 1.190856E-05 1.288095E-05 1.402896E-05 2.495592E-05 9.658029E-06 6.532880E-06 2.833764E-06 1.393298E-06
33 -8.392857E+00 5.178571E-01 1.553286E+00 1.582289E-05 1.276711E-05 1.380997E-05 1.504166E-05 2.569972E-05 1.030089E-05 6.969360E-06 3.023932E-06 1.486925E-06
34 -7.875000E+00 5.178571E-01 1.520767E+00 1.692664E-05 1.365778E-05 1.477376E-05 1.609233E-05 2.642803E-05 1.093097E-05 7.397530E-06 3.210670E-06 1.578891E-06
35 -7.357143E+00 5.178571E-01 1.432925E+00 1.806998E-05 1.458040E-05 1.577216E-05 1.718079E-05 2.713431E-05 1.154257E-05 7.813553E-06 3.392317E-06 1.668381E-06
36 -6.839286E+00 5.178571E-01 1.443251E+00 1.925179E-05 1.553407E-05 1.680420E-05 1.830600E-05 2.781442E-05 1.213209E-05 8.214973E-06 3.567800E-06 1.754866E-06
37 -6.321429E+00 5.178571E-01 1.438639E+00 2.047125E-05 1.651813E-05 1.786916E-05 1.946719E-05 2.846600E-05 1.269743E-05 8.600350E-06 3.736485E-06 1.838032E-06
38 -5.803571E+00 5.178571E-01 1.436477E+00 2.172789E-05 1.753220E-05 1.896662E-05 2.066390E-05 2.908792E-05 1.323759E-05 8.968973E-06 3.898048E-06 1.917719E-06
39 -5.285714E+00 5.178571E-01 1.438731E+00 2.302142E-05 1.857604E-05 2.009634E-05 2.189586E-05 2.967997E-05 1.375232E-05 9.320652E-06 4.052389E-06 1.993874E-06
40 -4.767857E+00 5.178571E-01 1.446275E+00 2.435178E-05 1.964962E-05 2.125826E-05 2.316302E-05 3.024256E-05 1.424193E-05 9.655556E-06 4.199566E-06 2.066523E-06
41 -4.250000E+00 5.178571E-01 1.458259E+00 2.571916E-05 2.075307E-05 2.245256E-05 2.446557E-05 3.077652E-05 1.470709E-05 9.974107E-06 4.339744E-06 2.135746E-06
42 -3.732143E+00 5.178571E-01 1.468803E+00 2.712400E-05 2.188675E-05 2.367961E-05 2.580391E-05 3.128296E-05 1.514871E-05 1.027689E-05 4.473161E-06 2.201656E-06
43 -3.214286E+00 5.178571E-01 1.469851E+00 2.856686E-05 2.305113E-05 2.493991E-05 2.717858E-05 3.176315E-05 1.556785E-05 1.056459E-05 4.600097E-06 2.264389E-06
44 -2.696429E+00 5.178571E-01 1.463741E+00 3.004821E-05 2.424657E-05 2.623386E-05 2.859004E-05 3.221845E-05 1.596566E-05 1.083795E-05 4.720860E-06 2.324094E-06
45 -2.178571E+00 5.178571E-01 1.455398E+00 3.156829E-05 2.547327E-05 2.756167E-05 3.003849E-05 3.265026E-05 1.634329E-05 1.109772E-05 4.835769E-06 2.380926E-06
46 -1.660714E+00 5.178571E-01 1.449695E+00 3.312710E-05 2.673124E-05 2.892335E-05 3.152396E-05 3.305996E-05 1.670191E-05 1.134469E-05 4.945142E-06 2.435040E-06
47 -1.142857E+00 5.178571E-01 1.451943E+00 3.472458E-05 2.802041E-05 3.031885E-05 3.304639E-05 3.344890E-05 1.704266E-05 1.157959E-05 5.049293E-06 2.486589E-06
48 -6.250000E-01 5.178571E-01 1.452587E+00 3.636073E-05 2.934080E-05 3.174816E-05 3.460577E-05 3.381839E-05 1.736664E-05 1.180316E-05 5.148530E-06 2.535722E-06
49 -1.071429E-01 5.178571E-01 1.453917E+00 3.803564E-05 3.069248E-05 3.321136E-05 3.620220E-05 3.416967E-05 1.767492E-05 1.201608E-05 5.243144E-06 2.582581E-06
50 4.107143E-01 5.178571E-01 1.455528E+00 3.974944E-05 3.207554E-05 3.470857E-05 3.783580E-05 3.450392E-05 1.796848E-05 1.221903E-05 5.333417E-06 2.627304E-06
51 9.285714E-01 5.178571E-01 1.457047E+00 4.150232E-05 3.349016E-05 3.623996E-05 3.950675E-05 3.482227E-05 1.824829E-05 1.241262E-05 5.419614E-06 2.670020E-06
52 1.446429E+00 5.178571E-01 1.457972E+00 4.329454E-05 3.493651E-05 3.780574E-05 4.121529E-05 3.512575E-05 1.851522E-05 1.259746E-05 5.501986E-06 2.710851E-06
53 1.964286E+00 5.178571E-01 1.457851E+00 4.512634E-05 3.641482E-05 3.940613E-05 4.296166E-05 3.541536E-05 1.877011E-05 1.277410E-05 5.580768E-06 2.749914E-06
54 2.482143E+00 5.178571E-01 1.456768E+00 4.699797E-05 3.792528E-05 4.104136E-05 4.474610E-05 3.569200E-05 1.901374E-05 1.294305E-05 5.656183E-06 2.787315E-06
55 3.000000E+00 5.178571E-01 1.455568E+00 4.890966E-05 3.946807E-05 4.271161E-05 4.656882E-05 3.595652E-05 1.924684E-05 1.310480E-05 5.728436E-06 2.823156E-06
56 3.517857E+00 5.178571E-01 1.454871E+00 5.086161E-05 4.104337E-05 4.441707E-05 4.843003E-05 3.620973E-05 1.947009E-05 1.325981E-05 5.797722E-06 2.857532E-06
57 4.035714E+00 5.178571E-01 1.454888E+00 5.285406E-05 4.265134E-05 4.615794E-05 5.032993E-05 3.645235E-05 1.968411E-05 1.340849E-05 5.864220E-06 2.890531E-06
58 4.553571E+00 5.178571E-01 1.455405E+00 5.488725E-05 4.429220E-05 4.793444E-05 5.226877E-05 3.668507E-05 1.988950E-05 1.355124E-05 5.928101E-06 2.922237E-06
59 5.071429E+00 5.178571E-01 1.455700E+00 5.696147E-05 4.596618E-05 4.974681E-05 5.424682E-05 3.690854E-05 2.008679E-05 1.368842E-05 5.989522E-06 2.952726E-06
60 5.589286E+00 5.178571E-01 1.455982E+00 5.907704E-05 4.767354E-05 5.159534E-05 5.626439E-05 3.712333E-05 2.027650E-05 1.382039E-05 6.048631E-06 2.982071E-06
61 6.107143E+00 5.178571E-01 1.456160E+00 6.123432E-05 4.941456E-05 5.348034E-05 5.832181E-05 3.733001E-05 2.045911E-05 1.394745E-05 6.105565E-06 3.010341E-06
62 6.625000E+00 5.178571E-01 1.456205E+00 6.343368E-05 5.118954E-05 5.540213E-05 6.041944E-05 3.752909E-05 2.063505E-05 1.406991E-05 6.160454E-06 3.037597E-06
63 7.142857E+00 5.178571E-01 1.456116E+00 6.567550E-05 5.299880E-05 5.736106E-05 6.255765E-05 3.772105E-05 2.080474E-05 1.418804E-05 6.213418E-06 3.063900E-06
64 7.660714E+00 5.178571E-01 1.455940E+00 6.796020E-05 5.484266E-05 5.935747E-05 6.473682E-05 3.790633E-05 2.096855E-05 1.430211E-05 6.264571E-06 3.089305E-06
65 8.178571E+00 5.178571E-01 1.455766E+00 7.028818E-05 5.672146E-05 6.139172E-05 6.695735E-05 3.808534E-05 2.112686E-05 1.441236E-05 6.314018E-06 3.113864E-06
66 8.696429E+00 5.178571E-01 1.455683E+00 7.265988E-05 5.863555E-05 6.346421E-05 6.921965E-05 3.825848E-05 2.128000E-05 1.451902E-05 6.361858E-06 3.137626E-06
67 9.214286E+00 5.178571E-01 1.455703E+00 7.507574E-05 6.058529E-05 6.557531E-05 7.152415E-05 3.842611E-05 2.142827E-05 1.462229E-05 6.408185E-06 3.160637E-06
68 9.732143E+00 5.178571E-01 1.455785E+00 7.753624E-05 6.257105E-05 6.772543E-05 7.387129E-05 3.858856E-05 2.157197E-05 1.472239E-05 6.453086E-06 3.182940E-06
69 1.025000E+01 5.178571E-01 1.455866E+00 8.004187E-05 6.459324E-05 6.991501E-05 7.626155E-05 3.874615E-05 2.171138E-05 1.481949E-05 6.496643E-06 3.204575E-06
70 1.076786E+01 5.178571E-01 1.455904E+00 8.259314E-05 6.665226E-05 7.214450E-05 7.869541E-05 3.889918E-05 2.184676E-05 1.491377E-05 6.538934E-06 3.225581E-06
71 1.128571E+01 5.178571E-01 1.455921E+00 8.519059E-05 6.874856E-05 7.441436E-05 8.117338E-05 3.904793E-05 2.197834E-05 1.500541E-05 6.580031E-06 3.245994E-06
72 1.180357E+01 5.178571E-01 1.455913E+00 8.783477E-05 7.088257E-05 7.672507E-05 8.369599E-05 3.919265E-05 2.210636E-05 1.509454E-05 6.620004E-06 3.265847E-06
73 1.232143E+01 5.178571E-01 1.455889E+00 9.052625E-05 7.305476E-05 7.907714E-05 8.626378E-05 3.933360E-05 2.223102E-05 1.518134E-05 6.658917E-06 3.285173E-06
74 1.283929E+01 5.178571E-01 1.455860E+00 9.326560E-05 7.526560E-05 8.147106E-05 8.887731E-05 3.947100E-05 2.235254E-05 1.526592E-05 6.696831E-06 3.304002E-06
75 1.335714E+01 5.178571E-01 1.455837E+00 9.605344E-05 7.751556E-05 8.390737E-05 9.153714E-05 3.960507E-05 2.247110E-05 1.534842E-05 6.733804E-06 3.322363E-06
76 1.387500E+01 5.178571E-01 1.455829E+00 9.889038E-05 7.980516E-05 8.638661E-05 9.424387E-05 3.973602E-05 2.258687E-05 1.542897E-05 6.769892E-06 3.340282E-06
77 1.439286E+01 5.178571E-01 1.455836E+00 1.017771E-04 8.213490E-05 8.890933E-05 9.699811E-05 3.986404E-05 2.270004E-05 1.550768E-05 6.805146E-06 3.357786E-06
78 1.491071E+01 5.178571E-01 1.455851E+00 1.047141E-04 8.450531E-05 9.147610E-05 9.980047E-05 3.998932E-05 2.281076E-05 1.558467E-05 6.839615E-06 3.374899E-06
79 1.542857E+01 5.178571E-01 1.455864E+00 1.077023E-04 8.691694E-05 9.408752E-05 1.026516E-04 4.011202E-05 2.291918E-05 1.566003E-05 6.873348E-06 3.391644E-06
80 1.594643E+01 5.178571E-01 1.455871E+00 1.107421E-04 8.937034E-05 9.674417E-05 1.055521E-04 4.023231E-05 2.302545E-05 1.573388E-05 6.906387E-06 3.408044E-06
81 1.646429E+01 5.178571E-01 1.455870E+00 1.138345E-04 9.186607E-05 9.944668E-05 1.085028E-04 4.035035E-05 2.312970E-05 1.580629E-05 6.938775E-06 3.424118E-06
82 1.698214E+01 5.178571E-01 1.455867E+00 1.169800E-04 9.440473E-05 1.021957E-04 1.115042E-04 4.046628E-05 2.323207E-05 1.587738E-05 6.970553E-06 3.439888E-06
83 1.750000E+01 5.178571E-01 1.455862E+00 1.201794E-04 9.698691E-05 1.049918E-04 1.145571E-04 4.058025E-05 2.333268E-05 1.594721E-05 7.001760E-06 3.455373E-06
84 1.801786E+01 5.178571E-01 1.455857E+00 1.234336E-04 9.961322E-05 1.078358E-04 1.176623E-04 4.069239E-05 2.343165E-05 1.601588E-05 7.032432E-06 3.470590E-06
85 1.853571E+01 5.178571E-01 1.455855E+00 1.267432E-04 1.022843E-04 1.107282E-04 1.208204E-04 4.080283E-05 2.352908E-05 1.608345E-05 7.062603E-06 3.485557E-06
86 1.905357E+01 5.178571E-01 1.455854E+00 1.301090E-04 1.050008E-04 1.136698E-04 1.240322E-04 4.091169E-05 2.362509E-05 1.615002E-05 7.092308E-06 3.500290E-06
87 1.957143E+01 5.178571E-01 1.455856E+00 1.335318E-04 1.077633E-04 1.166612E-04 1.272984E-04 4.101909E-05 2.371979E-05 1.621564E-05 7.121579E-06 3.514807E-06
88 2.008929E+01 5.178571E-01 1.455859E+00 1.370126E-04 1.105725E-04 1.197033E-04 1.306200E-04 4.112513E-05 2.381326E-05 1.628038E-05 7.150447E-06 3.529121E-06
89 2.060714E+01 5.178571E-01 1.455861E+00 1.405521E-04 1.134291E-04 1.227966E-04 1.339976E-04 4.122992E-05 2.390560E-05 1.634432E-05 7.178940E-06 3.543248E-06
90 2.112500E+01 5.178571E-01 1.455861E+00 1.441511E-04 1.163338E-04 1.259421E-04 1.374320E-04 4.133357E-05 2.399691E-05 1.640752E-05 7.207088E-06 3.557201E-06
91 2.164286E+01 5.178571E-01 1.455861E+00 1.478106E-04 1.192873E-04 1.291404E-04 1.409243E-04 4.143618E-05 2.408727E-05 1.647002E-05 7.234917E-06 3.570995E-06
92 2.216071E+01 5.178571E-01 1.455860E+00 1.515315E-04 1.222903E-04 1.323923E-04 1.444750E-04 4.153783E-05 2.417676E-05 1.653191E-05 7.262454E-06 3.584641E-06
93 2.267857E+01 5.178571E-01 1.455859E+00 1.553146E-04 1.253436E-04 1.356987E-04 1.480853E-04 4.163863E-05 2.426546E-05 1.659322E-05 7.289724E-06 3.598153E-06
94 2.319643E+01 5.178571E-01 1.455859E+00 1.591609E-04 1.284479E-04 1.390603E-04 1.517558E-04 4.173864E-05 2.435345E-05 1.665401E-05 7.316751E-06 3.611543E-06
95 2.371429E+01 5.178571E-01 1.455858E+00 1.630714E-04 1.316039E-04 1.424780E-04 1.554876E-04 4.183797E-05 2.444081E-05 1.671434E-05 7.343558E-06 3.624822E-06
96 2.423214E+01 5.178571E-01 1.455859E+00 1.670470E-04 1.348125E-04 1.459526E-04 1.592816E-04 4.193669E-05 2.452761E-05 1.677426E-05 7.370168E-06 3.638002E-06
97 2.475000E+01 5.178571E-01 1.455859E+00 1.710886E-04 1.380745E-04 1.494849E-04 1.631386E-04 4.203487E-05 2.461391E-05 1.683381E-05 7.396603E-06 3.651093E-06
98 2.526786E+01 5.178571E-01 1.455859E+00 1.751974E-04 1.413905E-04 1.530759E-04 1.670597E-04 4.213260E-05 2.469978E-05 1.689304E-05 7.422884E-06 3.664106E-06
99 2.578571E+01 5.178571E-01 1.455860E+00 1.793743E-04 1.447616E-04 1.567265E-04 1.710459E-04 4.222995E-05 2.478529E-05 1.695200E-05 7.449031E-06 3.677051E-06
100 2.630357E+01 5.178571E-01 1.455860E+00 1.836203E-04 1.481885E-04 1.604374E-04 1.750980E-04 4.232698E-05 2.487050E-05 1.701072E-05 7.475064E-06 3.689938E-06
101 2.682143E+01 5.178571E-01 1.455860E+00 1.879366E-04 1.516720E-04 1.642098E-04 1.792172E-04 4.242377E-05 2.495547E-05 1.706926E-05 7.501002E-06 3.702775E-06
102 2.733929E+01 5.178571E-01 1.455859E+00 1.923241E-04 1.552131E-04 1.680445E-04 1.834044E-04 4.252038E-05 2.504026E-05 1.712765E-05 7.526863E-06 3.715574E-06
103 2.785714E+01 5.178571E-01 1.455859E+00 1.967840E-04 1.588126E-04 1.719424E-04 1.876608E-04 4.261688E-05 2.512493E-05 1.718593E-05 7.552667E-06 3.728341E-06
104 2.837500E+01 5.178571E-01 1.455859E+00 2.013174E-04 1.624715E-04 1.759046E-04 1.919872E-04 4.271333E-05 2.520953E-05 1.724415E-05 7.578429E-06 3.741087E-06
105 2.889286E+01 5.178571E-01 1.455859E+00 2.059255E-04 1.661905E-04 1.799320E-04 1.963850E-04 4.280980E-05 2.529412E-05 1.730234E-05 7.604168E-06 3.753820E-06
106 2.941071E+01 5.178571E-01 1.455859E+00 2.106093E-04 1.699708E-04 1.840257E-04 2.008551E-04 4.290633E-05 2.537875E-05 1.736053E-05 7.629899E-06 3.766547E-06
107 2.992857E+01 5.178571E-01 1.455859E+00 2.153701E-04 1.738131E-04 1.881866E-04 2.053986E-04 4.300299E-05 2.546346E-05 1.741877E-05 7.655639E-06 3.779277E-06
108 3.044643E+01 5.178571E-01 1.455859E+00 2.202091E-04 1.777185E-04 1.924159E-04 2.100168E-04 4.309984E-05 2.554832E-05 1.747708E-05 7.681404E-06 3.792018E-06
109 3.096429E+01 5.178571E-01 1.455859E+00 2.251274E-04 1.816880E-04 1.967145E-04 2.147107E-04 4.319692E-05 2.563337E-05 1.753551E-05 7.707209E-06 3.804777E-06
110 3.148214E+01 5.178571E-01 1.455859E+00 2.301264E-04 1.857226E-04 2.010836E-04 2.194815E-04 4.329431E-05 2.571866E-05 1.759408E-05 7.733068E-06 3.817562E-06
111 3.200000E+01 5.178571E-01 1.455859E+00 2.352072E-04 1.898232E-04 2.055242E-04 2.243306E-04 4.339204E-05 2.580424E-05 1.765283E-05 7.758998E-06 3.830380E-06
112 3.251786E+01 5.178571E-01 1.455859E+00 2.403711E-04 1.939909E-04 2.100375E-04 2.292589E-04 4.349017E-05 2.589014E-05 1.771179E-05 7.785011E-06 3.843239E-06
113 3.303571E+01 5.178571E-01 1.455859E+00 2.456195E-04 1.982268E-04 2.146246E-04 2.342679E-04 4.358875E-05 2.597642E-05 1.777099E-05 7.811123E-06 3.856144E-06
114 3.355357E+01 5.178571E-01 1.455859E+00 2.509537E-04 2.025319E-04 2.192867E-04 2.393587E-04 4.368783E-05 2.606312E-05 1.783046E-05 7.837346E-06 3.869104E-06
115 3.407143E+01 5.178571E-01 1.455859E+00 2.563749E-04 2.069073E-04 2.240249E-04 2.445327E-04 4.378746E-05 2.615029E-05 1.789024E-05 7.863695E-06 3.882124E-06
116 3.458929E+01 5.178571E-01 1.455859E+00 2.618847E-04 2.113541E-04 2.288405E-04 2.497911E-04 4.388769E-05 2.623796E-05 1.795035E-05 7.890183E-06 3.895211E-06
117 3.510714E+01 5.178571E-01 1.455859E+00 2.674843E-04 2.158734E-04 2.337345E-04 2.551353E-04 4.398856E-05 2.632618E-05 1.801082E-05 7.916822E-06 3.908373E-06
118 3.562500E+01 5.178571E-01 1.455859E+00 2.731751E-04 2.204664E-04 2.387084E-04 2.605667E-04 4.409013E-05 2.641499E-05 1.807167E-05 7.943626E-06 3.921614E-06
119 3.614286E+01 5.178571E-01 1.455859E+00 2.789587E-04 2.251342E-04 2.437633E-04 2.660865E-04 4.419243E-05 2.650443E-05 1.813295E-05 7.970607E-06 3.934942E-06
120 3.666071E+01 5.178571E-01 1.455859E+00 2.848364E-04 2.298780E-04 2.489004E-04 2.716961E-04 4.429552E-05 2.659453E-05 1.819467E-05 7.997777E-06 3.948363E-06
121 3.717857E+01 5.178571E-01 1.455859E+00 2.908098E-04 2.346990E-04 2.541212E-04 2.773971E-04 4.439943E-05 2.668535E-05 1.825687E-05 8.025150E-06 3.961882E-06
122 3.769643E+01 5.178571E-01 1.455859E+00 2.968803E-04 2.395984E-04 2.594269E-04 2.831908E-04 4.450422E-05 2.677692E-05 1.831957E-05 8.052736E-06 3.975506E-06
123 3.821429E+01 5.178571E-01 1.455859E+00 3.030495E-04 2.445775E-04 2.648188E-04 2.890787E-04 4.460992E-05 2.686927E-05 1.838279E-05 8.080548E-06 3.989241E-06
124 3.873214E+01 5.178571E-01 1.455859E+00 3.093189E-04 2.496374E-04 2.702983E-04 2.950622E-04 4.471658E-05 2.696245E-05 1.844657E-05 8.108598E-06 4.003092E-06
125 3.925000E+01 5.178571E-01 1.455859E+00 3.156901E-04 2.547795E-04 2.758669E-04 3.011429E-04 4.482425E-05 2.705650E-05 1.851093E-05 8.136898E-06 4.017066E-06
126 3.976786E+01 5.178571E-01 1.455859E+00 3.221647E-04 2.600050E-04 2.815258E-04 3.073223E-04 4.493296E-05 2.715144E-05 1.857589E-05 8.165458E-06 4.031167E-06
127 4.028571E+01 5.178571E-01 1.455859E+00 3.287444E-04 2.653154E-04 2.872765E-04 3.136020E-04 4.504276E-05 2.724733E-05 1.864148E-05 8.194291E-06 4.045402E-06
128 4.080357E+01 5.178571E-01 1.455859E+00 3.354308E-04 2.707118E-04 2.931204E-04 3.199835E-04 4.515369E-05 2.734418E-05 1.870774E-05 8.223408E-06 4.059776E-06
129 4.132143E+01 5.178571E-01 1.455859E+00 3.422255E-04 2.761958E-04 2.990591E-04 3.264685E-04 4.526578E-05 2.744205E-05 1.877467E-05 8.252819E-06 4.074296E-06
130 4.183929E+01 5.178571E-01 1.455859E+00 3.491304E-04 2.817685E-04 3.050940E-04 3.330586E-04 4.537909E-05 2.754097E-05 1.884231E-05 8.282537E-06 4.088966E-06
131 4.235714E+01 5.178571E-01 1.455859E+00 3.561470E-04 2.874316E-04 3.112267E-04 3.397553E-04 4.549366E-05 2.764097E-05 1.891069E-05 8.312573E-06 4.103791E-06
132 4.287500E+01 5.178571E-01 1.455859E+00 3.632773E-04 2.931863E-04 3.174586E-04 3.465606E-04 4.560952E-05 2.774209E-05 1.897982E-05 8.342936E-06 4.118778E-06
133 4.339286E+01 5.178571E-01 1.455859E+00 3.705229E-04 2.990341E-04 3.237914E-04 3.534759E-04 4.572671E-05 2.784437E-05 1.904974E-05 8.373640E-06 4.133932E-06
134 4.391071E+01 5.178571E-01 1.455859E+00 3.778858E-04 3.049765E-04 3.302267E-04 3.605031E-04 4.584528E-05 2.794784E-05 1.912046E-05 8.404693E-06 4.149259E-06
135 4.442857E+01 5.178571E-01 1.455859E+00 3.853677E-04 3.110150E-04 3.367660E-04 3.676439E-04 4.596527E-05 2.805254E-05 1.919201E-05 8.436108E-06 4.164763E-06
136 4.494643E+01 5.178571E-01 1.455859E+00 3.929705E-04 3.171511E-04 3.434109E-04 3.749002E-04 4.608671E-05 2.815850E-05 1.926442E-05 8.467895E-06 4.180450E-06
137 4.546429E+01 5.178571E-01 1.455859E+00 4.006962E-04 3.233864E-04 3.501633E-04 3.822737E-04 4.620965E-05 2.826577E-05 1.933771E-05 8.500065E-06 4.196325E-06
138 4.598214E+01 5.178571E-01 1.455859E+00 4.085466E-04 3.297223E-04 3.570247E-04 3.897663E-04 4.633414E-05 2.837436E-05 1.941191E-05 8.532629E-06 4.212395E-06
139 4.650000E+01 5.178571E-01 1.455859E+00 4.165238E-04 3.361606E-04 3.639969E-04 3.973798E-04 4.646020E-05 2.848433E-05 1.948704E-05 8.565598E-06 4.228664E-06
140 4.701786E+01 5.178571E-01 1.455859E+00 4.246297E-04 3.427028E-04 3.710816E-04 4.051163E-04 4.658788E-05 2.859570E-05 1.956312E-05 8.598983E-06 4.245137E-06
141 4.753571E+01 5.178571E-01 1.455859E+00 4.328664E-04 3.493504E-04 3.782806E-04 4.129775E-04 4.671722E-05 2.870851E-05 1.964018E-05 8.632794E-06 4.261820E-06
142 4.805357E+01 5.178571E-01 1.455859E+00 4.412360E-04 3.561054E-04 3.855957E-04 4.209656E-04 4.684826E-05 2.882281E-05 1.971824E-05 8.667042E-06 4.278718E-06
143 4.857143E+01 5.178571E-01 1.455859E+00 4.497404E-04 3.629692E-04 3.930287E-04 4.290824E-04 4.698104E-05 2.893861E-05 1.979733E-05 8.701738E-06 4.295837E-06
144 4.908929E+01 5.178571E-01 1.455859E+00 4.583819E-04 3.699436E-04 4.005815E-04 4.373301E-04 4.711561E-05 2.905596E-05 1.987747E-05 8.736893E-06 4.313183E-06
145 4.960714E+01 5.178571E-01 1.455859E+00 4.671626E-04 3.770303E-04 4.082560E-04 4.457106E-04 4.725200E-05 2.917490E-05 1.995869E-05 8.772518E-06 4.330759E-06
146 5.012500E+01 5.178571E-01 1.455859E+00 4.760847E-04 3.842312E-04 4.160541E-04 4.542260E-04 4.739025E-05 2.929546E-05 2.004101E-05 8.808624E-06 4.348573E-06
147 5.064286E+01 5.178571E-01 1.455859E+00 4.851505E-04 3.915480E-04 4.239777E-04 4.628786E-04 4.753042E-05 2.941768E-05 2.012446E-05 8.845222E-06 4.366628E-06
148 5.116071E+01 5.178571E-01 1.455859E+00 4.943621E-04 3.989826E-04 4.320288E-04 4.716704E-04 4.767253E-05 2.954159E-05 2.020906E-05 8.882323E-06 4.384932E-06
149 5.167857E+01 5.178571E-01 1.455859E+00 5.037219E-04 4.065367E-04 4.402095E-04 4.806036E-04 4.781663E-05 2.966723E-05 2.029484E-05 8.919938E-06 4.403488E-06
150 5.219643E+01 5.178571E-01 1.455859E+00 5.132323E-04 4.142124E-04 4.485217E-04 4.896805E-04 4.796276E-05 2.979463E-05 2.038182E-05 8.958078E-06 4.422303E-06
151 5.271429E+01 5.178571E-01 1.455859E+00 5.228955E-04 4.220114E-04 4.569675E-04 4.989034E-04 4.811096E-05 2.992384E-05 2.047003E-05 8.996754E-06 4.441383E-06
152 5.323214E+01 5.178571E-01 1.455859E+00 5.327139E-04 4.299357E-04 4.655490E-04 5.082744E-04 4.826129E-05 3.005490E-05 2.055949E-05 9.035977E-06 4.460732E-06
153 5.375000E+01 5.178571E-01 1.455859E+00 5.426901E-04 4.379873E-04 4.742684E-04 5.177959E-04 4.841377E-05 3.018783E-05 2.065023E-05 9.075759E-06 4.480357E-06
154 5.426786E+01 5.178571E-01 1.455859E+00 5.528265E-04 4.461682E-04 4.831278E-04 5.274704E-04 4.856846E-05 3.032267E-05 2.074227E-05 9.116112E-06 4.500262E-06
155 5.478571E+01 5.178571E-01 1.455859E+00 5.631256E-04 4.544805E-04 4.921294E-04 5.373001E-04 4.872539E-05 3.045948E-05 2.083565E-05 9.157046E-06 4.520454E-06
156 5.530357E+01 5.178571E-01 1.455859E+00 5.735900E-04 4.629261E-04 5.012754E-04 5.472876E-04 4.888461E-05 3.059827E-05 2.093038E-05 9.198573E-06 4.540939E-06
157 5.582143E+01 5.178571E-01 1.455859E+00 5.842222E-04 4.715072E-04 5.105682E-04 5.574353E-04 4.904617E-05 3.073910E-05 2.102649E-05 9.240705E-06 4.561722E-06
158 5.633929E+01 5.178571E-01 1.455859E+00 5.950249E-04 4.802258E-04 5.200099E-04 5.677457E-04 4.921010E-05 3.088199E-05 2.112402E-05 9.283454E-06 4.582808E-06
159 5.685714E+01 5.178571E-01 1.455859E+00 6.060007E-04 4.890842E-04 5.296030E-04 5.782214E-04 4.937646E-05 3.102700E-05 2.122298E-05 9.326831E-06 4.604204E-06
160 5.737500E+01 5.178571E-01 1.455859E+00 6.171524E-04 4.980846E-04 5.393498E-04 5.888649E-04 4.954529E-05 3.117415E-05 2.132340E-05 9.370848E-06 4.625916E-06
161 5.789286E+01 5.178571E-01 1.455859E+00 6.284827E-04 5.072291E-04 5.492527E-04 5.996789E-04 4.971663E-05 3.132349E-05 2.142532E-05 9.415518E-06 4.647949E-06
162 5.841071E+01 5.178571E-01 1.455859E+00 6.399944E-04 5.165200E-04 5.593142E-04 6.106661E-04 4.989054E-05 3.147507E-05 2.152876E-05 9.460852E-06 4.670310E-06
163 5.892857E+01 5.178571E-01 1.455859E+00 6.516903E-04 5.259596E-04 5.695367E-04 6.218291E-04 5.006705E-05 3.162891E-05 2.163374E-05 9.506862E-06 4.693005E-06
164 5.944643E+01 5.178571E-01 1.455859E+00 6.635734E-04 5.355502E-04 5.799227E-04 6.331706E-04 5.024621E-05 3.178506E-05 2.174030E-05 9.553562E-06 4.716039E-06
165 5.996429E+01 5.178571E-01 1.455859E+00 6.756465E-04 5.452942E-04 5.904748E-04 6.446936E-04 5.042808E-05 3.194357E-05 2.184846E-05 9.600963E-06 4.739419E-06
166 6.048214E+01 5.178571E-01 1.455859E+00 6.879125E-04 5.551939E-04 6.011956E-04 6.564007E-04 5.061270E-05 3.210447E-05 2.195825E-05 9.649078E-06 4.763151E-06
167 6.100000E+01 5.178571E-01 1.455859E+00 7.003746E-04 5.652518E-04 6.120877E-04 6.682950E-04 5.080012E-05 3.226781E-05 2.206970E-05 9.697920E-06 4.787241E-06
168 6.151786E+01 5.178571E-01 1.455859E+00 7.130357E-04 5.754704E-04 6.231538E-04 6.803792E-04 5.099038E-05 3.243363E-05 2.218285E-05 9.747502E-06 4.811696E-06
169 6.203571E+01 5.178571E-01 1.455859E+00 7.258989E-04 5.858521E-04 6.343965E-04 6.926564E-04 5.118355E-05 3.260197E-05 2.229771E-05 9.797837E-06 4.836522E-06
170 6.255357E+01 5.178571E-01 1.455859E+00 7.389675E-04 5.963995E-04 6.458187E-04 7.051295E-04 5.137966E-05 3.277287E-05 2.241432E-05 9.848937E-06 4.861725E-06
171 6.307143E+01 5.178571E-01 1.455859E+00 7.522445E-04 6.071152E-04 6.574231E-04 7.178016E-04 5.157877E-05 3.294639E-05 2.253272E-05 9.900816E-06 4.887313E-06
172 6.358929E+01 5.178571E-01 1.455859E+00 7.657332E-04 6.180018E-04 6.692126E-04 7.306757E-04 5.178092E-05 3.312257E-05 2.265292E-05 9.953488E-06 4.913291E-06
173 6.410714E+01 5.178571E-01 1.455859E+00 7.794370E-04 6.290618E-04 6.811899E-04 7.437551E-04 5.198618E-05 3.330144E-05 2.277497E-05 1.000697E-05 4.939667E-06
174 6.462500E+01 5.178571E-01 1.455859E+00 7.933590E-04 6.402981E-04 6.933581E-04 7.570429E-04 5.219460E-05 3.348306E-05 2.289888E-05 1.006126E-05 4.966447E-06
175 6.514286E+01 5.178571E-01 1.455859E+00 8.075028E-04 6.517133E-04 7.057201E-04 7.705423E-04 5.240622E-05 3.366748E-05 2.302470E-05 1.011640E-05 4.993638E-06
176 6.566071E+01 5.178571E-01 1.455859E+00 8.218718E-04 6.633103E-04 7.182789E-04 7.842566E-04 5.262110E-05 3.385473E-05 2.315246E-05 1.017237E-05 5.021248E-06
177 6.617857E+01 5.178571E-01 1.455859E+00 8.364693E-04 6.750917E-04 7.310375E-04 7.981891E-04 5.283929E-05 3.404488E-05 2.328219E-05 1.022922E-05 5.049282E-06
178 6.669643E+01 5.178571E-01 1.455859E+00 8.512990E-04 6.870605E-04 7.439990E-04 8.123432E-04 5.306086E-05 3.423795E-05 2.341392E-05 1.028693E-05 5.077748E-06
179 6.721429E+01 5.178571E-01 1.455859E+00 8.663645E-04 6.992196E-04 7.571665E-04 8.267223E-04 5.328585E-05 3.443402E-05 2.354768E-05 1.034554E-05 5.106654E-06
180 6.773214E+01 5.178571E-01 1.455859E+00 8.816693E-04 7.115719E-04 7.705433E-04 8.413299E-04 5.351432E-05 3.463311E-05 2.368351E-05 1.040506E-05 5.136006E-06
181 6.825000E+01 5.178571E-01 1.455859E+00 8.972172E-04 7.241204E-04 7.841325E-04 8.561694E-04 5.374634E-05 3.483529E-05 2.382144E-05 1.046549E-05 5.165812E-06
182 6.876786E+01 5.178571E-01 1.455859E+00 9.130119E-04 7.368680E-04 7.979375E-04 8.712446E-04 5.398194E-05 3.504060E-05 2.396151E-05 1.052686E-05 5.196079E-06
183 6.928571E+01 5.178571E-01 1.455859E+00 9.290572E-04 7.498179E-04 8.119614E-04 8.865590E-04 5.422121E-05 3.524909E-05 2.410375E-05 1.058918E-05 5.226815E-06
184 6.980357E+01 5.178571E-01 1.455859E+00 9.453569E-04 7.629732E-04 8.262078E-04 9.021162E-04 5.446418E-05 3.546082E-05 2.424820E-05 1.065247E-05 5.258028E-06
185 7.032143E+01 5.178571E-01 1.455859E+00 9.619150E-04 7.763370E-04 8.406800E-04 9.179200E-04 5.471094E-05 3.567584E-05 2.439489E-05 1.071674E-05 5.289725E-06
186 7.083929E+01 5.178571E-01 1.455859E+00 9.787354E-04 7.899125E-04 8.553815E-04 9.339742E-04 5.496152E-05 3.589420E-05 2.454385E-05 1.078200E-05 5.321914E-06
187 7.135714E+01 5.178571E-01 1.455859E+00 9.958222E-04 8.037029E-04 8.703157E-04 9.502826E-04 5.521601E-05 3.611595E-05 2.469514E-05 1.084828E-05 5.354602E-06
188 7.187500E+01 5.178571E-01 1.455859E+00 1.013179E-03 8.177116E-04 8.854863E-04 9.668492E-04 5.547445E-05 3.634115E-05 2.484877E-05 1.091560E-05 5.387799E-06
189 7.239286E+01 5.178571E-01 1.455859E+00 1.030811E-03 8.319419E-04 9.008969E-04 9.836777E-04 5.573691E-05 3.656985E-05 2.500480E-05 1.098395E-05 5.421512E-06
190 7.291071E+01 5.178571E-01 1.455859E+00 1.048722E-03 8.463971E-04 9.165511E-04 1.000772E-03 5.600346E-05 3.680212E-05 2.516325E-05 1.105337E-05 5.455749E-06
191 7.342857E+01 5.178571E-01 1.455859E+00 1.066915E-03 8.610808E-04 9.324526E-04 1.018137E-03 5.627415E-05 3.703799E-05 2.532416E-05 1.112387E-05 5.490519E-06
192 7.394643E+01 5.178571E-01 1.455859E+00 1.085396E-03 8.759963E-04 9.486052E-04 1.035776E-03 5.654907E-05 3.727754E-05 2.548759E-05 1.119547E-05 5.525830E-06
193 7.446429E+01 5.178571E-01 1.455859E+00 1.104168E-03 8.911472E-04 9.650128E-04 1.053693E-03 5.682826E-05 3.752083E-05 2.565355E-05 1.126818E-05 5.561691E-06
194 7.498214E+01 5.178571E-01 1.455859E+00 1.123237E-03 9.065371E-04 9.816792E-04 1.071893E-03 5.711180E-05 3.776790E-05 2.582210E-05 1.134203E-05 5.598110E-06
195 7.550000E+01 5.178571E-01 1.455859E+00 1.142606E-03 9.221696E-04 9.986083E-04 1.090380E-03 5.739976E-05 3.801882E-05 2.599328E-05 1.141702E-05 5.635095E-06
196 7.601786E+01 5.178571E-01 1.455859E+00 1.162280E-03 9.380484E-04 1.015804E-03 1.109158E-03 5.769221E-05 3.827364E-05 2.616712E-05 1.149318E-05 5.672657E-06
197 7.653571E+01 5.178571E-01 1.455859E+00 1.182264E-03 9.541772E-04 1.033271E-03 1.128232E-03 5.798921E-05 3.853244E-05 2.634367E-05 1.157053E-05 5.710803E-06
198 7.705357E+01 5.178571E-01 1.455859E+00 1.202562E-03 9.705598E-04 1.051012E-03 1.147606E-03 5.829084E-05 3.879527E-05 2.652297E-05 1.164908E-05 5.749544E-06
199 7.757143E+01 5.178571E-01 1.455859E+00 1.223180E-03 9.872001E-04 1.069033E-03 1.167285E-03 5.859716E-05 3.906219E-05 2.670506E-05 1.172886E-05 5.788888E-06
200 7.808929E+01 5.178571E-01 1.455859E+00 1.244122E-03 1.004102E-03 1.087336E-03 1.187273E-03 5.890826E-05 3.933326E-05 2.688998E-05 1.180988E-05 5.828844E-06
201 7.860714E+01 5.178571E-01 1.455859E+00 1.265393E-03 1.021269E-03 1.105927E-03 1.207575E-03 5.922420E-05 3.960856E-05 2.707779E-05 1.189216E-05 5.869422E-06
202 7.912500E+01 5.178571E-01 1.455859E+00 1.286997E-03 1.038706E-03 1.124810E-03 1.228196E-03 5.954506E-05 3.988814E-05 2.726851E-05 1.197571E-05 5.910632E-06
203 7.964286E+01 5.178571E-01 1.455859E+00 1.308940E-03 1.056416E-03 1.143990E-03 1.249140E-03 5.987091E-05 4.017207E-05 2.746221E-05 1.206057E-05 5.952482E-06
204 8.016071E+01 5.178571E-01 1.455859E+00 1.331228E-03 1.074404E-03 1.163469E-03 1.270412E-03 6.020183E-05 4.046042E-05 2.765892E-05 1.214675E-05 5.994984E-06
205 8.067857E+01 5.178571E-01 1.455859E+00 1.353864E-03 1.092673E-03 1.183254E-03 1.292018E-03 6.053790E-05 4.075326E-05 2.785869E-05 1.223427E-05 6.038148E-06
206 8.119643E+01 5.178571E-01 1.455859E+00 1.376855E-03 1.111229E-03 1.203349E-03 1.313962E-03 6.087919E-05 4.105065E-05 2.806156E-05 1.232315E-05 6.081982E-06
207 8.171429E+01 5.178571E-01 1.455859E+00 1.400205E-03 1.130075E-03 1.223758E-03 1.336249E-03 6.122579E-05 4.135266E-05 2.826759E-05 1.241342E-05 6.126497E-06
208 8.223214E+01 5.178571E-01 1.455859E+00 1.423921E-03 1.149215E-03 1.244486E-03 1.358884E-03 6.157778E-05 4.165937E-05 2.847682E-05 1.250508E-05 6.171704E-06
209 8.275000E+01 5.178571E-01 1.455859E+00 1.448007E-03 1.168654E-03 1.265538E-03 1.381874E-03 6.193523E-05 4.197084E-05 2.868930E-05 1.259817E-05 6.217614E-06
210 8.326786E+01 5.178571E-01 1.455859E+00 1.472469E-03 1.188397E-03 1.286918E-03 1.405221E-03 6.229823E-05 4.228714E-05 2.890508E-05 1.269270E-05 6.264236E-06
211 8.378571E+01 5.178571E-01 1.455859E+00 1.497312E-03 1.208448E-03 1.308632E-03 1.428934E-03 6.266686E-05 4.260835E-05 2.912421E-05 1.278870E-05 6.311582E-06
212 8.430357E+01 5.178571E-01 1.455859E+00 1.522542E-03 1.228811E-03 1.330684E-03 1.453015E-03 6.304122E-05 4.293455E-05 2.934673E-05 1.288619E-05 6.359662E-06
213 8.482143E+01 5.178571E-01 1.455859E+00 1.548166E-03 1.249491E-03 1.353080E-03 1.477472E-03 6.342137E-05 4.326580E-05 2.957271E-05 1.298520E-05 6.408487E-06
214 8.533929E+01 5.178571E-01 1.455859E+00 1.574188E-03 1.270493E-03 1.375824E-03 1.502310E-03 6.380741E-05 4.360218E-05 2.980219E-05 1.308573E-05 6.458069E-06
215 8.585714E+01 5.178571E-01 1.455859E+00 1.600615E-03 1.291822E-03 1.398922E-03 1.527533E-03 6.419944E-05 4.394377E-05 3.003522E-05 1.318782E-05 6.508419E-06
216 8.637500E+01 5.178571E-01 1.455859E+00 1.627452E-03 1.313482E-03 1.422379E-03 1.553149E-03 6.459753E-05 4.429065E-05 3.027185E-05 1.329150E-05 6.559548E-06
217 8.689286E+01 5.178571E-01 1.455859E+00 1.654706E-03 1.335478E-03 1.446199E-03 1.579162E-03 6.500177E-05 4.464290E-05 3.051215E-05 1.339677E-05 6.611469E-06
218 8.741071E+01 5.178571E-01 1.455859E+00 1.682382E-03 1.357816E-03 1.470390E-03 1.605578E-03 6.541226E-05 4.500059E-05 3.075616E-05 1.350368E-05 6.664191E-06
219 8.792857E+01 5.178571E-01 1.455859E+00 1.710488E-03 1.380499E-03 1.494955E-03 1.632404E-03 6.582910E-05 4.536380E-05 3.100395E-05 1.361223E-05 6.717729E-06
220 8.844643E+01 5.178571E-01 1.455859E+00 1.739029E-03 1.403534E-03 1.519900E-03 1.659646E-03 6.625236E-05 4.573262E-05 3.125555E-05 1.372246E-05 6.772093E-06
221 8.896429E+01 5.178571E-01 1.455859E+00 1.768011E-03 1.426925E-03 1.545232E-03 1.687309E-03 6.668216E-05 4.610713E-05 3.151104E-05 1.383440E-05 6.827296E-06
222 8.948214E+01 5.178571E-01 1.455859E+00 1.797441E-03 1.450678E-03 1.570955E-03 1.715399E-03 6.711858E-05 4.648741E-05 3.177047E-05 1.394805E-05 6.883350E-06
223 9.000000E+01 5.178571E-01 1.455859E+00 1.827326E-03 1.474797E-03 1.597075E-03 1.743923E-03 6.756172E-05 4.687355E-05 3.203389E-05 1.406346E-05 6.940267E-06
224 9.051786E+01 5.178571E-01 1.455859E+00 1.857671E-03 1.499289E-03 1.623598E-03 1.772888E-03 6.801168E-05 4.726563E-05 3.230137E-05 1.418065E-05 6.998061E-06
225 9.103571E+01 5.178571E-01 1.455859E+00 1.888485E-03 1.524158E-03 1.650530E-03 1.802299E-03 6.846856E-05 4.766374E-05 3.257296E-05 1.429964E-05 7.056743E-06
226 9.155357E+01 5.178571E-01 1.455859E+00 1.919772E-03 1.549410E-03 1.677877E-03 1.832162E-03 6.893246E-05 4.806797E-05 3.284872E-05 1.442045E-05 7.116328E-06
227 9.207143E+01 5.178571E-01 1.455859E+00 1.951542E-03 1.575050E-03 1.705644E-03 1.862486E-03 6.940348E-05 4.847841E-05 3.312872E-05 1.454312E-05 7.176828E-06
228 9.258929E+01 5.178571E-01 1.455859E+00 1.983799E-03 1.601085E-03 1.733839E-03 1.893275E-03 6.988172E-05 4.889514E-05 3.341302E-05 1.466768E-05 7.238256E-06
229 9.310714E+01 5.178571E-01 1.455859E+00 2.016552E-03 1.627519E-03 1.762466E-03 1.924537E-03 7.036730E-05 4.931826E-05 3.370167E-05 1.479414E-05 7.300626E-06
230 9.362500E+01 5.178571E-01 1.455859E+00 2.049807E-03 1.654359E-03 1.791532E-03 1.956279E-03 7.086030E-05 4.974785E-05 3.399474E-05 1.492254E-05 7.363951E-06
231 9.414286E+01 5.178571E-01 1.455859E+00 2.083572E-03 1.681610E-03 1.821044E-03 1.988507E-03 7.136085E-05 5.018402E-05 3.429230E-05 1.505291E-05 7.428246E-06
232 9.466071E+01 5.178571E-01 1.455859E+00 2.117853E-03 1.709278E-03 1.851007E-03 2.021228E-03 7.186905E-05 5.062686E-05 3.459441E-05 1.518527E-05 7.493523E-06
233 9.517857E+01 5.178571E-01 1.455859E+00 2.152659E-03 1.737369E-03 1.881428E-03 2.054450E-03 7.238501E-05 5.107645E-05 3.490113E-05 1.531965E-05 7.559798E-06
234 9.569643E+01 5.178571E-01 1.455859E+00 2.187996E-03 1.765889E-03 1.912314E-03 2.088179E-03 7.290883E-05 5.153291E-05 3.521252E-05 1.545608E-05 7.627083E-06
235 9.621429E+01 5.178571E-01 1.455859E+00 2.223872E-03 1.794845E-03 1.943672E-03 2.122423E-03 7.344064E-05 5.199632E-05 3.552867E-05 1.559459E-05 7.695395E-06
236 9.673214E+01 5.178571E-01 1.455859E+00 2.260295E-03 1.824241E-03 1.975507E-03 2.157188E-03 7.398054E-05 5.246678E-05 3.584963E-05 1.573521E-05 7.764747E-06
237 9.725000E+01 5.178571E-01 1.455859E+00 2.297273E-03 1.854085E-03 2.007827E-03 2.192483E-03 7.452865E-05 5.294440E-05 3.617547E-05 1.587797E-05 7.835154E-06
238 9.776786E+01 5.178571E-01 1.455859E+00 2.334812E-03 1.884383E-03 2.040638E-03 2.228315E-03 7.508508E-05 5.342927E-05 3.650626E-05 1.602290E-05 7.906631E-06
239 9.828571E+01 5.178571E-01 1.455859E+00 2.372922E-03 1.915141E-03 2.073948E-03 2.264691E-03 7.564996E-05 5.392150E-05 3.684207E-05 1.617003E-05 7.979193E-06
240 9.880357E+01 5.178571E-01 1.455859E+00 2.411610E-03 1.946366E-03 2.107763E-03 2.301619E-03 7.622339E-05 5.442119E-05 3.718297E-05 1.631939E-05 8.052855E-06
241 9.932143E+01 5.178571E-01 1.455859E+00 2.450884E-03 1.978063E-03 2.142090E-03 2.339106E-03 7.680551E-05 5.492845E-05 3.752903E-05 1.647101E-05 8.127634E-06
242 9.983929E+01 5.178571E-01 1.455859E+00 2.490753E-03 2.010241E-03 2.176937E-03 2.377161E-03 7.739643E-05 5.544338E-05 3.788033E-05 1.662493E-05 8.203543E-06
243 1.003571E+02 5.178571E-01 1.455859E+00 2.531224E-03 2.042904E-03 2.212310E-03 2.415791E-03 7.799627E-05 5.596608E-05 3.823693E-05 1.678117E-05 8.280600E-06
244 1.008750E+02 5.178571E-01 1.455859E+00 2.572306E-03 2.076061E-03 2.248218E-03 2.455004E-03 7.860515E-05 5.649667E-05 3.859891E-05 1.693977E-05 8.358819E-06
245 1.013929E+02 5.178571E-01 1.455859E+00 2.614007E-03 2.109717E-03 2.284666E-03 2.494808E-03 7.922321E-05 5.703525E-05 3.896635E-05 1.710076E-05 8.438218E-06
246 1.019107E+02 5.178571E-01 1.455859E+00 2.656336E-03 2.143881E-03 2.321664E-03 2.535212E-03 7.985057E-05 5.758194E-05 3.933932E-05 1.726417E-05 8.518812E-06
247 1.024286E+02 5.178571E-01 1.455859E+00 2.699301E-03 2.178558E-03 2.359218E-03 2.576223E-03 8.048736E-05 5.813684E-05 3.971790E-05 1.743004E-05 8.600618E-06
248 1.029464E+02 5.178571E-01 1.455859E+00 2.742912E-03 2.213755E-03 2.397335E-03 2.617850E-03 8.113370E-05 5.870007E-05 4.010216E-05 1.759840E-05 8.683653E-06
249 1.034643E+02 5.178571E-01 1.455859E+00 2.787176E-03 2.249480E-03 2.436025E-03 2.660101E-03 8.178972E-05 5.927175E-05 4.049218E-05 1.776929E-05 8.767933E-06
250 1.039821E+02 5.178571E-01 1.455859E+00 2.832103E-03 2.285741E-03 2.475293E-03 2.702985E-03 8.245557E-05 5.985198E-05 4.088804E-05 1.794273E-05 8.853475E-06
251 1.045000E+02 5.178571E-01 1.455859E+00 2.877702E-03 2.322543E-03 2.515149E-03 2.746510E-03 8.313136E-05 6.044088E-05 4.128982E-05 1.811877E-05 8.940297E-06
252 1.050179E+02 5.178571E-01 1.455859E+00 2.923982E-03 2.359895E-03 2.555600E-03 2.790685E-03 8.381724E-05 6.103858E-05 4.169760E-05 1.829744E-05 9.028415E-06
253 1.055357E+02 5.178571E-01 1.455859E+00 2.970952E-03 2.397804E-03 2.596654E-03 2.835519E-03 8.451335E-05 6.164518E-05 4.211145E-05 1.847877E-05 9.117848E-06
254 1.060536E+02 5.178571E-01 1.455859E+00 3.018621E-03 2.436277E-03 2.638319E-03 2.881020E-03 8.521981E-05 6.226082E-05 4.253147E-05 1.866281E-05 9.208613E-06
255 1.065714E+02 5.178571E-01 1.455859E+00 3.066998E-03 2.475322E-03 2.680603E-03 2.927198E-03 8.593677E-05 6.288560E-05 4.295774E-05 1.884958E-05 9.300728E-06
256 1.070893E+02 5.178571E-01 1.455859E+00 3.116094E-03 2.514946E-03 2.723515E-03 2.974061E-03 8.666436E-05 6.351965E-05 4.339033E-05 1.903912E-05 9.394210E-06
257 1.076071E+02 5.178571E-01 1.455859E+00 3.165917E-03 2.555158E-03 2.767063E-03 3.021619E-03 8.740274E-05 6.416311E-05 4.382933E-05 1.923148E-05 9.489079E-06
258 1.081250E+02 5.178571E-01 1.455859E+00 3.216477E-03 2.595964E-03 2.811255E-03 3.069880E-03 8.815203E-05 6.481608E-05 4.427483E-05 1.942668E-05 9.585353E-06
259 1.086429E+02 5.178571E-01 1.455859E+00 3.267784E-03 2.637374E-03 2.856100E-03 3.118855E-03 8.891240E-05 6.547869E-05 4.472691E-05 1.962477E-05 9.683049E-06
260 1.091607E+02 5.178571E-01 1.455859E+00 3.319847E-03 2.679393E-03 2.901607E-03 3.168551E-03 8.968397E-05 6.615108E-05 4.518566E-05 1.982578E-05 9.782188E-06
261 1.096786E+02 5.178571E-01 1.455859E+00 3.372678E-03 2.722032E-03 2.947783E-03 3.218980E-03 9.046690E-05 6.683336E-05 4.565117E-05 2.002975E-05 9.882787E-06
262 1.101964E+02 5.178571E-01 1.455859E+00 3.426284E-03 2.765297E-03 2.994638E-03 3.270149E-03 9.126133E-05 6.752568E-05 4.612352E-05 2.023672E-05 9.984866E-06
263 1.107143E+02 5.178571E-01 1.455859E+00 3.480677E-03 2.809197E-03 3.042181E-03 3.322070E-03 9.206742E-05 6.822815E-05 4.660281E-05 2.044673E-05 1.008844E-05
264 1.112321E+02 5.178571E-01 1.455859E+00 3.535867E-03 2.853740E-03 3.090420E-03 3.374751E-03 9.288531E-05 6.894092E-05 4.708911E-05 2.065982E-05 1.019354E-05
265 1.117500E+02 5.178571E-01 1.455859E+00 3.591863E-03 2.898935E-03 3.139364E-03 3.428203E-03 9.371517E-05 6.966411E-05 4.758254E-05 2.087603E-05 1.030017E-05
266 1.122679E+02 5.178571E-01 1.455859E+00 3.648677E-03 2.944788E-03 3.189022E-03 3.482434E-03 9.455713E-05 7.039785E-05 4.808316E-05 2.109539E-05 1.040837E-05
267 1.127857E+02 5.178571E-01 1.455859E+00 3.706318E-03 2.991310E-03 3.239404E-03 3.537456E-03 9.541135E-05 7.114229E-05 4.859109E-05 2.131796E-05 1.051814E-05
268 1.133036E+02 5.178571E-01 1.455859E+00 3.764798E-03 3.038508E-03 3.290519E-03 3.593278E-03 9.627800E-05 7.189755E-05 4.910640E-05 2.154376E-05 1.062951E-05
269 1.138214E+02 5.178571E-01 1.455859E+00 3.824126E-03 3.086392E-03 3.342376E-03 3.649910E-03 9.715722E-05 7.266378E-05 4.962920E-05 2.177285E-05 1.074249E-05
270 1.143393E+02 5.178571E-01 1.455859E+00 3.884314E-03 3.134969E-03 3.394983E-03 3.707363E-03 9.804918E-05 7.344111E-05 5.015957E-05 2.200525E-05 1.085712E-05
271 1.148571E+02 5.178571E-01 1.455859E+00 3.945372E-03 3.184248E-03 3.448351E-03 3.765647E-03 9.895404E-05 7.422968E-05 5.069762E-05 2.224102E-05 1.097340E-05
272 1.153750E+02 5.178571E-01 1.455859E+00 4.007310E-03 3.234238E-03 3.502490E-03 3.824771E-03 9.987195E-05 7.502963E-05 5.124344E-05 2.248020E-05 1.109136E-05
273 1.158929E+02 5.178571E-01 1.455859E+00 4.070141E-03 3.284948E-03 3.557408E-03 3.884747E-03 1.008031E-04 7.584111E-05 5.179712E-05 2.272282E-05 1.121103E-05
274 1.164107E+02 5.178571E-01 1.455859E+00 4.133874E-03 3.336386E-03 3.613115E-03 3.945585E-03 1.017476E-04 7.666425E-05 5.235876E-05 2.296893E-05 1.133241E-05
275 1.169286E+02 5.178571E-01 1.455859E+00 4.198521E-03 3.388563E-03 3.669621E-03 4.007296E-03 1.027056E-04 7.749920E-05 5.292846E-05 2.321858E-05 1.145554E-05
276 1.174464E+02 5.178571E-01 1.455859E+00 4.264094E-03 3.441486E-03 3.726935E-03 4.069890E-03 1.036774E-04 7.834610E-05 5.350633E-05 2.347181E-05 1.158044E-05
277 1.179643E+02 5.178571E-01 1.455859E+00 4.330602E-03 3.495164E-03 3.785068E-03 4.133377E-03 1.046631E-04 7.920510E-05 5.409245E-05 2.372865E-05 1.170712E-05
278 1.184821E+02 5.178571E-01 1.455859E+00 4.398059E-03 3.549607E-03 3.844030E-03 4.197770E-03 1.056627E-04 8.007634E-05 5.468693E-05 2.398916E-05 1.183560E-05
279 1.190000E+02 5.178571E-01 1.455859E+00 4.466474E-03 3.604825E-03 3.903829E-03 4.263078E-03 1.066766E-04 8.095998E-05 5.528986E-05 2.425338E-05 1.196592E-05
280 1.195179E+02 5.178571E-01 1.455859E+00 4.535859E-03 3.660825E-03 3.964477E-03 4.329312E-03 1.077049E-04 8.185615E-05 5.590136E-05 2.452135E-05 1.209809E-05
281 1.200357E+02 5.178571E-01 1.455859E+00 4.606227E-03 3.717618E-03 4.025983E-03 4.396484E-03 1.087478E-04 8.276502E-05 5.652152E-05 2.479311E-05 1.223213E-05
282 1.205536E+02 5.178571E-01 1.455859E+00 4.677588E-03 3.775213E-03 4.088358E-03 4.464605E-03 1.098053E-04 8.368672E-05 5.715044E-05 2.506872E-05 1.236807E-05
283 1.210714E+02 5.178571E-01 1.455859E+00 4.749954E-03 3.833619E-03 4.151611E-03 4.533685E-03 1.108778E-04 8.462141E-05 5.778823E-05 2.534822E-05 1.250592E-05
284 1.215893E+02 5.178571E-01 1.455859E+00 4.823336E-03 3.892846E-03 4.215753E-03 4.603736E-03 1.119653E-04 8.556925E-05 5.843499E-05 2.563165E-05 1.264571E-05
285 1.221071E+02 5.178571E-01 1.455859E+00 4.897748E-03 3.952903E-03 4.280794E-03 4.674769E-03 1.130681E-04 8.653038E-05 5.909083E-05 2.591906E-05 1.278747E-05
286 1.226250E+02 5.178571E-01 1.455859E+00 4.973200E-03 4.013800E-03 4.346745E-03 4.746796E-03 1.141863E-04 8.750495E-05 5.975585E-05 2.621050E-05 1.293122E-05
287 1.231429E+02 5.178571E-01 1.455859E+00 5.049704E-03 4.075546E-03 4.413615E-03 4.819828E-03 1.153201E-04 8.849313E-05 6.043015E-05 2.650601E-05 1.307697E-05
288 1.236607E+02 5.178571E-01 1.455859E+00 5.127272E-03 4.138151E-03 4.481416E-03 4.893875E-03 1.164697E-04 8.949506E-05 6.111384E-05 2.680563E-05 1.322475E-05
289 1.241786E+02 5.178571E-01 1.455859E+00 5.205917E-03 4.201624E-03 4.550158E-03 4.968951E-03 1.176352E-04 9.051090E-05 6.180703E-05 2.710942E-05 1.337459E-05
290 1.246964E+02 5.178571E-01 1.455859E+00 5.285650E-03 4.265976E-03 4.619851E-03 5.045065E-03 1.188169E-04 9.154081E-05 6.250982E-05 2.741742E-05 1.352650E-05
291 1.252143E+02 5.178571E-01 1.455859E+00 5.366484E-03 4.331217E-03 4.690506E-03 5.122230E-03 1.200149E-04 9.258495E-05 6.322233E-05 2.772968E-05 1.368052E-05
292 1.257321E+02 5.178571E-01 1.455859E+00 5.448430E-03 4.397355E-03 4.762133E-03 5.200458E-03 1.212294E-04 9.364346E-05 6.394465E-05 2.804625E-05 1.383666E-05
293 1.262500E+02 5.178571E-01 1.455859E+00 5.531501E-03 4.464401E-03 4.834744E-03 5.279760E-03 1.224605E-04 9.471652E-05 6.467690E-05 2.836716E-05 1.399495E-05
294 1.267679E+02 5.178571E-01 1.455859E+00 5.615708E-03 4.532364E-03 4.908349E-03 5.360147E-03 1.237085E-04 9.580427E-05 6.541919E-05 2.869248E-05 1.415540E-05
295 1.272857E+02 5.178571E-01 1.455859E+00 5.701065E-03 4.601255E-03 4.982958E-03 5.441631E-03 1.249736E-04 9.690688E-05 6.617162E-05 2.902225E-05 1.431806E-05
296 1.278036E+02 5.178571E-01 1.455859E+00 5.787584E-03 4.671084E-03 5.058583E-03 5.524225E-03 1.262559E-04 9.802451E-05 6.693430E-05 2.935651E-05 1.448293E-05
297 1.283214E+02 5.178571E-01 1.455859E+00 5.875276E-03 4.741860E-03 5.135233E-03 5.607940E-03 1.275555E-04 9.915731E-05 6.770735E-05 2.969532E-05 1.465004E-05
298 1.288393E+02 5.178571E-01 1.455859E+00 5.964154E-03 4.813593E-03 5.212921E-03 5.692787E-03 1.288728E-04 1.003055E-04 6.849086E-05 3.003872E-05 1.481942E-05
299 1.293571E+02 5.178571E-01 1.455859E+00 6.054231E-03 4.886294E-03 5.291656E-03 5.778779E-03 1.302078E-04 1.014691E-04 6.928496E-05 3.038676E-05 1.499109E-05
300 1.298750E+02 5.178571E-01 1.455859E+00 6.145519E-03 4.959972E-03 5.371450E-03 5.865927E-03 1.315608E-04 1.026484E-04 7.008975E-05 3.073949E-05 1.516507E-05
301 1.303929E+02 5.178571E-01 1.455859E+00 6.238031E-03 5.034638E-03 5.452314E-03 5.954243E-03 1.329319E-04 1.038435E-04 7.090534E-05 3.109696E-05 1.534139E-05
302 1.309107E+02 5.178571E-01 1.455859E+00 6.331778E-03 5.110301E-03 5.534258E-03 6.043740E-03 1.343214E-04 1.050546E-04 7.173184E-05 3.145921E-05 1.552007E-05
303 1.314286E+02 5.178571E-01 1.455859E+00 6.426773E-03 5.186971E-03 5.617293E-03 6.134428E-03 1.357293E-04 1.062818E-04 7.256936E-05 3.182630E-05 1.570113E-05
304 1.319464E+02 5.178571E-01 1.455859E+00 6.523030E-03 5.264659E-03 5.701430E-03 6.226321E-03 1.371560E-04 1.075253E-04 7.341802E-05 3.219827E-05 1.588460E-05
305 1.324643E+02 5.178571E-01 1.455859E+00 6.620559E-03 5.343375E-03 5.786680E-03 6.319429E-03 1.386015E-04 1.087853E-04 7.427792E-05 3.257517E-05 1.607051E-05
306 1.329821E+02 5.178571E-01 1.455859E+00 6.719373E-03 5.423128E-03 5.873054E-03 6.413765E-03 1.400661E-04 1.100620E-04 7.514917E-05 3.295705E-05 1.625887E-05
307 1.335000E+02 5.178571E-01 1.455859E+00 6.819486E-03 5.503928E-03 5.960562E-03 6.509340E-03 1.415499E-04 1.113554E-04 7.603188E-05 3.334396E-05 1.644972E-05
308 1.340179E+02 5.178571E-01 1.455859E+00 6.920909E-03 5.585787E-03 6.049216E-03 6.606167E-03 1.430532E-04 1.126657E-04 7.692617E-05 3.373595E-05 1.664307E-05
309 1.345357E+02 5.178571E-01 1.455859E+00 7.023655E-03 5.668712E-03 6.139026E-03 6.704257E-03 1.445760E-04 1.139932E-04 7.783215E-05 3.413306E-05 1.683894E-05
310 1.350536E+02 5.178571E-01 1.455859E+00 7.127736E-03 5.752716E-03 6.230004E-03 6.803622E-03 1.461187E-04 1.153379E-04 7.874991E-05 3.453535E-05 1.703737E-05
311 1.355714E+02 5.178571E-01 1.455859E+00 7.233164E-03 5.837807E-03 6.322160E-03 6.904274E-03 1.476814E-04 1.167001E-04 7.967958E-05 3.494286E-05 1.723838E-05
312 1.360893E+02 5.178571E-01 1.455859E+00 7.339953E-03 5.923996E-03 6.415504E-03 7.006225E-03 1.492642E-04 1.180798E-04 8.062126E-05 3.535564E-05 1.744199E-05
313 1.366071E+02 5.178571E-01 1.455859E+00 7.448113E-03 6.011292E-03 6.510048E-03 7.109486E-03 1.508674E-04 1.194773E-04 8.157507E-05 3.577373E-05 1.764822E-05
314 1.371250E+02 5.178571E-01 1.455859E+00 7.557658E-03 6.099705E-03 6.605802E-03 7.214069E-03 1.524911E-04 1.208927E-04 8.254110E-05 3.619719E-05 1.785710E-05
315 1.376429E+02 5.178571E-01 1.455859E+00 7.668599E-03 6.189246E-03 6.702777E-03 7.319986E-03 1.541355E-04 1.223262E-04 8.351948E-05 3.662607E-05 1.806865E-05
316 1.381607E+02 5.178571E-01 1.455859E+00 7.780949E-03 6.279923E-03 6.800983E-03 7.427249E-03 1.558008E-04 1.237779E-04 8.451030E-05 3.706041E-05 1.828289E-05
317 1.386786E+02 5.178571E-01 1.455859E+00 7.894719E-03 6.371747E-03 6.900432E-03 7.535868E-03 1.574872E-04 1.252480E-04 8.551368E-05 3.750025E-05 1.849985E-05
318 1.391964E+02 5.178571E-01 1.455859E+00 8.009923E-03 6.464728E-03 7.001132E-03 7.645856E-03 1.591948E-04 1.267366E-04 8.652972E-05 3.794566E-05 1.871956E-05
319 1.397143E+02 5.178571E-01 1.455859E+00 8.126571E-03 6.558874E-03 7.103096E-03 7.757223E-03 1.609238E-04 1.282439E-04 8.755853E-05 3.839666E-05 1.894202E-05
320 1.402321E+02 5.178571E-01 1.455859E+00 8.244675E-03 6.654197E-03 7.206334E-03 7.869982E-03 1.626745E-04 1.297700E-04 8.860021E-05 3.885331E-05 1.916728E-05
321 1.407500E+02 5.178571E-01 1.455859E+00 8.364248E-03 6.750704E-03 7.310855E-03 7.984143E-03 1.644469E-04 1.313152E-04 8.965487E-05 3.931566E-05 1.939534E-05
322 1.412679E+02 5.178571E-01 1.455859E+00 8.485301E-03 6.848406E-03 7.416670E-03 8.099717E-03 1.662413E-04 1.328795E-04 9.072261E-05 3.978375E-05 1.962624E-05
323 1.417857E+02 5.178571E-01 1.455859E+00 8.607845E-03 6.947311E-03 7.523789E-03 8.216717E-03 1.680578E-04 1.344631E-04 9.180354E-05 4.025763E-05 1.985999E-05
324 1.423036E+02 5.178571E-01 1.455859E+00 8.731893E-03 7.047430E-03 7.632222E-03 8.335152E-03 1.698966E-04 1.360661E-04 9.289776E-05 4.073733E-05 2.009663E-05
325 1.428214E+02 5.178571E-01 1.455859E+00 8.857455E-03 7.148772E-03 7.741979E-03 8.455034E-03 1.717579E-04 1.376888E-04 9.400537E-05 4.122292E-05 2.033616E-05
326 1.433393E+02 5.178571E-01 1.455859E+00 8.984543E-03 7.251344E-03 7.853070E-03 8.576373E-03 1.736418E-04 1.393312E-04 9.512647E-05 4.171443E-05 2.057861E-05
327 1.438571E+02 5.178571E-01 1.455859E+00 9.113168E-03 7.355158E-03 7.965505E-03 8.699180E-03 1.755485E-04 1.409934E-04 9.626116E-05 4.221190E-05 2.082400E-05
328 1.443750E+02 5.178571E-01 1.455859E+00 9.243340E-03 7.460221E-03 8.079293E-03 8.823466E-03 1.774782E-04 1.426758E-04 9.740954E-05 4.271537E-05 2.107236E-05
329 1.448929E+02 5.178571E-01 1.455859E+00 9.375072E-03 7.566541E-03 8.194444E-03 8.949241E-03 1.794310E-04 1.443783E-04 9.857171E-05 4.322490E-05 2.132371E-05
330 1.454107E+02 5.178571E-01 1.455859E+00 9.508373E-03 7.674129E-03 8.310967E-03 9.076516E-03 1.814071E-04 1.461011E-04 9.974776E-05 4.374053E-05 2.157807E-05
331 1.459286E+02 5.178571E-01 1.455859E+00 9.643254E-03 7.782992E-03 8.428872E-03 9.205299E-03 1.834066E-04 1.478444E-04 1.009378E-04 4.426229E-05 2.183545E-05
332 1.464464E+02 5.178571E-01 1.455859E+00 9.779726E-03 7.893139E-03 8.548167E-03 9.335603E-03 1.854297E-04 1.496082E-04 1.021419E-04 4.479022E-05 2.209588E-05
333 1.469643E+02 5.178571E-01 1.455859E+00 9.917799E-03 8.004578E-03 8.668862E-03 9.467435E-03 1.874766E-04 1.513928E-04 1.033602E-04 4.532438E-05 2.235937E-05
334 1.474821E+02 5.178571E-01 1.455859E+00 1.005748E-02 8.117318E-03 8.790966E-03 9.600807E-03 1.895473E-04 1.531983E-04 1.045927E-04 4.586479E-05 2.262596E-05
335 1.480000E+02 5.178571E-01 1.455859E+00 1.019879E-02 8.231366E-03 8.914487E-03 9.735727E-03 1.916421E-04 1.550247E-04 1.058395E-04 4.641150E-05 2.289565E-05
336 1.485179E+02 5.178571E-01 1.455859E+00 1.034172E-02 8.346729E-03 9.039433E-03 9.872205E-03 1.937612E-04 1.568723E-04 1.071008E-04 4.696454E-05 2.316847E-05
337 1.490357E+02 5.178571E-01 1.455859E+00 1.048630E-02 8.463417E-03 9.165814E-03 1.001025E-02 1.959045E-04 1.587410E-04 1.083766E-04 4.752395E-05 2.344443E-05
338 1.495536E+02 5.178571E-01 1.455859E+00 1.063252E-02 8.581436E-03 9.293637E-03 1.014987E-02 1.980723E-04 1.606312E-04 1.096670E-04 4.808978E-05 2.372356E-05
339 1.500714E+02 5.178571E-01 1.455859E+00 1.078041E-02 8.700794E-03 9.422910E-03 1.029108E-02 2.002648E-04 1.625428E-04 1.109721E-04 4.866205E-05 2.400587E-05
340 1.505893E+02 5.178571E-01 1.455859E+00 1.092996E-02 8.821498E-03 9.553641E-03 1.043387E-02 2.024820E-04 1.644761E-04 1.122920E-04 4.924081E-05 2.429138E-05
341 1.511071E+02 5.178571E-01 1.455859E+00 1.108119E-02 8.943555E-03 9.685837E-03 1.057828E-02 2.047240E-04 1.664310E-04 1.136266E-04 4.982608E-05 2.458010E-05
342 1.516250E+02 5.178571E-01 1.455859E+00 1.123410E-02 9.066971E-03 9.819507E-03 1.072428E-02 2.069911E-04 1.684078E-04 1.149763E-04 5.041790E-05 2.487206E-05
343 1.521429E+02 5.178571E-01 1.455859E+00 1.138870E-02 9.191754E-03 9.954656E-03 1.087191E-02 2.092832E-04 1.704064E-04 1.163408E-04 5.101630E-05 2.516727E-05
344 1.526607E+02 5.178571E-01 1.455859E+00 1.154501E-02 9.317910E-03 1.009129E-02 1.102116E-02 2.116007E-04 1.724272E-04 1.177205E-04 5.162132E-05 2.546574E-05
345 1.531786E+02 5.178571E-01 1.455859E+00 1.170302E-02 9.445444E-03 1.022942E-02 1.117205E-02 2.139434E-04 1.744700E-04 1.191153E-04 5.223298E-05 2.576749E-05
346 1.536964E+02 5.178571E-01 1.455859E+00 1.186275E-02 9.574364E-03 1.036906E-02 1.132457E-02 2.163117E-04 1.765351E-04 1.205253E-04 5.285132E-05 2.607253E-05
347 1.542143E+02 5.178571E-01 1.455859E+00 1.202421E-02 9.704675E-03 1.051019E-02 1.147874E-02 2.187055E-04 1.786225E-04 1.219505E-04 5.347637E-05 2.638089E-05
348 1.547321E+02 5.178571E-01 1.455859E+00 1.218739E-02 9.836381E-03 1.065284E-02 1.163457E-02 2.211250E-04 1.807323E-04 1.233911E-04 5.410814E-05 2.669256E-05
349 1.552500E+02 5.178571E-01 1.455859E+00 1.235231E-02 9.969490E-03 1.079701E-02 1.179205E-02 2.235702E-04 1.828647E-04 1.248471E-04 5.474668E-05 2.700757E-05
350 1.557679E+02 5.178571E-01 1.455859E+00 1.251897E-02 1.010400E-02 1.094270E-02 1.195120E-02 2.260414E-04 1.850196E-04 1.263185E-04 5.539199E-05 2.732594E-05
351 1.562857E+02 5.178571E-01 1.455859E+00 1.268738E-02 1.023993E-02 1.108993E-02 1.211202E-02 2.285385E-04 1.871972E-04 1.278054E-04 5.604412E-05 2.764766E-05
352 1.568036E+02 5.178571E-01 1.455859E+00 1.285755E-02 1.037727E-02 1.123868E-02 1.227451E-02 2.310616E-04 1.893975E-04 1.293078E-04 5.670307E-05 2.797275E-05
353 1.573214E+02 5.178571E-01 1.455859E+00 1.302948E-02 1.051604E-02 1.138898E-02 1.243869E-02 2.336108E-04 1.916206E-04 1.308259E-04 5.736888E-05 2.830123E-05
354 1.578393E+02 5.178571E-01 1.455859E+00 1.320317E-02 1.065622E-02 1.154081E-02 1.260456E-02 2.361863E-04 1.938666E-04 1.323596E-04 5.804157E-05 2.863309E-05
355 1.583571E+02 5.178571E-01 1.455859E+00 1.337862E-02 1.079784E-02 1.169420E-02 1.277211E-02 2.387880E-04 1.961355E-04 1.339089E-04 5.872114E-05 2.896836E-05
356 1.588750E+02 5.178571E-01 1.455859E+00 1.355586E-02 1.094088E-02 1.184913E-02 1.294136E-02 2.414160E-04 1.984274E-04 1.354740E-04 5.940763E-05 2.930705E-05
357 1.593929E+02 5.178571E-01 1.455859E+00 1.373487E-02 1.108537E-02 1.200562E-02 1.311231E-02 2.440704E-04 2.007424E-04 1.370549E-04 6.010104E-05 2.964915E-05
358 1.599107E+02 5.178571E-01 1.455859E+00 1.391566E-02 1.123128E-02 1.216367E-02 1.328496E-02 2.467513E-04 2.030805E-04 1.386516E-04 6.080139E-05 2.999468E-05
359 1.604286E+02 5.178571E-01 1.455859E+00 1.409823E-02 1.137864E-02 1.232327E-02 1.345931E-02 2.494587E-04 2.054416E-04 1.402640E-04 6.150870E-05 3.034364E-05
360 1.609464E+02 5.178571E-01 1.455859E+00 1.428259E-02 1.152744E-02 1.248444E-02 1.363538E-02 2.521926E-04 2.078260E-04 1.418924E-04 6.222298E-05 3.069604E-05
361 1.614643E+02 5.178571E-01 1.455859E+00 1.446874E-02 1.167769E-02 1.264718E-02 1.381315E-02 2.549530E-04 2.102336E-04 1.435366E-04 6.294423E-05 3.105188E-05
362 1.619821E+02 5.178571E-01 1.455859E+00 1.465669E-02 1.182938E-02 1.281148E-02 1.399264E-02 2.577401E-04 2.126644E-04 1.451967E-04 6.367248E-05 3.141118E-05
363 1.625000E+02 5.178571E-01 1.455859E+00 1.484642E-02 1.198252E-02 1.297734E-02 1.417384E-02 2.605537E-04 2.151184E-04 1.468727E-04 6.440771E-05 3.177393E-05
364 1.630179E+02 5.178571E-01 1.455859E+00 1.503795E-02 1.213710E-02 1.314478E-02 1.435675E-02 2.633941E-04 2.175958E-04 1.485647E-04 6.514995E-05 3.214013E-05
365 1.635357E+02 5.178571E-01 1.455859E+00 1.523127E-02 1.229314E-02 1.331378E-02 1.454138E-02 2.662610E-04 2.200964E-04 1.502725E-04 6.589919E-05 3.250980E-05
366 1.640536E+02 5.178571E-01 1.455859E+00 1.542639E-02 1.245062E-02 1.348436E-02 1.472772E-02 2.691546E-04 2.226203E-04 1.519964E-04 6.665544E-05 3.288292E-05
367 1.645714E+02 5.178571E-01 1.455859E+00 1.562330E-02 1.260955E-02 1.365650E-02 1.491578E-02 2.720749E-04 2.251675E-04 1.537361E-04 6.741870E-05 3.325950E-05
368 1.650893E+02 5.178571E-01 1.455859E+00 1.582201E-02 1.276993E-02 1.383022E-02 1.510556E-02 2.750219E-04 2.277380E-04 1.554918E-04 6.818896E-05 3.363954E-05
369 1.656071E+02 5.178571E-01 1.455859E+00 1.602251E-02 1.293176E-02 1.400550E-02 1.529705E-02 2.779954E-04 2.303317E-04 1.572634E-04 6.896623E-05 3.402304E-05
370 1.661250E+02 5.178571E-01 1.455859E+00 1.622480E-02 1.309503E-02 1.418235E-02 1.549025E-02 2.809956E-04 2.329487E-04 1.590509E-04 6.975050E-05 3.441000E-05
371 1.666429E+02 5.178571E-01 1.455859E+00 1.642888E-02 1.325975E-02 1.436076E-02 1.568517E-02 2.840223E-04 2.355890E-04 1.608544E-04 7.054176E-05 3.480041E-05
372 1.671607E+02 5.178571E-01 1.455859E+00 1.663475E-02 1.342591E-02 1.454074E-02 1.588179E-02 2.870757E-04 2.382524E-04 1.626737E-04 7.134001E-05 3.519427E-05
373 1.676786E+02 5.178571E-01 1.455859E+00 1.684240E-02 1.359351E-02 1.472228E-02 1.608012E-02 2.901555E-04 2.409390E-04 1.645089E-04 7.214524E-05 3.559158E-05
374 1.681964E+02 5.178571E-01 1.455859E+00 1.705183E-02 1.376254E-02 1.490537E-02 1.628015E-02 2.932617E-04 2.436487E-04 1.663599E-04 7.295743E-05 3.599232E-05
375 1.687143E+02 5.178571E-01 1.455859E+00 1.726304E-02 1.393302E-02 1.509002E-02 1.648188E-02 2.963944E-04 2.463815E-04 1.682267E-04 7.377657E-05 3.639650E-05
376 1.692321E+02 5.178571E-01 1.455859E+00 1.747602E-02 1.410492E-02 1.527622E-02 1.668530E-02 2.995534E-04 2.491373E-04 1.701092E-04 7.460264E-05 3.680410E-05
377 1.697500E+02 5.178571E-01 1.455859E+00 1.769077E-02 1.427825E-02 1.546396E-02 1.689042E-02 3.027387E-04 2.519161E-04 1.720075E-04 7.543564E-05 3.721512E-05
378 1.702679E+02 5.178571E-01 1.455859E+00 1.790728E-02 1.445300E-02 1.565324E-02 1.709722E-02 3.059501E-04 2.547178E-04 1.739215E-04 7.627553E-05 3.762955E-05
379 1.707857E+02 5.178571E-01 1.455859E+00 1.812555E-02 1.462916E-02 1.584407E-02 1.730570E-02 3.091877E-04 2.575422E-04 1.758511E-04 7.712230E-05 3.804737E-05
380 1.713036E+02 5.178571E-01 1.455859E+00 1.834556E-02 1.480674E-02 1.603642E-02 1.751585E-02 3.124512E-04 2.603895E-04 1.777962E-04 7.797592E-05 3.846858E-05
381 1.718214E+02 5.178571E-01 1.455859E+00 1.856732E-02 1.498573E-02 1.623029E-02 1.772767E-02 3.157407E-04 2.632593E-04 1.797569E-04 7.883637E-05 3.889315E-05
382 1.723393E+02 5.178571E-01 1.455859E+00 1.879082E-02 1.516612E-02 1.642568E-02 1.794114E-02 3.190559E-04 2.661517E-04 1.817330E-04 7.970363E-05 3.932109E-05
383 1.728571E+02 5.178571E-01 1.455859E+00 1.901603E-02 1.534790E-02 1.662259E-02 1.815627E-02 3.223968E-04 2.690666E-04 1.837245E-04 8.057765E-05 3.975237E-05
384 1.733750E+02 5.178571E-01 1.455859E+00 1.924297E-02 1.553107E-02 1.682099E-02 1.837305E-02 3.257632E-04 2.720038E-04 1.857313E-04 8.145841E-05 4.018698E-05
385 1.738929E+02 5.178571E-01 1.455859E+00 1.947162E-02 1.571561E-02 1.702089E-02 1.859145E-02 3.291551E-04 2.749632E-04 1.877533E-04 8.234587E-05 4.062491E-05
386 1.744107E+02 5.178571E-01 1.455859E+00 1.970197E-02 1.590153E-02 1.722228E-02 1.881149E-02 3.325722E-04 2.779447E-04 1.897905E-04 8.324001E-05 4.106612E-05
387 1.749286E+02 5.178571E-01 1.455859E+00 1.993400E-02 1.608881E-02 1.742514E-02 1.903314E-02 3.360144E-04 2.809482E-04 1.918427E-04 8.414078E-05 4.151062E-05
388 1.754464E+02 5.178571E-01 1.455859E+00 2.016771E-02 1.627745E-02 1.762947E-02 1.925639E-02 3.394816E-04 2.839735E-04 1.939099E-04 8.504813E-05 4.195836E-05
389 1.759643E+02 5.178571E-01 1.455859E+00 2.040309E-02 1.646743E-02 1.783526E-02 1.948124E-02 3.429735E-04 2.870205E-04 1.959920E-04 8.596204E-05 4.240935E-05
390 1.764821E+02 5.178571E-01 1.455859E+00 2.064013E-02 1.665875E-02 1.804250E-02 1.970767E-02 3.464901E-04 2.900890E-04 1.980888E-04 8.688245E-05 4.286354E-05
391 1.770000E+02 5.178571E-01 1.455859E+00 2.087881E-02 1.685139E-02 1.825118E-02 1.993567E-02 3.500311E-04 2.931789E-04 2.002003E-04 8.780932E-05 4.332093E-05
392 1.775179E+02 5.178571E-01 1.455859E+00 2.111911E-02 1.704535E-02 1.846128E-02 2.016524E-02 3.535964E-04 2.962900E-04 2.023263E-04 8.874259E-05 4.378148E-05
393 1.780357E+02 5.178571E-01 1.455859E+00 2.136103E-02 1.724061E-02 1.867279E-02 2.039635E-02 3.571856E-04 2.994222E-04 2.044667E-04 8.968223E-05 4.424518E-05
394 1.785536E+02 5.178571E-01 1.455859E+00 2.160456E-02 1.743717E-02 1.888570E-02 2.062899E-02 3.607987E-04 3.025752E-04 2.066215E-04 9.062817E-05 4.471199E-05
395 1.790714E+02 5.178571E-01 1.455859E+00 2.184967E-02 1.763501E-02 1.910001E-02 2.086315E-02 3.644355E-04 3.057489E-04 2.087904E-04 9.158036E-05 4.518189E-05
396 1.795893E+02 5.178571E-01 1.455859E+00 2.209635E-02 1.783411E-02 1.931568E-02 2.109881E-02 3.680956E-04 3.089430E-04 2.109733E-04 9.253874E-05 4.565484E-05
397 1.801071E+02 5.178571E-01 1.455859E+00 2.234459E-02 1.803447E-02 1.953272E-02 2.133597E-02 3.717788E-04 3.121574E-04 2.131702E-04 9.350325E-05 4.613083E-05
398 1.806250E+02 5.178571E-01 1.455859E+00 2.259437E-02 1.823608E-02 1.975111E-02 2.157460E-02 3.754850E-04 3.153919E-04 2.153808E-04 9.447383E-05 4.660982E-05
399 1.811429E+02 5.178571E-01 1.455859E+00 2.284567E-02 1.843891E-02 1.997083E-02 2.181468E-02 3.792138E-04 3.186463E-04 2.176051E-04 9.545042E-05 4.709178E-05
400 1.816607E+02 5.178571E-01 1.455859E+00 2.309848E-02 1.864296E-02 2.019186E-02 2.205621E-02 3.829651E-04 3.219202E-04 2.198428E-04 9.643296E-05 4.757667E-05
401 1.821786E+02 5.178571E-01 1.455859E+00 2.335277E-02 1.884821E-02 2.041420E-02 2.229916E-02 3.867384E-04 3.252136E-04 2.220938E-04 9.742136E-05 4.806447E-05
402 1.826964E+02 5.178571E-01 1.455859E+00 2.360853E-02 1.905464E-02 2.063782E-02 2.254351E-02 3.905337E-04 3.285261E-04 2.243580E-04 9.841557E-05 4.855513E-05
403 1.832143E+02 5.178571E-01 1.455859E+00 2.386574E-02 1.926225E-02 2.086271E-02 2.278926E-02 3.943505E-04 3.318575E-04 2.266352E-04 9.941550E-05 4.904862E-05
404 1.837321E+02 5.178571E-01 1.455859E+00 2.412438E-02 1.947101E-02 2.108885E-02 2.303637E-02 3.981886E-04 3.352075E-04 2.289251E-04 1.004211E-04 4.954492E-05
405 1.842500E+02 5.178571E-01 1.455859E+00 2.438443E-02 1.968090E-02 2.131623E-02 2.328484E-02 4.020477E-04 3.385760E-04 2.312278E-04 1.014323E-04 5.004396E-05
406 1.847679E+02 5.178571E-01 1.455859E+00 2.464587E-02 1.989192E-02 2.154482E-02 2.353463E-02 4.059275E-04 3.419626E-04 2.335428E-04 1.024489E-04 5.054573E-05
407 1.852857E+02 5.178571E-01 1.455859E+00 2.490868E-02 2.010404E-02 2.177460E-02 2.378573E-02 4.098277E-04 3.453670E-04 2.358701E-04 1.034710E-04 5.105018E-05
408 1.858036E+02 5.178571E-01 1.455859E+00 2.517283E-02 2.031725E-02 2.200557E-02 2.403813E-02 4.137479E-04 3.487891E-04 2.382096E-04 1.044984E-04 5.155726E-05
409 1.863214E+02 5.178571E-01 1.455859E+00 2.543831E-02 2.053153E-02 2.223769E-02 2.429179E-02 4.176879E-04 3.522284E-04 2.405609E-04 1.055311E-04 5.206695E-05
410 1.868393E+02 5.178571E-01 1.455859E+00 2.570508E-02 2.074686E-02 2.247095E-02 2.454669E-02 4.216472E-04 3.556847E-04 2.429238E-04 1.065690E-04 5.257918E-05
411 1.873571E+02 5.178571E-01 1.455859E+00 2.597314E-02 2.096322E-02 2.270533E-02 2.480283E-02 4.256256E-04 3.591578E-04 2.452983E-04 1.076119E-04 5.309393E-05
412 1.878750E+02 5.178571E-01 1.455859E+00 2.624245E-02 2.118059E-02 2.294081E-02 2.506016E-02 4.296227E-04 3.626472E-04 2.476841E-04 1.086598E-04 5.361114E-05
413 1.883929E+02 5.178571E-01 1.455859E+00 2.651299E-02 2.139895E-02 2.317736E-02 2.531867E-02 4.336381E-04 3.661527E-04 2.500809E-04 1.097126E-04 5.413078E-05
414 1.889107E+02 5.178571E-01 1.455859E+00 2.678473E-02 2.161829E-02 2.341497E-02 2.557834E-02 4.376715E-04 3.696740E-04 2.524885E-04 1.107702E-04 5.465278E-05
415 1.894286E+02 5.178571E-01 1.455859E+00 2.705766E-02 2.183858E-02 2.365362E-02 2.583914E-02 4.417225E-04 3.732108E-04 2.549068E-04 1.118325E-04 5.517711E-05
416 1.899464E+02 5.178571E-01 1.455859E+00 2.733173E-02 2.205980E-02 2.389327E-02 2.610104E-02 4.457907E-04 3.767626E-04 2.573355E-04 1.128994E-04 5.570372E-05
417 1.904643E+02 5.178571E-01 1.455859E+00 2.760694E-02 2.228193E-02 2.413391E-02 2.636403E-02 4.498757E-04 3.803292E-04 2.597744E-04 1.139708E-04 5.623256E-05
418 1.909821E+02 5.178571E-01 1.455859E+00 2.788325E-02 2.250495E-02 2.437551E-02 2.662807E-02 4.539772E-04 3.839103E-04 2.622232E-04 1.150466E-04 5.676358E-05
419 1.915000E+02 5.178571E-01 1.455859E+00 2.816063E-02 2.272884E-02 2.461806E-02 2.689314E-02 4.580947E-04 3.875055E-04 2.646817E-04 1.161267E-04 5.729672E-05
420 1.920179E+02 5.178571E-01 1.455859E+00 2.843906E-02 2.295357E-02 2.486152E-02 2.715922E-02 4.622278E-04 3.911144E-04 2.671496E-04 1.172110E-04 5.783194E-05
421 1.925357E+02 5.178571E-01 1.455859E+00 2.871851E-02 2.317913E-02 2.510587E-02 2.742627E-02 4.663762E-04 3.947367E-04 2.696268E-04 1.182994E-04 5.836919E-05
422 1.930536E+02 5.178571E-01 1.455859E+00 2.899895E-02 2.340549E-02 2.535110E-02 2.769428E-02 4.705394E-04 3.983720E-04 2.721130E-04 1.193918E-04 5.890840E-05
423 1.935714E+02 5.178571E-01 1.455859E+00 2.928035E-02 2.363262E-02 2.559716E-02 2.796321E-02 4.747170E-04 4.020199E-04 2.746079E-04 1.204880E-04 5.944953E-05
424 1.940893E+02 5.178571E-01 1.455859E+00 2.956269E-02 2.386051E-02 2.584404E-02 2.823304E-02 4.789085E-04 4.056802E-04 2.771113E-04 1.215880E-04 5.999252E-05
425 1.946071E+02 5.178571E-01 1.455859E+00 2.984593E-02 2.408913E-02 2.609172E-02 2.850373E-02 4.831135E-04 4.093523E-04 2.796229E-04 1.226917E-04 6.053732E-05
426 1.951250E+02 5.178571E-01 1.455859E+00 3.013005E-02 2.431846E-02 2.634016E-02 2.877527E-02 4.873317E-04 4.130360E-04 2.821424E-04 1.237988E-04 6.108386E-05
427 1.956429E+02 5.178571E-01 1.455859E+00 3.041501E-02 2.454847E-02 2.658934E-02 2.904762E-02 4.915624E-04 4.167307E-04 2.846696E-04 1.249094E-04 6.163210E-05
428 1.961607E+02 5.178571E-01 1.455859E+00 3.070078E-02 2.477913E-02 2.683924E-02 2.932075E-02 4.958054E-04 4.204363E-04 2.872042E-04 1.260233E-04 6.218197E-05
429 1.966786E+02 5.178571E-01 1.455859E+00 3.098734E-02 2.501043E-02 2.708982E-02 2.959463E-02 5.000601E-04 4.241521E-04 2.897460E-04 1.271404E-04 6.273342E-05
430 1.971964E+02 5.178571E-01 1.455859E+00 3.127466E-02 2.524234E-02 2.734106E-02 2.986923E-02 5.043261E-04 4.278779E-04 2.922947E-04 1.282605E-04 6.328638E-05
431 1.977143E+02 5.178571E-01 1.455859E+00 3.156269E-02 2.547482E-02 2.759294E-02 3.014453E-02 5.086029E-04 4.316133E-04 2.948500E-04 1.293836E-04 6.384080E-05
432 1.982321E+02 5.178571E-01 1.455859E+00 3.185141E-02 2.570787E-02 2.784542E-02 3.042050E-02 5.128900E-04 4.353578E-04 2.974116E-04 1.305095E-04 6.439663E-05
433 1.987500E+02 5.178571E-01 1.455859E+00 3.214080E-02 2.594145E-02 2.809847E-02 3.069710E-02 5.171870E-04 4.391110E-04 2.999792E-04 1.316381E-04 6.495379E-05
434 1.992679E+02 5.178571E-01 1.455859E+00 3.243081E-02 2.617553E-02 2.835208E-02 3.097430E-02 5.214934E-04 4.428725E-04 3.025526E-04 1.327693E-04 6.551222E-05
435 1.997857E+02 5.178571E-01 1.455859E+00 3.272141E-02 2.641010E-02 2.860621E-02 3.125207E-02 5.258088E-04 4.466419E-04 3.051315E-04 1.339029E-04 6.607187E-05
436 2.003036E+02 5.178571E-01 1.455859E+00 3.301258E-02 2.664511E-02 2.886083E-02 3.153038E-02 5.301326E-04 4.504188E-04 3.077156E-04 1.350388E-04 6.663268E-05
437 2.008214E+02 5.178571E-01 1.455859E+00 3.330427E-02 2.688056E-02 2.911591E-02 3.180921E-02 5.344643E-04 4.542028E-04 3.103046E-04 1.361770E-04 6.719458E-05
438 2.013393E+02 5.178571E-01 1.455859E+00 3.359646E-02 2.711640E-02 2.937143E-02 3.208851E-02 5.388036E-04 4.579933E-04 3.128982E-04 1.373172E-04 6.775750E-05
439 2.018571E+02 5.178571E-01 1.455859E+00 3.388912E-02 2.735263E-02 2.962736E-02 3.236826E-02 5.431498E-04 4.617901E-04 3.154962E-04 1.384593E-04 6.832139E-05
440 2.023750E+02 5.178571E-01 1.455859E+00 3.418220E-02 2.758919E-02 2.988366E-02 3.264843E-02 5.475025E-04 4.655927E-04 3.180981E-04 1.396033E-04 6.888619E-05
441 2.028929E+02 5.178571E-01 1.455859E+00 3.447568E-02 2.782608E-02 3.014031E-02 3.292898E-02 5.518613E-04 4.694006E-04 3.207039E-04 1.407490E-04 6.945182E-05
442 2.034107E+02 5.178571E-01 1.455859E+00 3.476953E-02 2.806327E-02 3.039729E-02 3.320988E-02 5.562255E-04 4.732134E-04 3.233130E-04 1.418962E-04 7.001823E-05
443 2.039286E+02 5.178571E-01 1.455859E+00 3.506371E-02 2.830071E-02 3.065455E-02 3.349111E-02 5.605947E-04 4.770307E-04 3.259253E-04 1.430448E-04 7.058535E-05
444 2.044464E+02 5.178571E-01 1.455859E+00 3.535818E-02 2.853840E-02 3.091207E-02 3.377262E-02 5.649685E-04 4.808521E-04 3.285405E-04 1.441948E-04 7.115312E-05
445 2.049643E+02 5.178571E-01 1.455859E+00 3.565292E-02 2.877631E-02 3.116983E-02 3.405439E-02 5.693463E-04 4.846771E-04 3.311582E-04 1.453459E-04 7.172146E-05
446 2.054821E+02 5.178571E-01 1.455859E+00 3.594788E-02 2.901439E-02 3.142779E-02 3.433638E-02 5.737276E-04 4.885052E-04 3.337782E-04 1.464980E-04 7.229033E-05
447 2.060000E+02 5.178571E-01 1.455859E+00 3.624304E-02 2.925264E-02 3.168592E-02 3.461856E-02 5.781119E-04 4.923361E-04 3.364002E-04 1.476511E-04 7.285965E-05
448 2.065179E+02 5.178571E-01 1.455859E+00 3.653837E-02 2.949102E-02 3.194419E-02 3.490090E-02 5.824987E-04 4.961693E-04 3.390238E-04 1.488049E-04 7.342936E-05
449 2.070357E+02 5.178571E-01 1.455859E+00 3.683382E-02 2.972950E-02 3.220258E-02 3.518337E-02 5.868876E-04 5.000043E-04 3.416487E-04 1.499593E-04 7.399939E-05
450 2.075536E+02 5.178571E-01 1.455859E+00 3.712937E-02 2.996805E-02 3.246105E-02 3.546594E-02 5.912779E-04 5.038408E-04 3.442747E-04 1.511143E-04 7.456968E-05
451 2.080714E+02 5.178571E-01 1.455859E+00 3.742497E-02 3.020666E-02 3.271957E-02 3.574856E-02 5.956693E-04 5.076783E-04 3.469015E-04 1.522697E-04 7.514016E-05
452 2.085893E+02 5.178571E-01 1.455859E+00 3.772061E-02 3.044529E-02 3.297812E-02 3.603122E-02 6.000611E-04 5.115163E-04 3.495288E-04 1.534253E-04 7.571077E-05
453 2.091071E+02 5.178571E-01 1.455859E+00 3.801623E-02 3.068391E-02 3.323667E-02 3.631388E-02 6.044530E-04 5.153544E-04 3.521562E-04 1.545810E-04 7.628145E-05
454 2.096250E+02 5.178571E-01 1.455859E+00 3.831182E-02 3.092250E-02 3.349518E-02 3.659650E-02 6.088444E-04 5.191922E-04 3.547835E-04 1.557367E-04 7.685213E-05
455 2.101429E+02 5.178571E-01 1.455859E+00 3.860733E-02 3.116103E-02 3.375363E-02 3.687905E-02 6.132348E-04 5.230293E-04 3.574103E-04 1.568922E-04 7.742274E-05
456 2.106607E+02 5.178571E-01 1.455859E+00 3.890274E-02 3.139948E-02 3.401199E-02 3.716151E-02 6.176238E-04 5.268652E-04 3.600364E-04 1.580475E-04 7.799322E-05
457 2.111786E+02 5.178571E-01 1.455859E+00 3.919800E-02 3.163781E-02 3.427022E-02 3.744384E-02 6.220107E-04 5.306994E-04 3.626616E-04 1.592024E-04 7.856351E-05
458 2.116964E+02 5.178571E-01 1.455859E+00 3.949309E-02 3.187600E-02 3.452831E-02 3.772600E-02 6.263952E-04 5.345316E-04 3.652853E-04 1.603567E-04 7.913354E-05
459 2.122143E+02 5.178571E-01 1.455859E+00 3.978798E-02 3.211403E-02 3.478621E-02 3.800798E-02 6.307767E-04 5.383614E-04 3.679075E-04 1.615104E-04 7.970325E-05
460 2.127321E+02 5.178571E-01 1.455859E+00 4.008262E-02 3.235186E-02 3.504391E-02 3.828973E-02 6.351548E-04 5.421882E-04 3.705278E-04 1.626633E-04 8.027257E-05
461 2.132500E+02 5.178571E-01 1.455859E+00 4.037700E-02 3.258947E-02 3.530137E-02 3.857122E-02 6.395290E-04 5.460117E-04 3.731459E-04 1.638152E-04 8.084145E-05
462 2.137679E+02 5.178571E-01 1.455859E+00 4.067107E-02 3.282684E-02 3.555857E-02 3.885243E-02 6.438987E-04 5.498314E-04 3.757615E-04 1.649661E-04 8.140981E-05
463 2.142857E+02 5.178571E-01 1.455859E+00 4.096480E-02 3.306393E-02 3.581547E-02 3.913332E-02 6.482636E-04 5.536470E-04 3.783743E-04 1.661159E-04 8.197761E-05
464 2.148036E+02 5.178571E-01 1.455859E+00 4.125816E-02 3.330073E-02 3.607206E-02 3.941386E-02 6.526230E-04 5.574580E-04 3.809841E-04 1.672643E-04 8.254477E-05
465 2.153214E+02 5.178571E-01 1.455859E+00 4.155112E-02 3.353721E-02 3.632829E-02 3.969402E-02 6.569767E-04 5.612640E-04 3.835905E-04 1.684113E-04 8.311123E-05
466 2.158393E+02 5.178571E-01 1.455859E+00 4.184365E-02 3.377333E-02 3.658415E-02 3.997378E-02 6.613240E-04 5.650646E-04 3.861934E-04 1.695568E-04 8.367693E-05
467 2.163571E+02 5.178571E-01 1.455859E+00 4.213572E-02 3.400909E-02 3.683960E-02 4.025309E-02 6.656645E-04 5.688593E-04 3.887923E-04 1.707006E-04 8.424182E-05
468 2.168750E+02 5.178571E-01 1.455859E+00 4.242729E-02 3.424444E-02 3.709462E-02 4.053194E-02 6.699978E-04 5.726479E-04 3.913870E-04 1.718426E-04 8.480582E-05
469 2.173929E+02 5.178571E-01 1.455859E+00 4.271834E-02 3.447937E-02 3.734918E-02 4.081029E-02 6.743234E-04 5.764298E-04 3.939773E-04 1.729827E-04 8.536889E-05
470 2.179107E+02 5.178571E-01 1.455859E+00 4.300883E-02 3.471385E-02 3.760326E-02 4.108811E-02 6.786409E-04 5.802047E-04 3.965629E-04 1.741207E-04 8.593096E-05
471 2.184286E+02 5.178571E-01 1.455859E+00 4.329873E-02 3.494786E-02 3.785683E-02 4.136537E-02 6.829497E-04 5.839721E-04 3.991435E-04 1.752566E-04 8.649197E-05
472 2.189464E+02 5.178571E-01 1.455859E+00 4.358802E-02 3.518137E-02 3.810986E-02 4.164206E-02 6.872495E-04 5.877318E-04 4.017188E-04 1.763903E-04 8.705186E-05
473 2.194643E+02 5.178571E-01 1.455859E+00 4.387666E-02 3.541435E-02 3.836232E-02 4.191812E-02 6.915398E-04 5.914833E-04 4.042886E-04 1.775215E-04 8.761059E-05
474 2.199821E+02 5.178571E-01 1.455859E+00 4.416462E-02 3.564680E-02 3.861420E-02 4.219355E-02 6.958202E-04 5.952262E-04 4.068526E-04 1.786502E-04 8.816808E-05
475 2.205000E+02 5.178571E-01 1.455859E+00 4.445189E-02 3.587868E-02 3.886546E-02 4.246831E-02 7.000902E-04 5.989601E-04 4.094106E-04 1.797764E-04 8.872429E-05
476 2.210179E+02 5.178571E-01 1.455859E+00 4.473842E-02 3.610996E-02 3.911609E-02 4.274237E-02 7.043495E-04 6.026848E-04 4.119623E-04 1.808998E-04 8.927916E-05
477 2.215357E+02 5.178571E-01 1.455859E+00 4.502418E-02 3.634063E-02 3.936605E-02 4.301571E-02 7.085975E-04 6.063997E-04 4.145074E-04 1.820203E-04 8.983263E-05
478 2.220536E+02 5.178571E-01 1.455859E+00 4.530917E-02 3.657067E-02 3.961532E-02 4.328830E-02 7.128340E-04 6.101047E-04 4.170458E-04 1.831379E-04 9.038465E-05
479 2.225714E+02 5.178571E-01 1.455859E+00 4.559333E-02 3.680005E-02 3.986388E-02 4.356011E-02 7.170584E-04 6.137992E-04 4.195770E-04 1.842524E-04 9.093517E-05
480 2.230893E+02 5.178571E-01 1.455859E+00 4.587665E-02 3.702874E-02 4.011170E-02 4.383112E-02 7.212704E-04 6.174829E-04 4.221010E-04 1.853638E-04 9.148413E-05
481 2.236071E+02 5.178571E-01 1.455859E+00 4.615911E-02 3.725674E-02 4.035877E-02 4.410131E-02 7.254696E-04 6.211556E-04 4.246175E-04 1.864719E-04 9.203148E-05
482 2.241250E+02 5.178571E-01 1.455859E+00 4.644066E-02 3.748401E-02 4.060505E-02 4.437064E-02 7.296556E-04 6.248168E-04 4.271262E-04 1.875767E-04 9.257717E-05
483 2.246429E+02 5.178571E-01 1.455859E+00 4.672130E-02 3.771054E-02 4.085053E-02 4.463910E-02 7.338280E-04 6.284662E-04 4.296270E-04 1.886779E-04 9.312115E-05
484 2.251607E+02 5.178571E-01 1.455859E+00 4.700099E-02 3.793631E-02 4.109519E-02 4.490666E-02 7.379865E-04 6.321035E-04 4.321195E-04 1.897756E-04 9.366337E-05
485 2.256786E+02 5.178571E-01 1.455859E+00 4.727971E-02 3.816129E-02 4.133899E-02 4.517329E-02 7.421306E-04 6.357284E-04 4.346035E-04 1.908696E-04 9.420378E-05
486 2.261964E+02 5.178571E-01 1.455859E+00 4.755743E-02 3.838547E-02 4.158192E-02 4.543897E-02 7.462600E-04 6.393405E-04 4.370789E-04 1.919598E-04 9.474233E-05
487 2.267143E+02 5.178571E-01 1.455859E+00 4.783413E-02 3.860883E-02 4.182397E-02 4.570368E-02 7.503743E-04 6.429395E-04 4.395455E-04 1.930462E-04 9.527898E-05
488 2.272321E+02 5.178571E-01 1.455859E+00 4.810979E-02 3.883134E-02 4.206510E-02 4.596740E-02 7.544732E-04 6.465252E-04 4.420029E-04 1.941286E-04 9.581368E-05
489 2.277500E+02 5.178571E-01 1.455859E+00 4.838439E-02 3.905299E-02 4.230530E-02 4.623010E-02 7.585564E-04 6.500971E-04 4.444510E-04 1.952070E-04 9.634638E-05
490 2.282679E+02 5.178571E-01 1.455859E+00 4.865789E-02 3.927377E-02 4.254455E-02 4.649176E-02 7.626235E-04 6.536551E-04 4.468897E-04 1.962812E-04 9.687704E-05
491 2.287857E+02 5.178571E-01 1.455859E+00 4.893028E-02 3.949364E-02 4.278283E-02 4.675236E-02 7.666741E-04 6.571989E-04 4.493186E-04 1.973511E-04 9.740562E-05
492 2.293036E+02 5.178571E-01 1.455859E+00 4.920154E-02 3.971261E-02 4.302012E-02 4.701189E-02 7.707080E-04 6.607280E-04 4.517377E-04 1.984168E-04 9.793207E-05
493 2.298214E+02 5.178571E-01 1.455859E+00 4.947164E-02 3.993064E-02 4.325640E-02 4.727031E-02 7.747248E-04 6.642424E-04 4.541466E-04 1.994780E-04 9.845635E-05
494 2.303393E+02 5.178571E-01 1.455859E+00 4.974057E-02 4.014772E-02 4.349165E-02 4.752761E-02 7.787243E-04 6.677416E-04 4.565453E-04 2.005348E-04 9.897841E-05
495 2.308571E+02 5.178571E-01 1.455859E+00 5.000830E-02 4.036384E-02 4.372586E-02 4.778378E-02 7.827061E-04 6.712254E-04 4.589335E-04 2.015870E-04 9.949823E-05
496 2.313750E+02 5.178571E-01 1.455859E+00 5.027482E-02 4.057897E-02 4.395901E-02 4.803878E-02 7.866699E-04 6.746937E-04 4.613111E-04 2.026345E-04 1.000158E-04
497 2.318929E+02 5.178571E-01 1.455859E+00 5.054010E-02 4.079311E-02 4.419107E-02 4.829261E-02 7.906154E-04 6.781460E-04 4.636779E-04 2.036773E-04 1.005310E-04
498 2.324107E+02 5.178571E-01 1.455859E+00 5.080413E-02 4.100624E-02 4.442205E-02 4.854524E-02 7.945424E-04 6.815822E-04 4.660337E-04 2.047154E-04 1.010438E-04
499 2.329286E+02 5.178571E-01 1.455859E+00 5.106689E-02 4.121834E-02 4.465191E-02 4.879666E-02 7.984506E-04 6.850020E-04 4.683783E-04 2.057485E-04 1.015542E-04
500 2.334464E+02 5.178571E-01 1.455859E+00 5.132836E-02 4.142940E-02 4.488064E-02 4.904685E-02 8.023397E-04 6.884053E-04 4.707116E-04 2.067767E-04 1.020622E-04
501 2.339643E+02 5.178571E-01 1.455859E+00 5.158852E-02 4.163941E-02 4.510823E-02 4.929579E-02 8.062094E-04 6.917917E-04 4.730335E-04 2.077999E-04 1.025677E-04
502 2.344821E+02 5.178571E-01 1.455859E+00 5.184736E-02 4.184835E-02 4.533467E-02 4.954347E-02 8.100596E-04 6.951610E-04 4.753437E-04 2.088180E-04 1.030708E-04
503 2.350000E+02 5.178571E-01 1.455859E+00 5.210485E-02 4.205620E-02 4.555994E-02 4.978988E-02 8.138899E-04 6.985131E-04 4.776422E-04 2.098309E-04 1.035712E-04
504 2.355179E+02 5.178571E-01 1.455859E+00 5.236099E-02 4.226297E-02 4.578401E-02 5.003498E-02 8.177001E-04 7.018476E-04 4.799287E-04 2.108387E-04 1.040691E-04
505 2.360357E+02 5.178571E-01 1.455859E+00 5.261576E-02 4.246862E-02 4.600690E-02 5.027878E-02 8.214900E-04 7.051645E-04 4.822032E-04 2.118411E-04 1.045644E-04
506 2.365536E+02 5.178571E-01 1.455859E+00 5.286914E-02 4.267316E-02 4.622856E-02 5.052126E-02 8.252594E-04 7.084635E-04 4.844655E-04 2.128383E-04 1.050571E-04
507 2.370714E+02 5.178571E-01 1.455859E+00 5.312113E-02 4.287656E-02 4.644901E-02 5.076240E-02 8.290080E-04 7.117445E-04 4.867155E-04 2.138300E-04 1.055471E-04
508 2.375893E+02 5.178571E-01 1.455859E+00 5.337169E-02 4.307882E-02 4.666822E-02 5.100219E-02 8.327357E-04 7.150072E-04 4.889530E-04 2.148163E-04 1.060344E-04
509 2.381071E+02 5.178571E-01 1.455859E+00 5.362083E-02 4.327994E-02 4.688618E-02 5.124061E-02 8.364422E-04 7.182514E-04 4.911780E-04 2.157970E-04 1.065191E-04
510 2.386250E+02 5.178571E-01 1.455859E+00 5.386853E-02 4.347988E-02 4.710288E-02 5.147766E-02 8.401274E-04 7.214771E-04 4.933903E-04 2.167722E-04 1.070009E-04
511 2.391429E+02 5.178571E-01 1.455859E+00 5.411477E-02 4.367866E-02 4.731831E-02 5.171333E-02 8.437910E-04 7.246839E-04 4.955897E-04 2.177418E-04 1.074800E-04
512 2.396607E+02 5.178571E-01 1.455859E+00 5.435955E-02 4.387625E-02 4.753246E-02 5.194759E-02 8.474330E-04 7.278719E-04 4.977763E-04 2.187058E-04 1.079563E-04
513 2.401786E+02 5.178571E-01 1.455859E+00 5.460285E-02 4.407265E-02 4.774531E-02 5.218045E-02 8.510530E-04 7.310408E-04 4.999498E-04 2.196640E-04 1.084298E-04
514 2.406964E+02 5.178571E-01 1.455859E+00 5.484467E-02 4.426785E-02 4.795687E-02 5.241188E-02 8.546509E-04 7.341904E-04 5.021102E-04 2.206165E-04 1.089005E-04
515 2.412143E+02 5.178571E-01 1.455859E+00 5.508498E-02 4.446183E-02 4.816712E-02 5.264188E-02 8.582267E-04 7.373207E-04 5.042574E-04 2.215632E-04 1.093683E-04
516 2.417321E+02 5.178571E-01 1.455859E+00 5.532379E-02 4.465461E-02 4.837605E-02 5.287044E-02 8.617801E-04 7.404315E-04 5.063913E-04 2.225040E-04 1.098332E-04
517 2.422500E+02 5.178571E-01 1.455859E+00 5.556107E-02 4.484615E-02 4.858365E-02 5.309756E-02 8.653110E-04 7.435226E-04 5.085118E-04 2.234390E-04 1.102952E-04
518 2.427679E+02 5.178571E-01 1.455859E+00 5.579683E-02 4.503646E-02 4.878991E-02 5.332321E-02 8.688192E-04 7.465940E-04 5.106188E-04 2.243681E-04 1.107543E-04
519 2.432857E+02 5.178571E-01 1.455859E+00 5.603106E-02 4.522554E-02 4.899484E-02 5.354740E-02 8.723046E-04 7.496456E-04 5.127122E-04 2.252912E-04 1.112105E-04
520 2.438036E+02 5.178571E-01 1.455859E+00 5.626374E-02 4.541336E-02 4.919841E-02 5.377011E-02 8.757672E-04 7.526771E-04 5.147920E-04 2.262083E-04 1.116637E-04
521 2.443214E+02 5.178571E-01 1.455859E+00 5.649487E-02 4.559994E-02 4.940062E-02 5.399134E-02 8.792067E-04 7.556886E-04 5.168581E-04 2.271194E-04 1.121140E-04
522 2.448393E+02 5.178571E-01 1.455859E+00 5.672443E-02 4.578525E-02 4.960148E-02 5.421108E-02 8.826231E-04 7.586800E-04 5.189104E-04 2.280245E-04 1.125613E-04
523 2.453571E+02 5.178571E-01 1.455859E+00 5.695244E-02 4.596930E-02 4.980096E-02 5.442932E-02 8.860163E-04 7.616510E-04 5.209489E-04 2.289235E-04 1.130055E-04
524 2.458750E+02 5.178571E-01 1.455859E+00 5.717886E-02 4.615209E-02 4.999907E-02 5.464607E-02 8.893862E-04 7.646017E-04 5.229734E-04 2.298164E-04 1.134468E-04
525 2.463929E+02 5.178571E-01 1.455859E+00 5.740372E-02 4.633359E-02 5.019580E-02 5.486130E-02 8.927326E-04 7.675320E-04 5.249840E-04 2.307031E-04 1.138850E-04
526 2.469107E+02 5.178571E-01 1.455859E+00 5.762698E-02 4.651382E-02 5.039114E-02 5.507502E-02 8.960555E-04 7.704417E-04 5.269805E-04 2.315838E-04 1.143202E-04
527 2.474286E+02 5.178571E-01 1.455859E+00 5.784866E-02 4.669277E-02 5.058509E-02 5.528722E-02 8.993548E-04 7.733309E-04 5.289631E-04 2.324582E-04 1.147524E-04
528 2.479464E+02 5.178571E-01 1.455859E+00 5.806874E-02 4.687043E-02 5.077765E-02 5.549790E-02 9.026305E-04 7.761994E-04 5.309314E-04 2.333264E-04 1.151815E-04
529 2.484643E+02 5.178571E-01 1.455859E+00 5.828722E-02 4.704680E-02 5.096882E-02 5.570706E-02 9.058825E-04 7.790472E-04 5.328857E-04 2.341884E-04 1.156075E-04
530 2.489821E+02 5.178571E-01 1.455859E+00 5.850411E-02 4.722187E-02 5.115858E-02 5.591468E-02 9.091107E-04 7.818743E-04 5.348257E-04 2.350442E-04 1.160304E-04
531 2.495000E+02 5.178571E-01 1.455859E+00 5.871938E-02 4.739565E-02 5.134693E-02 5.612076E-02 9.123150E-04 7.846805E-04 5.367516E-04 2.358938E-04 1.164503E-04
532 2.500179E+02 5.178571E-01 1.455859E+00 5.893305E-02 4.756813E-02 5.153388E-02 5.632531E-02 9.154955E-04 7.874659E-04 5.386631E-04 2.367371E-04 1.168671E-04
533 2.505357E+02 5.178571E-01 1.455859E+00 5.914510E-02 4.773931E-02 5.171942E-02 5.652832E-02 9.186520E-04 7.902305E-04 5.405604E-04 2.375741E-04 1.172808E-04
534 2.510536E+02 5.178571E-01 1.455859E+00 5.935555E-02 4.790919E-02 5.190355E-02 5.672979E-02 9.217846E-04 7.929741E-04 5.424434E-04 2.384048E-04 1.176913E-04
535 2.515714E+02 5.178571E-01 1.455859E+00 5.956437E-02 4.807776E-02 5.208627E-02 5.692971E-02 9.248932E-04 7.956967E-04 5.443121E-04 2.392292E-04 1.180988E-04
536 2.520893E+02 5.178571E-01 1.455859E+00 5.977158E-02 4.824503E-02 5.226757E-02 5.712809E-02 9.279778E-04 7.983984E-04 5.461664E-04 2.400474E-04 1.185032E-04
537 2.526071E+02 5.178571E-01 1.455859E+00 5.997717E-02 4.841099E-02 5.244746E-02 5.732491E-02 9.310383E-04 8.010791E-04 5.480063E-04 2.408592E-04 1.189044E-04
538 2.531250E+02 5.178571E-01 1.455859E+00 6.018114E-02 4.857564E-02 5.262593E-02 5.752019E-02 9.340748E-04 8.037388E-04 5.498319E-04 2.416647E-04 1.193025E-04
539 2.536429E+02 5.178571E-01 1.455859E+00 6.038348E-02 4.873899E-02 5.280298E-02 5.771393E-02 9.370872E-04 8.063774E-04 5.516431E-04 2.424639E-04 1.196976E-04
540 2.541607E+02 5.178571E-01 1.455859E+00 6.058421E-02 4.890102E-02 5.297861E-02 5.790611E-02 9.400756E-04 8.089951E-04 5.534400E-04 2.432567E-04 1.200894E-04
541 2.546786E+02 5.178571E-01 1.455859E+00 6.078332E-02 4.906175E-02 5.315283E-02 5.809674E-02 9.430399E-04 8.115917E-04 5.552224E-04 2.440433E-04 1.204782E-04
542 2.551964E+02 5.178571E-01 1.455859E+00 6.098081E-02 4.922117E-02 5.332564E-02 5.828583E-02 9.459802E-04 8.141673E-04 5.569905E-04 2.448235E-04 1.208639E-04
543 2.557143E+02 5.178571E-01 1.455859E+00 6.117668E-02 4.937929E-02 5.349702E-02 5.847337E-02 9.488964E-04 8.167219E-04 5.587442E-04 2.455974E-04 1.212464E-04
544 2.562321E+02 5.178571E-01 1.455859E+00 6.137093E-02 4.953610E-02 5.366699E-02 5.865936E-02 9.517886E-04 8.192556E-04 5.604835E-04 2.463650E-04 1.216258E-04
545 2.567500E+02 5.178571E-01 1.455859E+00 6.156356E-02 4.969160E-02 5.383555E-02 5.884381E-02 9.546567E-04 8.217682E-04 5.622085E-04 2.471262E-04 1.220021E-04
546 2.572679E+02 5.178571E-01 1.455859E+00 6.175458E-02 4.984581E-02 5.400270E-02 5.902671E-02 9.575009E-04 8.242599E-04 5.639191E-04 2.478812E-04 1.223752E-04
547 2.577857E+02 5.178571E-01 1.455859E+00 6.194399E-02 4.999871E-02 5.416844E-02 5.920807E-02 9.603212E-04 8.267306E-04 5.656154E-04 2.486298E-04 1.227453E-04
548 2.583036E+02 5.178571E-01 1.455859E+00 6.213179E-02 5.015031E-02 5.433276E-02 5.938790E-02 9.631175E-04 8.291805E-04 5.672974E-04 2.493722E-04 1.231123E-04
549 2.588214E+02 5.178571E-01 1.455859E+00 6.231798E-02 5.030061E-02 5.449569E-02 5.956618E-02 9.658899E-04 8.316094E-04 5.689651E-04 2.501083E-04 1.234761E-04
550 2.593393E+02 5.178571E-01 1.455859E+00 6.250257E-02 5.044962E-02 5.465721E-02 5.974293E-02 9.686385E-04 8.340176E-04 5.706185E-04 2.508381E-04 1.238369E-04
551 2.598571E+02 5.178571E-01 1.455859E+00 6.268555E-02 5.059733E-02 5.481732E-02 5.991815E-02 9.713633E-04 8.364049E-04 5.722577E-04 2.515616E-04 1.241945E-04
552 2.603750E+02 5.178571E-01 1.455859E+00 6.286694E-02 5.074376E-02 5.497605E-02 6.009184E-02 9.740644E-04 8.387715E-04 5.738827E-04 2.522789E-04 1.245491E-04
553 2.608929E+02 5.178571E-01 1.455859E+00 6.304674E-02 5.088890E-02 5.513337E-02 6.026401E-02 9.767418E-04 8.411174E-04 5.754935E-04 2.529899E-04 1.249006E-04
554 2.614107E+02 5.178571E-01 1.455859E+00 6.322494E-02 5.103275E-02 5.528931E-02 6.043466E-02 9.793955E-04 8.434426E-04 5.770901E-04 2.536947E-04 1.252490E-04
555 2.619286E+02 5.178571E-01 1.455859E+00 6.340156E-02 5.117533E-02 5.544386E-02 6.060379E-02 9.820257E-04 8.457473E-04 5.786727E-04 2.543934E-04 1.255943E-04
556 2.624464E+02 5.178571E-01 1.455859E+00 6.357659E-02 5.131663E-02 5.559703E-02 6.077141E-02 9.846324E-04 8.480313E-04 5.802412E-04 2.550858E-04 1.259366E-04
557 2.629643E+02 5.178571E-01 1.455859E+00 6.375005E-02 5.145666E-02 5.574881E-02 6.093752E-02 9.872156E-04 8.502949E-04 5.817956E-04 2.557720E-04 1.262759E-04
558 2.634821E+02 5.178571E-01 1.455859E+00 6.392194E-02 5.159542E-02 5.589923E-02 6.110213E-02 9.897755E-04 8.525381E-04 5.833361E-04 2.564521E-04 1.266121E-04
559 2.640000E+02 5.178571E-01 1.455859E+00 6.409226E-02 5.173291E-02 5.604827E-02 6.126524E-02 9.923121E-04 8.547609E-04 5.848626E-04 2.571260E-04 1.269452E-04
560 2.645179E+02 5.178571E-01 1.455859E+00 6.426102E-02 5.186914E-02 5.619595E-02 6.142685E-02 9.948255E-04 8.569634E-04 5.863752E-04 2.577938E-04 1.272754E-04
561 2.650357E+02 5.178571E-01 1.455859E+00 6.442823E-02 5.200412E-02 5.634226E-02 6.158698E-02 9.973158E-04 8.591457E-04 5.878739E-04 2.584556E-04 1.276025E-04
562 2.655536E+02 5.178571E-01 1.455859E+00 6.459388E-02 5.213785E-02 5.648722E-02 6.174563E-02 9.997830E-04 8.613079E-04 5.893589E-04 2.591112E-04 1.279266E-04
563 2.660714E+02 5.178571E-01 1.455859E+00 6.475800E-02 5.227033E-02 5.663084E-02 6.190280E-02 1.002227E-03 8.634499E-04 5.908301E-04 2.597608E-04 1.282478E-04
564 2.665893E+02 5.178571E-01 1.455859E+00 6.492057E-02 5.240157E-02 5.677310E-02 6.205850E-02 1.004649E-03 8.655720E-04 5.922875E-04 2.604043E-04 1.285659E-04
565 2.671071E+02 5.178571E-01 1.455859E+00 6.508162E-02 5.253157E-02 5.691403E-02 6.221273E-02 1.007047E-03 8.676742E-04 5.937314E-04 2.610419E-04 1.288811E-04
566 2.676250E+02 5.178571E-01 1.455859E+00 6.524113E-02 5.266035E-02 5.705362E-02 6.236551E-02 1.009423E-03 8.697565E-04 5.951617E-04 2.616734E-04 1.291933E-04
567 2.681429E+02 5.178571E-01 1.455859E+00 6.539914E-02 5.278790E-02 5.719189E-02 6.251683E-02 1.011777E-03 8.718191E-04 5.965784E-04 2.622990E-04 1.295026E-04
568 2.686607E+02 5.178571E-01 1.455859E+00 6.555563E-02 5.291423E-02 5.732883E-02 6.266671E-02 1.014108E-03 8.738621E-04 5.979817E-04 2.629187E-04 1.298090E-04
569 2.691786E+02 5.178571E-01 1.455859E+00 6.571061E-02 5.303934E-02 5.746446E-02 6.281515E-02 1.016416E-03 8.758855E-04 5.993715E-04 2.635325E-04 1.301124E-04
570 2.696964E+02 5.178571E-01 1.455859E+00 6.586410E-02 5.316325E-02 5.759878E-02 6.296216E-02 1.018703E-03 8.778894E-04 6.007480E-04 2.641404E-04 1.304129E-04
571 2.702143E+02 5.178571E-01 1.455859E+00 6.601611E-02 5.328596E-02 5.773180E-02 6.310774E-02 1.020967E-03 8.798739E-04 6.021113E-04 2.647424E-04 1.307106E-04
572 2.707321E+02 5.178571E-01 1.455859E+00 6.616662E-02 5.340746E-02 5.786352E-02 6.325191E-02 1.023209E-03 8.818392E-04 6.034613E-04 2.653386E-04 1.310054E-04
573 2.712500E+02 5.178571E-01 1.455859E+00 6.631567E-02 5.352778E-02 5.799395E-02 6.339466E-02 1.025429E-03 8.837853E-04 6.047981E-04 2.659290E-04 1.312973E-04
574 2.717679E+02 5.178571E-01 1.455859E+00 6.646325E-02 5.364692E-02 5.812310E-02 6.353601E-02 1.027628E-03 8.857123E-04 6.061219E-04 2.665137E-04 1.315863E-04
575 2.722857E+02 5.178571E-01 1.455859E+00 6.660937E-02 5.376488E-02 5.825097E-02 6.367597E-02 1.029805E-03 8.876203E-04 6.074327E-04 2.670926E-04 1.318725E-04
576 2.728036E+02 5.178571E-01 1.455859E+00 6.675404E-02 5.388167E-02 5.837758E-02 6.381454E-02 1.031960E-03 8.895095E-04 6.087305E-04 2.676658E-04 1.321559E-04
577 2.733214E+02 5.178571E-01 1.455859E+00 6.689727E-02 5.399729E-02 5.850292E-02 6.395173E-02 1.034094E-03 8.913798E-04 6.100155E-04 2.682333E-04 1.324366E-04
578 2.738393E+02 5.178571E-01 1.455859E+00 6.703907E-02 5.411176E-02 5.862701E-02 6.408755E-02 1.036206E-03 8.932315E-04 6.112876E-04 2.687952E-04 1.327144E-04
579 2.743571E+02 5.178571E-01 1.455859E+00 6.717944E-02 5.422508E-02 5.874985E-02 6.422200E-02 1.038297E-03 8.950647E-04 6.125470E-04 2.693515E-04 1.329894E-04
580 2.748750E+02 5.178571E-01 1.455859E+00 6.731839E-02 5.433725E-02 5.887146E-02 6.435510E-02 1.040367E-03 8.968794E-04 6.137938E-04 2.699023E-04 1.332617E-04
581 2.753929E+02 5.178571E-01 1.455859E+00 6.745594E-02 5.444829E-02 5.899183E-02 6.448685E-02 1.042417E-03 8.986758E-04 6.150280E-04 2.704474E-04 1.335313E-04
582 2.759107E+02 5.178571E-01 1.455859E+00 6.759208E-02 5.455819E-02 5.911097E-02 6.461726E-02 1.044445E-03 9.004539E-04 6.162497E-04 2.709871E-04 1.337981E-04
583 2.764286E+02 5.178571E-01 1.455859E+00 6.772684E-02 5.466698E-02 5.922890E-02 6.474634E-02 1.046453E-03 9.022139E-04 6.174590E-04 2.715213E-04 1.340622E-04
584 2.769464E+02 5.178571E-01 1.455859E+00 6.786021E-02 5.477464E-02 5.934562E-02 6.487410E-02 1.048440E-03 9.039560E-04 6.186560E-04 2.720500E-04 1.343236E-04
585 2.774643E+02 5.178571E-01 1.455859E+00 6.799221E-02 5.488121E-02 5.946114E-02 6.500054E-02 1.050406E-03 9.056801E-04 6.198407E-04 2.725734E-04 1.345824E-04
586 2.779821E+02 5.178571E-01 1.455859E+00 6.812285E-02 5.498666E-02 5.957547E-02 6.512568E-02 1.052353E-03 9.073865E-04 6.210131E-04 2.730913E-04 1.348385E-04
587 2.785000E+02 5.178571E-01 1.455859E+00 6.825213E-02 5.509103E-02 5.968861E-02 6.524953E-02 1.054279E-03 9.090753E-04 6.221735E-04 2.736040E-04 1.350920E-04
588 2.790179E+02 5.178571E-01 1.455859E+00 6.838007E-02 5.519431E-02 5.980058E-02 6.537208E-02 1.056185E-03 9.107465E-04 6.233219E-04 2.741113E-04 1.353428E-04
589 2.795357E+02 5.178571E-01 1.455859E+00 6.850666E-02 5.529651E-02 5.991137E-02 6.549335E-02 1.058072E-03 9.124003E-04 6.244583E-04 2.746134E-04 1.355911E-04
590 2.800536E+02 5.178571E-01 1.455859E+00 6.863194E-02 5.539764E-02 6.002101E-02 6.561336E-02 1.059938E-03 9.140368E-04 6.255829E-04 2.751102E-04 1.358368E-04
