0 -2.548214E+01 5.178571E-01 0.000000E+00 0.000000E+00 0.000000E+00 0.000000E+00 0.000000E+00 0.000000E+00 0.000000E+00 0.000000E+00 0.000000E+00 0.000000E+00
1 -2.496429E+01 5.178571E-01 0.000000E+00 0.000000E+00 0.000000E+00 0.000000E+00 0.000000E+00 0.000000E+00 0.000000E+00 0.000000E+00 0.000000E+00 0.000000E+00
2 -2.444643E+01 5.178571E-01 1.689209E-01 0.000000E+00 0.000000E+00 0.000000E+00 0.000000E+00 0.000000E+00 0.000000E+00 0.000000E+00 0.000000E+00 0.000000E+00
3 -2.392857E+01 5.178571E-01 3.468894E+00 0.000000E+00 0.000000E+00 0.000000E+00 0.000000E+00 0.000000E+00 0.000000E+00 0.000000E+00 0.000000E+00 0.000000E+00
4 -2.341071E+01 5.178571E-01 8.093230E+00 0.000000E+00 0.000000E+00 0.000000E+00 0.000000E+00 0.000000E+00 0.000000E+00 0.000000E+00 0.000000E+00 0.000000E+00
5 -2.289286E+01 5.178571E-01 9.522322E+00 0.000000E+00 0.000000E+00 0.000000E+00 0.000000E+00 0.000000E+00 0.000000E+00 0.000000E+00 0.000000E+00 0.000000E+00
6 -2.237500E+01 5.178571E-01 9.099507E+00 0.000000E+00 0.000000E+00 0.000000E+00 0.000000E+00 0.000000E+00 0.000000E+00 0.000000E+00 0.000000E+00 0.000000E+00
7 -2.185714E+01 5.178571E-01 5.812589E+00 0.000000E+00 0.000000E+00 0.000000E+00 0.000000E+00 0.000000E+00 0.000000E+00 0.000000E+00 0.000000E+00 0.000000E+00
8 -2.133929E+01 5.178571E-01 3.978590E+00 0.000000E+00 0.000000E+00 0.000000E+00 0.000000E+00 0.000000E+00 0.000000E+00 0.000000E+00 0.000000E+00 0.000000E+00
9 -2.082143E+01 5.178571E-01 4.759281E+00 0.000000E+00 0.000000E+00 0.000000E+00 0.000000E+00 0.000000E+00 0.000000E+00 0.000000E+00 0.000000E+00 0.000000E+00
10 -2.030357E+01 5.178571E-01 4.781279E+00 0.000000E+00 0.000000E+00 0.000000E+00 0.000000E+00 0.000000E+00 0.000000E+00 0.000000E+00 0.000000E+00 0.000000E+00
11 -1.978571E+01 5.178571E-01 4.000323E+00 0.000000E+00 0.000000E+00 0.000000E+00 0.000000E+00 0.000000E+00 0.000000E+00 0.000000E+00 0.000000E+00 0.000000E+00
12 -1.926786E+01 5.178571E-01 3.002535E+00 0.000000E+00 0.000000E+00 0.000000E+00 0.000000E+00 0.000000E+00 0.000000E+00 0.000000E+00 0.000000E+00 0.000000E+00
13 -1.875000E+01 5.178571E-01 1.816319E+00 0.000000E+00 0.000000E+00 0.000000E+00 0.000000E+00 0.000000E+00 0.000000E+00 0.000000E+00 0.000000E+00 0.000000E+00
14 -1.823214E+01 5.178571E-01 1.559247E+00 0.000000E+00 0.000000E+00 0.000000E+00 0.000000E+00 0.000000E+00 0.000000E+00 0.000000E+00 0.000000E+00 0.000000E+00
15 -1.771429E+01 5.178571E-01 1.966781E+00 0.000000E+00 0.000000E+00 0.000000E+00 0.000000E+00 0.000000E+00 0.000000E+00 0.000000E+00 0.000000E+00 0.000000E+00
16 -1.719643E+01 5.178571E-01 2.015504E+00 0.000000E+00 0.000000E+00 0.000000E+00 0.000000E+00 0.000000E+00 0.000000E+00 0.000000E+00 0.000000E+00 0.000000E+00
17 -1.667857E+01 5.178571E-01 1.837508E+00 0.000000E+00 0.000000E+00 0.000000E+00 0.000000E+00 0.000000E+00 0.000000E+00 0.000000E+00 0.000000E+00 0.000000E+00
18 -1.616071E+01 5.178571E-01 1.141606E+00 0.000000E+00 0.000000E+00 0.000000E+00 0.000000E+00 0.000000E+00 0.000000E+00 0.000000E+00 0.000000E+00 0.000000E+00
19 -1.564286E+01 5.178571E-01 2.494869E-01 0.000000E+00 0.000000E+00 0.000000E+00 0.000000E+00 0.000000E+00 0.000000E+00 0.000000E+00 0.000000E+00 0.000000E+00
20 -1.512500E+01 5.178571E-01 5.196387E-01 0.000000E+00 0.000000E+00 0.000000E+00 0.000000E+00 0.000000E+00 0.000000E+00 0.000000E+00 0.000000E+00 0.000000E+00
21 -1.460714E+01 5.178571E-01 1.213893E+00 0.000000E+00 0.000000E+00 0.000000E+00 0.000000E+00 0.000000E+00 0.000000E+00 0.000000E+00 0.000000E+00 0.000000E+00
22 -1.408929E+01 5.178571E-01 1.855092E+00 0.000000E+00 0.000000E+00 0.000000E+00 0.000000E+00 0.000000E+00 0.000000E+00 0.000000E+00 0.000000E+00 0.000000E+00
23 -1.357143E+01 5.178571E-01 2.431703E+00 0.000000E+00 0.000000E+00 0.000000E+00 0.000000E+00 0.000000E+00 0.000000E+00 0.000000E+00 0.000000E+00 0.000000E+00
24 -1.305357E+01 5.178571E-01 1.417508E+00 0.000000E+00 0.000000E+00 0.000000E+00 0.000000E+00 0.000000E+00 0.000000E+00 0.000000E+00 0.000000E+00 0.000000E+00
25 -1.253571E+01 5.178571E-01 1.479046E+00 0.000000E+00 0.000000E+00 0.000000E+00 0.000000E+00 0.000000E+00 0.000000E+00 0.000000E+00 0.000000E+00 0.000000E+00
26 -1.201786E+01 5.178571E-01 1.464872E+00 0.000000E+00 0.000000E+00 0.000000E+00 0.000000E+00 0.000000E+00 0.000000E+00 0.000000E+00 0.000000E+00 0.000000E+00
27 -1.150000E+01 5.178571E-01 1.416098E+00 0.000000E+00 0.000000E+00 0.000000E+00 0.000000E+00 0.000000E+00 0.000000E+00 0.000000E+00 0.000000E+00 0.000000E+00
28 -1.098214E+01 5.178571E-01 1.361035E+00 0.000000E+00 0.000000E+00 0.000000E+00 0.000000E+00 0.000000E+00 0.000000E+00 0.000000E+00 0.000000E+00 0.000000E+00
29 -1.046429E+01 5.178571E-01 1.318894E+00 0.000000E+00 0.000000E+00 0.000000E+00 0.000000E+00 0.000000E+00 0.000000E+00 0.000000E+00 0.000000E+00 0.000000E+00
30 -9.946429E+00 5.178571E-01 1.340837E+00 4.634730E-02 3.741090E-02 4.053683E-02 4.432290E-02 1.294387E-01 1.131727E-01 7.756338E-02 3.420850E-02 1.694946E-02
31 -9.428571E+00 5.178571E-01 1.447778E+00 4.634730E-02 3.741090E-02 4.053683E-02 4.432290E-02 1.294387E-01 1.131727E-01 7.756338E-02 3.420850E-02 1.694946E-02
32 -8.910714E+00 5.178571E-01 1.529898E+00 4.634730E-02 3.741090E-02 4.053683E-02 4.432290E-02 1.294387E-01 1.131727E-01 7.756338E-02 3.420850E-02 1.694946E-02
33 -8.392857E+00 5.178571E-01 1.553286E+00 4.634730E-02 3.741090E-02 4.053683E-02 4.432290E-02 1.294387E-01 1.131727E-01 7.756338E-02 3.420850E-02 1.694946E-02
34 -7.875000E+00 5.178571E-01 1.520767E+00 4.634730E-02 3.741090E-02 4.053683E-02 4.432290E-02 1.294387E-01 1.131727E-01 7.756338E-02 3.420850E-02 1.694946E-02
35 -7.357143E+00 5.178571E-01 1.432925E+00 4.634730E-02 3.741090E-02 4.053683E-02 4.432290E-02 1.294387E-01 1.131727E-01 7.756338E-02 3.420850E-02 1.694946E-02
36 -6.839286E+00 5.178571E-01 1.443251E+00 4.634730E-02 3.741090E-02 4.053683E-02 4.432290E-02 1.294387E-01 1.131727E-01 7.756338E-02 3.420850E-02 1.694946E-02
37 -6.321429E+00 5.178571E-01 1.438639E+00 4.634730E-02 3.741090E-02 4.053683E-02 4.432290E-02 1.294387E-01 1.131727E-01 7.756338E-02 3.420850E-02 1.694946E-02
38 -5.803571E+00 5.178571E-01 1.436477E+00 4.634730E-02 3.741090E-02 4.053683E-02 4.432290E-02 1.294387E-01 1.131727E-01 7.756338E-02 3.420850E-02 1.694946E-02
39 -5.285714E+00 5.178571E-01 1.438731E+00 4.634730E-02 3.741090E-02 4.053683E-02 4.432290E-02 1.294387E-01 1.131727E-01 7.756338E-02 3.420850E-02 1.694946E-02
40 -4.767857E+00 5.178571E-01 1.446275E+00 4.634730E-02 3.741090E-02 4.053683E-02 4.432290E-02 1.294387E-01 1.131727E-01 7.756338E-02 3.420850E-02 1.694946E-02
41 -4.250000E+00 5.178571E-01 1.458259E+00 4.634730E-02 3.741090E-02 4.053683E-02 4.432290E-02 1.294387E-01 1.131727E-01 7.756338E-02 3.420850E-02 1.694946E-02
42 -3.732143E+00 5.178571E-01 1.468803E+00 4.634730E-02 3.741090E-02 4.053683E-02 4.432290E-02 1.294387E-01 1.131727E-01 7.756338E-02 3.420850E-02 1.694946E-02
43 -3.214286E+00 5.178571E-01 1.469851E+00 4.634730E-02 3.741090E-02 4.053683E-02 4.432290E-02 1.294387E-01 1.131727E-01 7.756338E-02 3.420850E-02 1.694946E-02
44 -2.696429E+00 5.178571E-01 1.463741E+00 4.634730E-02 3.741090E-02 4.053683E-02 4.432290E-02 1.294387E-01 1.131727E-01 7.756338E-02 3.420850E-02 1.694946E-02
45 -2.178571E+00 5.178571E-01 1.455398E+00 4.634730E-02 3.741090E-02 4.053683E-02 4.432290E-02 1.294387E-01 1.131727E-01 7.756338E-02 3.420850E-02 1.694946E-02
46 -1.660714E+00 5.178571E-01 1.449695E+00 4.634730E-02 3.741090E-02 4.053683E-02 4.432290E-02 1.294387E-01 1.131727E-01 7.756338E-02 3.420850E-02 1.694946E-02
47 -1.142857E+00 5.178571E-01 1.451943E+00 4.634730E-02 3.741090E-02 4.053683E-02 4.432290E-02 1.294387E-01 1.131727E-01 7.756338E-02 3.420850E-02 1.694946E-02
48 -6.250000E-01 5.178571E-01 1.452587E+00 4.634730E-02 3.741090E-02 4.053683E-02 4.432290E-02 1.294387E-01 1.131727E-01 7.756338E-02 3.420850E-02 1.694946E-02
49 -1.071429E-01 5.178571E-01 1.453917E+00 4.634730E-02 3.741090E-02 4.053683E-02 4.432290E-02 1.294387E-01 1.131727E-01 7.756338E-02 3.420850E-02 1.694946E-02
50 4.107143E-01 5.178571E-01 1.455528E+00 4.634730E-02 3.741090E-02 4.053683E-02 4.432290E-02 1.294387E-01 1.131727E-01 7.756338E-02 3.420850E-02 1.694946E-02
51 9.285714E-01 5.178571E-01 1.457047E+00 4.634730E-02 3.741090E-02 4.053683E-02 4.432290E-02 1.294387E-01 1.131727E-01 7.756338E-02 3.420850E-02 1.694946E-02
52 1.446429E+00 5.178571E-01 1.457972E+00 4.634730E-02 3.741090E-02 4.053683E-02 4.432290E-02 1.294387E-01 1.131727E-01 7.756338E-02 3.420850E-02 1.694946E-02
53 1.964286E+00 5.178571E-01 1.457851E+00 4.634730E-02 3.741090E-02 4.053683E-02 4.432290E-02 1.294387E-01 1.131727E-01 7.756338E-02 3.420850E-02 1.694946E-02
54 2.482143E+00 5.178571E-01 1.456768E+00 4.634730E-02 3.741090E-02 4.053683E-02 4.432290E-02 1.294387E-01 1.131727E-01 7.756338E-02 3.420850E-02 1.694946E-02
55 3.000000E+00 5.178571E-01 1.455568E+00 4.634730E-02 3.741090E-02 4.053683E-02 4.432290E-02 1.294387E-01 1.131727E-01 7.756338E-02 3.420850E-02 1.694946E-02
56 3.517857E+00 5.178571E-01 1.454871E+00 4.634730E-02 3.741090E-02 4.053683E-02 4.432290E-02 1.294387E-01 1.131727E-01 7.756338E-02 3.420850E-02 1.694946E-02
57 4.035714E+00 5.178571E-01 1.454888E+00 4.634730E-02 3.741090E-02 4.053683E-02 4.432290E-02 1.294387E-01 1.131727E-01 7.756338E-02 3.420850E-02 1.694946E-02
58 4.553571E+00 5.178571E-01 1.455405E+00 4.634730E-02 3.741090E-02 4.053683E-02 4.432290E-02 1.294387E-01 1.131727E-01 7.756338E-02 3.420850E-02 1.694946E-02
59 5.071429E+00 5.178571E-01 1.455700E+00 4.634730E-02 3.741090E-02 4.053683E-02 4.432290E-02 1.294387E-01 1.131727E-01 7.756338E-02 3.420850E-02 1.694946E-02
60 5.589286E+00 5.178571E-01 1.455982E+00 4.634730E-02 3.741090E-02 4.053683E-02 4.432290E-02 1.294387E-01 1.131727E-01 7.756338E-02 3.420850E-02 1.694946E-02
61 6.107143E+00 5.178571E-01 1.456160E+00 4.634730E-02 3.741090E-02 4.053683E-02 4.432290E-02 1.294387E-01 1.131727E-01 7.756338E-02 3.420850E-02 1.694946E-02
62 6.625000E+00 5.178571E-01 1.456205E+00 4.634730E-02 3.741090E-02 4.053683E-02 4.432290E-02 1.294387E-01 1.131727E-01 7.756338E-02 3.420850E-02 1.694946E-02
63 7.142857E+00 5.178571E-01 1.456116E+00 4.634730E-02 3.741090E-02 4.053683E-02 4.432290E-02 1.294387E-01 1.131727E-01 7.756338E-02 3.420850E-02 1.694946E-02
64 7.660714E+00 5.178571E-01 1.455940E+00 4.634730E-02 3.741090E-02 4.053683E-02 4.432290E-02 1.294387E-01 1.131727E-01 7.756338E-02 3.420850E-02 1.694946E-02
65 8.178571E+00 5.178571E-01 1.455766E+00 4.634730E-02 3.741090E-02 4.053683E-02 4.432290E-02 1.294387E-01 1.131727E-01 7.756338E-02 3.420850E-02 1.694946E-02
66 8.696429E+00 5.178571E-01 1.455683E+00 4.634730E-02 3.741090E-02 4.053683E-02 4.432290E-02 1.294387E-01 1.131727E-01 7.756338E-02 3.420850E-02 1.694946E-02
67 9.214286E+00 5.178571E-01 1.455703E+00 4.634730E-02 3.741090E-02 4.053683E-02 4.432290E-02 1.294387E-01 1.131727E-01 7.756338E-02 3.420850E-02 1.694946E-02
68 9.732143E+00 5.178571E-01 1.455785E+00 4.634730E-02 3.741090E-02 4.053683E-02 4.432290E-02 1.294387E-01 1.131727E-01 7.756338E-02 3.420850E-02 1.694946E-02
69 1.025000E+01 5.178571E-01 1.455866E+00 4.634730E-02 3.741090E-02 4.053683E-02 4.432290E-02 1.294387E-01 1.131727E-01 7.756338E-02 3.420850E-02 1.694946E-02
70 1.076786E+01 5.178571E-01 1.455904E+00 4.634730E-02 3.741090E-02 4.053683E-02 4.432290E-02 1.294387E-01 1.131727E-01 7.756338E-02 3.420850E-02 1.694946E-02
71 1.128571E+01 5.178571E-01 1.455921E+00 4.634730E-02 3.741090E-02 4.053683E-02 4.432290E-02 1.294387E-01 1.131727E-01 7.756338E-02 3.420850E-02 1.694946E-02
72 1.180357E+01 5.178571E-01 1.455913E+00 4.634730E-02 3.741090E-02 4.053683E-02 4.432290E-02 1.294387E-01 1.131727E-01 7.756338E-02 3.420850E-02 1.694946E-02
73 1.232143E+01 5.178571E-01 1.455889E+00 4.634730E-02 3.741090E-02 4.053683E-02 4.432290E-02 1.294387E-01 1.131727E-01 7.756338E-02 3.420850E-02 1.694946E-02
74 1.283929E+01 5.178571E-01 1.455860E+00 4.634730E-02 3.741090E-02 4.053683E-02 4.432290E-02 1.294387E-01 1.131727E-01 7.756338E-02 3.420850E-02 1.694946E-02
75 1.335714E+01 5.178571E-01 1.455837E+00 4.634730E-02 3.741090E-02 4.053683E-02 4.432290E-02 1.294387E-01 1.131727E-01 7.756338E-02 3.420850E-02 1.694946E-02
76 1.387500E+01 5.178571E-01 1.455829E+00 4.634730E-02 3.741090E-02 4.053683E-02 4.432290E-02 1.294387E-01 1.131727E-01 7.756338E-02 3.420850E-02 1.694946E-02
77 1.439286E+01 5.178571E-01 1.455836E+00 4.634730E-02 3.741090E-02 4.053683E-02 4.432290E-02 1.294387E-01 1.131727E-01 7.756338E-02 3.420850E-02 1.694946E-02
78 1.491071E+01 5.178571E-01 1.455851E+00 4.634730E-02 3.741090E-02 4.053683E-02 4.432290E-02 1.294387E-01 1.131727E-01 7.756338E-02 3.420850E-02 1.694946E-02
79 1.542857E+01 5.178571E-01 1.455864E+00 4.634730E-02 3.741090E-02 4.053683E-02 4.432290E-02 1.294387E-01 1.131727E-01 7.756338E-02 3.420850E-02 1.694946E-02
80 1.594643E+01 5.178571E-01 1.455871E+00 4.634730E-02 3.741090E-02 4.053683E-02 4.432290E-02 1.294387E-01 1.131727E-01 7.756338E-02 3.420850E-02 1.694946E-02
81 1.646429E+01 5.178571E-01 1.455870E+00 4.634730E-02 3.741090E-02 4.053683E-02 4.432290E-02 1.294387E-01 1.131727E-01 7.756338E-02 3.420850E-02 1.694946E-02
82 1.698214E+01 5.178571E-01 1.455867E+00 4.634730E-02 3.741090E-02 4.053683E-02 4.432290E-02 1.294387E-01 1.131727E-01 7.756338E-02 3.420850E-02 1.694946E-02
83 1.750000E+01 5.178571E-01 1.455862E+00 4.634730E-02 3.741090E-02 4.053683E-02 4.432290E-02 1.294387E-01 1.131727E-01 7.756338E-02 3.420850E-02 1.694946E-02
84 1.801786E+01 5.178571E-01 1.455857E+00 4.634730E-02 3.741090E-02 4.053683E-02 4.432290E-02 1.294387E-01 1.131727E-01 7.756338E-02 3.420850E-02 1.694946E-02
85 1.853571E+01 5.178571E-01 1.455855E+00 4.634730E-02 3.741090E-02 4.053683E-02 4.432290E-02 1.294387E-01 1.131727E-01 7.756338E-02 3.420850E-02 1.694946E-02
86 1.905357E+01 5.178571E-01 1.455854E+00 4.634730E-02 3.741090E-02 4.053683E-02 4.432290E-02 1.294387E-01 1.131727E-01 7.756338E-02 3.420850E-02 1.694946E-02
87 1.957143E+01 5.178571E-01 1.455856E+00 4.634730E-02 3.741090E-02 4.053683E-02 4.432290E-02 1.294387E-01 1.131727E-01 7.756338E-02 3.420850E-02 1.694946E-02
88 2.008929E+01 5.178571E-01 1.455859E+00 4.634730E-02 3.741090E-02 4.053683E-02 4.432290E-02 1.294387E-01 1.131727E-01 7.756338E-02 3.420850E-02 1.694946E-02
89 2.060714E+01 5.178571E-01 1.455861E+00 4.634730E-02 3.741090E-02 4.053683E-02 4.432290E-02 1.294387E-01 1.131727E-01 7.756338E-02 3.420850E-02 1.694946E-02
90 2.112500E+01 5.178571E-01 1.455861E+00 4.634730E-02 3.741090E-02 4.053683E-02 4.432290E-02 1.294387E-01 1.131727E-01 7.756338E-02 3.420850E-02 1.694946E-02
91 2.164286E+01 5.178571E-01 1.455861E+00 4.634730E-02 3.741090E-02 4.053683E-02 4.432290E-02 1.294387E-01 1.131727E-01 7.756338E-02 3.420850E-02 1.694946E-02
92 2.216071E+01 5.178571E-01 1.455860E+00 4.634730E-02 3.741090E-02 4.053683E-02 4.432290E-02 1.294387E-01 1.131727E-01 7.756338E-02 3.420850E-02 1.694946E-02
93 2.267857E+01 5.178571E-01 1.455859E+00 4.634730E-02 3.741090E-02 4.053683E-02 4.432290E-02 1.294387E-01 1.131727E-01 7.756338E-02 3.420850E-02 1.694946E-02
94 2.319643E+01 5.178571E-01 1.455859E+00 4.634730E-02 3.741090E-02 4.053683E-02 4.432290E-02 1.294387E-01 1.131727E-01 7.756338E-02 3.420850E-02 1.694946E-02
95 2.371429E+01 5.178571E-01 1.455858E+00 4.634730E-02 3.741090E-02 4.053683E-02 4.432290E-02 1.294387E-01 1.131727E-01 7.756338E-02 3.420850E-02 1.694946E-02
96 2.423214E+01 5.178571E-01 1.455859E+00 4.634730E-02 3.741090E-02 4.053683E-02 4.432290E-02 1.294387E-01 1.131727E-01 7.756338E-02 3.420850E-02 1.694946E-02
97 2.475000E+01 5.178571E-01 1.455859E+00 4.634730E-02 3.741090E-02 4.053683E-02 4.432290E-02 1.294387E-01 1.131727E-01 7.756338E-02 3.420850E-02 1.694946E-02
98 2.526786E+01 5.178571E-01 1.455859E+00 4.634730E-02 3.741090E-02 4.053683E-02 4.432290E-02 1.294387E-01 1.131727E-01 7.756338E-02 3.420850E-02 1.694946E-02
99 2.578571E+01 5.178571E-01 1.455860E+00 4.634730E-02 3.741090E-02 4.053683E-02 4.432290E-02 1.294387E-01 1.131727E-01 7.756338E-02 3.420850E-02 1.694946E-02
100 2.630357E+01 5.178571E-01 1.455860E+00 4.634730E-02 3.741090E-02 4.053683E-02 4.432290E-02 1.294387E-01 1.131727E-01 7.756338E-02 3.420850E-02 1.694946E-02
101 2.682143E+01 5.178571E-01 1.455860E+00 4.634730E-02 3.741090E-02 4.053683E-02 4.432290E-02 1.294387E-01 1.131727E-01 7.756338E-02 3.420850E-02 1.694946E-02
102 2.733929E+01 5.178571E-01 1.455859E+00 4.634730E-02 3.741090E-02 4.053683E-02 4.432290E-02 1.294387E-01 1.131727E-01 7.756338E-02 3.420850E-02 1.694946E-02
103 2.785714E+01 5.178571E-01 1.455859E+00 4.634730E-02 3.741090E-02 4.053683E-02 4.432290E-02 1.294387E-01 1.131727E-01 7.756338E-02 3.420850E-02 1.694946E-02
104 2.837500E+01 5.178571E-01 1.455859E+00 4.634730E-02 3.741090E-02 4.053683E-02 4.432290E-02 1.294387E-01 1.131727E-01 7.756338E-02 3.420850E-02 1.694946E-02
105 2.889286E+01 5.178571E-01 1.455859E+00 4.634730E-02 3.741090E-02 4.053683E-02 4.432290E-02 1.294387E-01 1.131727E-01 7.756338E-02 3.420850E-02 1.694946E-02
106 2.941071E+01 5.178571E-01 1.455859E+00 4.634730E-02 3.741090E-02 4.053683E-02 4.432290E-02 1.294387E-01 1.131727E-01 7.756338E-02 3.420850E-02 1.694946E-02
107 2.992857E+01 5.178571E-01 1.455859E+00 4.634730E-02 3.741090E-02 4.053683E-02 4.432290E-02 1.294387E-01 1.131727E-01 7.756338E-02 3.420850E-02 1.694946E-02
108 3.044643E+01 5.178571E-01 1.455859E+00 4.634730E-02 3.741090E-02 4.053683E-02 4.432290E-02 1.294387E-01 1.131727E-01 7.756338E-02 3.420850E-02 1.694946E-02
109 3.096429E+01 5.178571E-01 1.455859E+00 4.634730E-02 3.741090E-02 4.053683E-02 4.432290E-02 1.294387E-01 1.131727E-01 7.756338E-02 3.420850E-02 1.694946E-02
110 3.148214E+01 5.178571E-01 1.455859E+00 4.634730E-02 3.741090E-02 4.053683E-02 4.432290E-02 1.294387E-01 1.131727E-01 7.756338E-02 3.420850E-02 1.694946E-02
111 3.200000E+01 5.178571E-01 1.455859E+00 4.634730E-02 3.741090E-02 4.053683E-02 4.432290E-02 1.294387E-01 1.131727E-01 7.756338E-02 3.420850E-02 1.694946E-02
112 3.251786E+01 5.178571E-01 1.455859E+00 4.634730E-02 3.741090E-02 4.053683E-02 4.432290E-02 1.294387E-01 1.131727E-01 7.756338E-02 3.420850E-02 1.694946E-02
113 3.303571E+01 5.178571E-01 1.455859E+00 4.634730E-02 3.741090E-02 4.053683E-02 4.432290E-02 1.294387E-01 1.131727E-01 7.756338E-02 3.420850E-02 1.694946E-02
114 3.355357E+01 5.178571E-01 1.455859E+00 4.634730E-02 3.741090E-02 4.053683E-02 4.432290E-02 1.294387E-01 1.131727E-01 7.756338E-02 3.420850E-02 1.694946E-02
115 3.407143E+01 5.178571E-01 1.455859E+00 4.634730E-02 3.741090E-02 4.053683E-02 4.432290E-02 1.294387E-01 1.131727E-01 7.756338E-02 3.420850E-02 1.694946E-02
116 3.458929E+01 5.178571E-01 1.455859E+00 4.634730E-02 3.741090E-02 4.053683E-02 4.432290E-02 1.294387E-01 1.131727E-01 7.756338E-02 3.420850E-02 1.694946E-02
117 3.510714E+01 5.178571E-01 1.455859E+00 4.634730E-02 3.741090E-02 4.053683E-02 4.432290E-02 1.294387E-01 1.131727E-01 7.756338E-02 3.420850E-02 1.694946E-02
118 3.562500E+01 5.178571E-01 1.455859E+00 4.634730E-02 3.741090E-02 4.053683E-02 4.432290E-02 1.294387E-01 1.131727E-01 7.756338E-02 3.420850E-02 1.694946E-02
119 3.614286E+01 5.178571E-01 1.455859E+00 4.634730E-02 3.741090E-02 4.053683E-02 4.432290E-02 1.294387E-01 1.131727E-01 7.756338E-02 3.420850E-02 1.694946E-02
120 3.666071E+01 5.178571E-01 1.455859E+00 4.634730E-02 3.741090E-02 4.053683E-02 4.432290E-02 1.294387E-01 1.131727E-01 7.756338E-02 3.420850E-02 1.694946E-02
121 3.717857E+01 5.178571E-01 1.455859E+00 4.634730E-02 3.741090E-02 4.053683E-02 4.432290E-02 1.294387E-01 1.131727E-01 7.756338E-02 3.420850E-02 1.694946E-02
122 3.769643E+01 5.178571E-01 1.455859E+00 4.634730E-02 3.741090E-02 4.053683E-02 4.432290E-02 1.294387E-01 1.131727E-01 7.756338E-02 3.420850E-02 1.694946E-02
123 3.821429E+01 5.178571E-01 1.455859E+00 4.634730E-02 3.741090E-02 4.053683E-02 4.432290E-02 1.294387E-01 1.131727E-01 7.756338E-02 3.420850E-02 1.694946E-02
124 3.873214E+01 5.178571E-01 1.455859E+00 4.634730E-02 3.741090E-02 4.053683E-02 4.432290E-02 1.294387E-01 1.131727E-01 7.756338E-02 3.420850E-02 1.694946E-02
125 3.925000E+01 5.178571E-01 1.455859E+00 4.634730E-02 3.741090E-02 4.053683E-02 4.432290E-02 1.294387E-01 1.131727E-01 7.756338E-02 3.420850E-02 1.694946E-02
126 3.976786E+01 5.178571E-01 1.455859E+00 4.634730E-02 3.741090E-02 4.053683E-02 4.432290E-02 1.294387E-01 1.131727E-01 7.756338E-02 3.420850E-02 1.694946E-02
127 4.028571E+01 5.178571E-01 1.455859E+00 4.634730E-02 3.741090E-02 4.053683E-02 4.432290E-02 1.294387E-01 1.131727E-01 7.756338E-02 3.420850E-02 1.694946E-02
128 4.080357E+01 5.178571E-01 1.455859E+00 4.634730E-02 3.741090E-02 4.053683E-02 4.432290E-02 1.294387E-01 1.131727E-01 7.756338E-02 3.420850E-02 1.694946E-02
129 4.132143E+01 5.178571E-01 1.455859E+00 4.634730E-02 3.741090E-02 4.053683E-02 4.432290E-02 1.294387E-01 1.131727E-01 7.756338E-02 3.420850E-02 1.694946E-02
130 4.183929E+01 5.178571E-01 1.455859E+00 4.634730E-02 3.741090E-02 4.053683E-02 4.432290E-02 1.294387E-01 1.131727E-01 7.756338E-02 3.420850E-02 1.694946E-02
131 4.235714E+01 5.178571E-01 1.455859E+00 4.634730E-02 3.741090E-02 4.053683E-02 4.432290E-02 1.294387E-01 1.131727E-01 7.756338E-02 3.420850E-02 1.694946E-02
132 4.287500E+01 5.178571E-01 1.455859E+00 4.634730E-02 3.741090E-02 4.053683E-02 4.432290E-02 1.294387E-01 1.131727E-01 7.756338E-02 3.420850E-02 1.694946E-02
133 4.339286E+01 5.178571E-01 1.455859E+00 4.634730E-02 3.741090E-02 4.053683E-02 4.432290E-02 1.294387E-01 1.131727E-01 7.756338E-02 3.420850E-02 1.694946E-02
134 4.391071E+01 5.178571E-01 1.455859E+00 4.634730E-02 3.741090E-02 4.053683E-02 4.432290E-02 1.294387E-01 1.131727E-01 7.756338E-02 3.420850E-02 1.694946E-02
135 4.442857E+01 5.178571E-01 1.455859E+00 4.634730E-02 3.741090E-02 4.053683E-02 4.432290E-02 1.294387E-01 1.131727E-01 7.756338E-02 3.420850E-02 1.694946E-02
136 4.494643E+01 5.178571E-01 1.455859E+00 4.634730E-02 3.741090E-02 4.053683E-02 4.432290E-02 1.294387E-01 1.131727E-01 7.756338E-02 3.420850E-02 1.694946E-02
137 4.546429E+01 5.178571E-01 1.455859E+00 4.634730E-02 3.741090E-02 4.053683E-02 4.432290E-02 1.294387E-01 1.131727E-01 7.756338E-02 3.420850E-02 1.694946E-02
138 4.598214E+01 5.178571E-01 1.455859E+00 4.634730E-02 3.741090E-02 4.053683E-02 4.432290E-02 1.294387E-01 1.131727E-01 7.756338E-02 3.420850E-02 1.694946E-02
139 4.650000E+01 5.178571E-01 1.455859E+00 4.634730E-02 3.741090E-02 4.053683E-02 4.432290E-02 1.294387E-01 1.131727E-01 7.756338E-02 3.420850E-02 1.694946E-02
140 4.701786E+01 5.178571E-01 1.455859E+00 4.634730E-02 3.741090E-02 4.053683E-02 4.432290E-02 1.294387E-01 1.131727E-01 7.756338E-02 3.420850E-02 1.694946E-02
141 4.753571E+01 5.178571E-01 1.455859E+00 4.634730E-02 3.741090E-02 4.053683E-02 4.432290E-02 1.294387E-01 1.131727E-01 7.756338E-02 3.420850E-02 1.694946E-02
142 4.805357E+01 5.178571E-01 1.455859E+00 4.634730E-02 3.741090E-02 4.053683E-02 4.432290E-02 1.294387E-01 1.131727E-01 7.756338E-02 3.420850E-02 1.694946E-02
143 4.857143E+01 5.178571E-01 1.455859E+00 4.634730E-02 3.741090E-02 4.053683E-02 4.432290E-02 1.294387E-01 1.131727E-01 7.756338E-02 3.420850E-02 1.694946E-02
144 4.908929E+01 5.178571E-01 1.455859E+00 4.634730E-02 3.741090E-02 4.053683E-02 4.432290E-02 1.294387E-01 1.131727E-01 7.756338E-02 3.420850E-02 1.694946E-02
145 4.960714E+01 5.178571E-01 1.455859E+00 4.634730E-02 3.741090E-02 4.053683E-02 4.432290E-02 1.294387E-01 1.131727E-01 7.756338E-02 3.420850E-02 1.694946E-02
146 5.012500E+01 5.178571E-01 1.455859E+00 4.634730E-02 3.741090E-02 4.053683E-02 4.432290E-02 1.294387E-01 1.131727E-01 7.756338E-02 3.420850E-02 1.694946E-02
147 5.064286E+01 5.178571E-01 1.455859E+00 4.634730E-02 3.741090E-02 4.053683E-02 4.432290E-02 1.294387E-01 1.131727E-01 7.756338E-02 3.420850E-02 1.694946E-02
148 5.116071E+01 5.178571E-01 1.455859E+00 4.634730E-02 3.741090E-02 4.053683E-02 4.432290E-02 1.294387E-01 1.131727E-01 7.756338E-02 3.420850E-02 1.694946E-02
149 5.167857E+01 5.178571E-01 1.455859E+00 4.634730E-02 3.741090E-02 4.053683E-02 4.432290E-02 1.294387E-01 1.131727E-01 7.756338E-02 3.420850E-02 1.694946E-02
150 5.219643E+01 5.178571E-01 1.455859E+00 4.634730E-02 3.741090E-02 4.053683E-02 4.432290E-02 1.294387E-01 1.131727E-01 7.756338E-02 3.420850E-02 1.694946E-02
151 5.271429E+01 5.178571E-01 1.455859E+00 4.634730E-02 3.741090E-02 4.053683E-02 4.432290E-02 1.294387E-01 1.131727E-01 7.756338E-02 3.420850E-02 1.694946E-02
152 5.323214E+01 5.178571E-01 1.455859E+00 4.634730E-02 3.741090E-02 4.053683E-02 4.432290E-02 1.294387E-01 1.131727E-01 7.756338E-02 3.420850E-02 1.694946E-02
153 5.375000E+01 5.178571E-01 1.455859E+00 4.634730E-02 3.741090E-02 4.053683E-02 4.432290E-02 1.294387E-01 1.131727E-01 7.756338E-02 3.420850E-02 1.694946E-02
154 5.426786E+01 5.178571E-01 1.455859E+00 4.634730E-02 3.741090E-02 4.053683E-02 4.432290E-02 1.294387E-01 1.131727E-01 7.756338E-02 3.420850E-02 1.694946E-02
155 5.478571E+01 5.178571E-01 1.455859E+00 4.634730E-02 3.741090E-02 4.053683E-02 4.432290E-02 1.294387E-01 1.131727E-01 7.756338E-02 3.420850E-02 1.694946E-02
156 5.530357E+01 5.178571E-01 1.455859E+00 4.634730E-02 3.741090E-02 4.053683E-02 4.432290E-02 1.294387E-01 1.131727E-01 7.756338E-02 3.420850E-02 1.694946E-02
157 5.582143E+01 5.178571E-01 1.455859E+00 4.634730E-02 3.741090E-02 4.053683E-02 4.432290E-02 1.294387E-01 1.131727E-01 7.756338E-02 3.420850E-02 1.694946E-02
158 5.633929E+01 5.178571E-01 1.455859E+00 4.634730E-02 3.741090E-02 4.053683E-02 4.432290E-02 1.294387E-01 1.131727E-01 7.756338E-02 3.420850E-02 1.694946E-02
159 5.685714E+01 5.178571E-01 1.455859E+00 4.634730E-02 3.741090E-02 4.053683E-02 4.432290E-02 1.294387E-01 1.131727E-01 7.756338E-02 3.420850E-02 1.694946E-02
160 5.737500E+01 5.178571E-01 1.455859E+00 4.634730E-02 3.741090E-02 4.053683E-02 4.432290E-02 1.294387E-01 1.131727E-01 7.756338E-02 3.420850E-02 1.694946E-02
161 5.789286E+01 5.178571E-01 1.455859E+00 4.634730E-02 3.741090E-02 4.053683E-02 4.432290E-02 1.294387E-01 1.131727E-01 7.756338E-02 3.420850E-02 1.694946E-02
162 5.841071E+01 5.178571E-01 1.455859E+00 4.634730E-02 3.741090E-02 4.053683E-02 4.432290E-02 1.294387E-01 1.131727E-01 7.756338E-02 3.420850E-02 1.694946E-02
163 5.892857E+01 5.178571E-01 1.455859E+00 4.634730E-02 3.741090E-02 4.053683E-02 4.432290E-02 1.294387E-01 1.131727E-01 7.756338E-02 3.420850E-02 1.694946E-02
164 5.944643E+01 5.178571E-01 1.455859E+00 4.634730E-02 3.741090E-02 4.053683E-02 4.432290E-02 1.294387E-01 1.131727E-01 7.756338E-02 3.420850E-02 1.694946E-02
165 5.996429E+01 5.178571E-01 1.455859E+00 4.634730E-02 3.741090E-02 4.053683E-02 4.432290E-02 1.294387E-01 1.131727E-01 7.756338E-02 3.420850E-02 1.694946E-02
166 6.048214E+01 5.178571E-01 1.455859E+00 4.634730E-02 3.741090E-02 4.053683E-02 4.432290E-02 1.294387E-01 1.131727E-01 7.756338E-02 3.420850E-02 1.694946E-02
167 6.100000E+01 5.178571E-01 1.455859E+00 4.634730E-02 3.741090E-02 4.053683E-02 4.432290E-02 1.294387E-01 1.131727E-01 7.756338E-02 3.420850E-02 1.694946E-02
168 6.151786E+01 5.178571E-01 1.455859E+00 4.634730E-02 3.741090E-02 4.053683E-02 4.432290E-02 1.294387E-01 1.131727E-01 7.756338E-02 3.420850E-02 1.694946E-02
169 6.203571E+01 5.178571E-01 1.455859E+00 4.634730E-02 3.741090E-02 4.053683E-02 4.432290E-02 1.294387E-01 1.131727E-01 7.756338E-02 3.420850E-02 1.694946E-02
170 6.255357E+01 5.178571E-01 1.455859E+00 4.634730E-02 3.741090E-02 4.053683E-02 4.432290E-02 1.294387E-01 1.131727E-01 7.756338E-02 3.420850E-02 1.694946E-02
171 6.307143E+01 5.178571E-01 1.455859E+00 4.634730E-02 3.741090E-02 4.053683E-02 4.432290E-02 1.294387E-01 1.131727E-01 7.756338E-02 3.420850E-02 1.694946E-02
172 6.358929E+01 5.178571E-01 1.455859E+00 4.634730E-02 3.741090E-02 4.053683E-02 4.432290E-02 1.294387E-01 1.131727E-01 7.756338E-02 3.420850E-02 1.694946E-02
173 6.410714E+01 5.178571E-01 1.455859E+00 4.634730E-02 3.741090E-02 4.053683E-02 4.432290E-02 1.294387E-01 1.131727E-01 7.756338E-02 3.420850E-02 1.694946E-02
174 6.462500E+01 5.178571E-01 1.455859E+00 4.634730E-02 3.741090E-02 4.053683E-02 4.432290E-02 1.294387E-01 1.131727E-01 7.756338E-02 3.420850E-02 1.694946E-02
175 6.514286E+01 5.178571E-01 1.455859E+00 4.634730E-02 3.741090E-02 4.053683E-02 4.432290E-02 1.294387E-01 1.131727E-01 7.756338E-02 3.420850E-02 1.694946E-02
176 6.566071E+01 5.178571E-01 1.455859E+00 4.634730E-02 3.741090E-02 4.053683E-02 4.432290E-02 1.294387E-01 1.131727E-01 7.756338E-02 3.420850E-02 1.694946E-02
177 6.617857E+01 5.178571E-01 1.455859E+00 4.634730E-02 3.741090E-02 4.053683E-02 4.432290E-02 1.294387E-01 1.131727E-01 7.756338E-02 3.420850E-02 1.694946E-02
178 6.669643E+01 5.178571E-01 1.455859E+00 4.634730E-02 3.741090E-02 4.053683E-02 4.432290E-02 1.294387E-01 1.131727E-01 7.756338E-02 3.420850E-02 1.694946E-02
179 6.721429E+01 5.178571E-01 1.455859E+00 4.634730E-02 3.741090E-02 4.053683E-02 4.432290E-02 1.294387E-01 1.131727E-01 7.756338E-02 3.420850E-02 1.694946E-02
180 6.773214E+01 5.178571E-01 1.455859E+00 4.634730E-02 3.741090E-02 4.053683E-02 4.432290E-02 1.294387E-01 1.131727E-01 7.756338E-02 3.420850E-02 1.694946E-02
181 6.825000E+01 5.178571E-01 1.455859E+00 4.634730E-02 3.741090E-02 4.053683E-02 4.432290E-02 1.294387E-01 1.131727E-01 7.756338E-02 3.420850E-02 1.694946E-02
182 6.876786E+01 5.178571E-01 1.455859E+00 4.634730E-02 3.741090E-02 4.053683E-02 4.432290E-02 1.294387E-01 1.131727E-01 7.756338E-02 3.420850E-02 1.694946E-02
183 6.928571E+01 5.178571E-01 1.455859E+00 4.634730E-02 3.741090E-02 4.053683E-02 4.432290E-02 1.294387E-01 1.131727E-01 7.756338E-02 3.420850E-02 1.694946E-02
184 6.980357E+01 5.178571E-01 1.455859E+00 4.634730E-02 3.741090E-02 4.053683E-02 4.432290E-02 1.294387E-01 1.131727E-01 7.756338E-02 3.420850E-02 1.694946E-02
185 7.032143E+01 5.178571E-01 1.455859E+00 4.634730E-02 3.741090E-02 4.053683E-02 4.432290E-02 1.294387E-01 1.131727E-01 7.756338E-02 3.420850E-02 1.694946E-02
186 7.083929E+01 5.178571E-01 1.455859E+00 4.634730E-02 3.741090E-02 4.053683E-02 4.432290E-02 1.294387E-01 1.131727E-01 7.756338E-02 3.420850E-02 1.694946E-02
187 7.135714E+01 5.178571E-01 1.455859E+00 4.634730E-02 3.741090E-02 4.053683E-02 4.432290E-02 1.294387E-01 1.131727E-01 7.756338E-02 3.420850E-02 1.694946E-02
188 7.187500E+01 5.178571E-01 1.455859E+00 4.634730E-02 3.741090E-02 4.053683E-02 4.432290E-02 1.294387E-01 1.131727E-01 7.756338E-02 3.420850E-02 1.694946E-02
189 7.239286E+01 5.178571E-01 1.455859E+00 4.634730E-02 3.741090E-02 4.053683E-02 4.432290E-02 1.294387E-01 1.131727E-01 7.756338E-02 3.420850E-02 1.694946E-02
190 7.291071E+01 5.178571E-01 1.455859E+00 4.634730E-02 3.741090E-02 4.053683E-02 4.432290E-02 1.294387E-01 1.131727E-01 7.756338E-02 3.420850E-02 1.694946E-02
191 7.342857E+01 5.178571E-01 1.455859E+00 4.634730E-02 3.741090E-02 4.053683E-02 4.432290E-02 1.294387E-01 1.131727E-01 7.756338E-02 3.420850E-02 1.694946E-02
192 7.394643E+01 5.178571E-01 1.455859E+00 4.634730E-02 3.741090E-02 4.053683E-02 4.432290E-02 1.294387E-01 1.131727E-01 7.756338E-02 3.420850E-02 1.694946E-02
193 7.446429E+01 5.178571E-01 1.455859E+00 4.634730E-02 3.741090E-02 4.053683E-02 4.432290E-02 1.294387E-01 1.131727E-01 7.756338E-02 3.420850E-02 1.694946E-02
194 7.498214E+01 5.178571E-01 1.455859E+00 4.634730E-02 3.741090E-02 4.053683E-02 4.432290E-02 1.294387E-01 1.131727E-01 7.756338E-02 3.420850E-02 1.694946E-02
195 7.550000E+01 5.178571E-01 1.455859E+00 4.634730E-02 3.741090E-02 4.053683E-02 4.432290E-02 1.294387E-01 1.131727E-01 7.756338E-02 3.420850E-02 1.694946E-02
196 7.601786E+01 5.178571E-01 1.455859E+00 4.634730E-02 3.741090E-02 4.053683E-02 4.432290E-02 1.294387E-01 1.131727E-01 7.756338E-02 3.420850E-02 1.694946E-02
197 7.653571E+01 5.178571E-01 1.455859E+00 4.634730E-02 3.741090E-02 4.053683E-02 4.432290E-02 1.294387E-01 1.131727E-01 7.756338E-02 3.420850E-02 1.694946E-02
198 7.705357E+01 5.178571E-01 1.455859E+00 4.634730E-02 3.741090E-02 4.053683E-02 4.432290E-02 1.294387E-01 1.131727E-01 7.756338E-02 3.420850E-02 1.694946E-02
199 7.757143E+01 5.178571E-01 1.455859E+00 4.634730E-02 3.741090E-02 4.053683E-02 4.432290E-02 1.294387E-01 1.131727E-01 7.756338E-02 3.420850E-02 1.694946E-02
200 7.808929E+01 5.178571E-01 1.455859E+00 4.634730E-02 3.741090E-02 4.053683E-02 4.432290E-02 1.294387E-01 1.131727E-01 7.756338E-02 3.420850E-02 1.694946E-02
201 7.860714E+01 5.178571E-01 1.455859E+00 4.634730E-02 3.741090E-02 4.053683E-02 4.432290E-02 1.294387E-01 1.131727E-01 7.756338E-02 3.420850E-02 1.694946E-02
202 7.912500E+01 5.178571E-01 1.455859E+00 4.634730E-02 3.741090E-02 4.053683E-02 4.432290E-02 1.294387E-01 1.131727E-01 7.756338E-02 3.420850E-02 1.694946E-02
203 7.964286E+01 5.178571E-01 1.455859E+00 4.634730E-02 3.741090E-02 4.053683E-02 4.432290E-02 1.294387E-01 1.131727E-01 7.756338E-02 3.420850E-02 1.694946E-02
204 8.016071E+01 5.178571E-01 1.455859E+00 4.634730E-02 3.741090E-02 4.053683E-02 4.432290E-02 1.294387E-01 1.131727E-01 7.756338E-02 3.420850E-02 1.694946E-02
205 8.067857E+01 5.178571E-01 1.455859E+00 4.634730E-02 3.741090E-02 4.053683E-02 4.432290E-02 1.294387E-01 1.131727E-01 7.756338E-02 3.420850E-02 1.694946E-02
206 8.119643E+01 5.178571E-01 1.455859E+00 4.634730E-02 3.741090E-02 4.053683E-02 4.432290E-02 1.294387E-01 1.131727E-01 7.756338E-02 3.420850E-02 1.694946E-02
207 8.171429E+01 5.178571E-01 1.455859E+00 4.634730E-02 3.741090E-02 4.053683E-02 4.432290E-02 1.294387E-01 1.131727E-01 7.756338E-02 3.420850E-02 1.694946E-02
208 8.223214E+01 5.178571E-01 1.455859E+00 4.634730E-02 3.741090E-02 4.053683E-02 4.432290E-02 1.294387E-01 1.131727E-01 7.756338E-02 3.420850E-02 1.694946E-02
209 8.275000E+01 5.178571E-01 1.455859E+00 4.634730E-02 3.741090E-02 4.053683E-02 4.432290E-02 1.294387E-01 1.131727E-01 7.756338E-02 3.420850E-02 1.694946E-02
210 8.326786E+01 5.178571E-01 1.455859E+00 4.634730E-02 3.741090E-02 4.053683E-02 4.432290E-02 1.294387E-01 1.131727E-01 7.756338E-02 3.420850E-02 1.694946E-02
211 8.378571E+01 5.178571E-01 1.455859E+00 4.634730E-02 3.741090E-02 4.053683E-02 4.432290E-02 1.294387E-01 1.131727E-01 7.756338E-02 3.420850E-02 1.694946E-02
212 8.430357E+01 5.178571E-01 1.455859E+00 4.634730E-02 3.741090E-02 4.053683E-02 4.432290E-02 1.294387E-01 1.131727E-01 7.756338E-02 3.420850E-02 1.694946E-02
213 8.482143E+01 5.178571E-01 1.455859E+00 4.634730E-02 3.741090E-02 4.053683E-02 4.432290E-02 1.294387E-01 1.131727E-01 7.756338E-02 3.420850E-02 1.694946E-02
214 8.533929E+01 5.178571E-01 1.455859E+00 4.634730E-02 3.741090E-02 4.053683E-02 4.432290E-02 1.294387E-01 1.131727E-01 7.756338E-02 3.420850E-02 1.694946E-02
215 8.585714E+01 5.178571E-01 1.455859E+00 4.634730E-02 3.741090E-02 4.053683E-02 4.432290E-02 1.294387E-01 1.131727E-01 7.756338E-02 3.420850E-02 1.694946E-02
216 8.637500E+01 5.178571E-01 1.455859E+00 4.634730E-02 3.741090E-02 4.053683E-02 4.432290E-02 1.294387E-01 1.131727E-01 7.756338E-02 3.420850E-02 1.694946E-02
217 8.689286E+01 5.178571E-01 1.455859E+00 4.634730E-02 3.741090E-02 4.053683E-02 4.432290E-02 1.294387E-01 1.131727E-01 7.756338E-02 3.420850E-02 1.694946E-02
218 8.741071E+01 5.178571E-01 1.455859E+00 4.634730E-02 3.741090E-02 4.053683E-02 4.432290E-02 1.294387E-01 1.131727E-01 7.756338E-02 3.420850E-02 1.694946E-02
219 8.792857E+01 5.178571E-01 1.455859E+00 4.634730E-02 3.741090E-02 4.053683E-02 4.432290E-02 1.294387E-01 1.131727E-01 7.756338E-02 3.420850E-02 1.694946E-02
220 8.844643E+01 5.178571E-01 1.455859E+00 4.634730E-02 3.741090E-02 4.053683E-02 4.432290E-02 1.294387E-01 1.131727E-01 7.756338E-02 3.420850E-02 1.694946E-02
221 8.896429E+01 5.178571E-01 1.455859E+00 4.634730E-02 3.741090E-02 4.053683E-02 4.432290E-02 1.294387E-01 1.131727E-01 7.756338E-02 3.420850E-02 1.694946E-02
222 8.948214E+01 5.178571E-01 1.455859E+00 4.634730E-02 3.741090E-02 4.053683E-02 4.432290E-02 1.294387E-01 1.131727E-01 7.756338E-02 3.420850E-02 1.694946E-02
223 9.000000E+01 5.178571E-01 1.455859E+00 4.634730E-02 3.741090E-02 4.053683E-02 4.432290E-02 1.294387E-01 1.131727E-01 7.756338E-02 3.420850E-02 1.694946E-02
224 9.051786E+01 5.178571E-01 1.455859E+00 4.634730E-02 3.741090E-02 4.053683E-02 4.432290E-02 1.294387E-01 1.131727E-01 7.756338E-02 3.420850E-02 1.694946E-02
225 9.103571E+01 5.178571E-01 1.455859E+00 4.634730E-02 3.741090E-02 4.053683E-02 4.432290E-02 1.294387E-01 1.131727E-01 7.756338E-02 3.420850E-02 1.694946E-02
226 9.155357E+01 5.178571E-01 1.455859E+00 4.634730E-02 3.741090E-02 4.053683E-02 4.432290E-02 1.294387E-01 1.131727E-01 7.756338E-02 3.420850E-02 1.694946E-02
227 9.207143E+01 5.178571E-01 1.455859E+00 4.634730E-02 3.741090E-02 4.053683E-02 4.432290E-02 1.294387E-01 1.131727E-01 7.756338E-02 3.420850E-02 1.694946E-02
228 9.258929E+01 5.178571E-01 1.455859E+00 4.634730E-02 3.741090E-02 4.053683E-02 4.432290E-02 1.294387E-01 1.131727E-01 7.756338E-02 3.420850E-02 1.694946E-02
229 9.310714E+01 5.178571E-01 1.455859E+00 4.634730E-02 3.741090E-02 4.053683E-02 4.432290E-02 1.294387E-01 1.131727E-01 7.756338E-02 3.420850E-02 1.694946E-02
230 9.362500E+01 5.178571E-01 1.455859E+00 4.634730E-02 3.741090E-02 4.053683E-02 4.432290E-02 1.294387E-01 1.131727E-01 7.756338E-02 3.420850E-02 1.694946E-02
231 9.414286E+01 5.178571E-01 1.455859E+00 4.634730E-02 3.741090E-02 4.053683E-02 4.432290E-02 1.294387E-01 1.131727E-01 7.756338E-02 3.420850E-02 1.694946E-02
232 9.466071E+01 5.178571E-01 1.455859E+00 4.634730E-02 3.741090E-02 4.053683E-02 4.432290E-02 1.294387E-01 1.131727E-01 7.756338E-02 3.420850E-02 1.694946E-02
233 9.517857E+01 5.178571E-01 1.455859E+00 4.634730E-02 3.741090E-02 4.053683E-02 4.432290E-02 1.294387E-01 1.131727E-01 7.756338E-02 3.420850E-02 1.694946E-02
234 9.569643E+01 5.178571E-01 1.455859E+00 4.634730E-02 3.741090E-02 4.053683E-02 4.432290E-02 1.294387E-01 1.131727E-01 7.756338E-02 3.420850E-02 1.694946E-02
235 9.621429E+01 5.178571E-01 1.455859E+00 4.634730E-02 3.741090E-02 4.053683E-02 4.432290E-02 1.294387E-01 1.131727E-01 7.756338E-02 3.420850E-02 1.694946E-02
236 9.673214E+01 5.178571E-01 1.455859E+00 4.634730E-02 3.741090E-02 4.053683E-02 4.432290E-02 1.294387E-01 1.131727E-01 7.756338E-02 3.420850E-02 1.694946E-02
237 9.725000E+01 5.178571E-01 1.455859E+00 4.634730E-02 3.741090E-02 4.053683E-02 4.432290E-02 1.294387E-01 1.131727E-01 7.756338E-02 3.420850E-02 1.694946E-02
238 9.776786E+01 5.178571E-01 1.455859E+00 4.634730E-02 3.741090E-02 4.053683E-02 4.432290E-02 1.294387E-01 1.131727E-01 7.756338E-02 3.420850E-02 1.694946E-02
239 9.828571E+01 5.178571E-01 1.455859E+00 4.634730E-02 3.741090E-02 4.053683E-02 4.432290E-02 1.294387E-01 1.131727E-01 7.756338E-02 3.420850E-02 1.694946E-02
240 9.880357E+01 5.178571E-01 1.455859E+00 4.634730E-02 3.741090E-02 4.053683E-02 4.432290E-02 1.294387E-01 1.131727E-01 7.756338E-02 3.420850E-02 1.694946E-02
241 9.932143E+01 5.178571E-01 1.455859E+00 4.634730E-02 3.741090E-02 4.053683E-02 4.432290E-02 1.294387E-01 1.131727E-01 7.756338E-02 3.420850E-02 1.694946E-02
242 9.983929E+01 5.178571E-01 1.455859E+00 4.634730E-02 3.741090E-02 4.053683E-02 4.432290E-02 1.294387E-01 1.131727E-01 7.756338E-02 3.420850E-02 1.694946E-02
243 1.003571E+02 5.178571E-01 1.455859E+00 4.634730E-02 3.741090E-02 4.053683E-02 4.432290E-02 1.294387E-01 1.131727E-01 7.756338E-02 3.420850E-02 1.694946E-02
244 1.008750E+02 5.178571E-01 1.455859E+00 4.634730E-02 3.741090E-02 4.053683E-02 4.432290E-02 1.294387E-01 1.131727E-01 7.756338E-02 3.420850E-02 1.694946E-02
245 1.013929E+02 5.178571E-01 1.455859E+00 4.634730E-02 3.741090E-02 4.053683E-02 4.432290E-02 1.294387E-01 1.131727E-01 7.756338E-02 3.420850E-02 1.694946E-02
246 1.019107E+02 5.178571E-01 1.455859E+00 4.634730E-02 3.741090E-02 4.053683E-02 4.432290E-02 1.294387E-01 1.131727E-01 7.756338E-02 3.420850E-02 1.694946E-02
247 1.024286E+02 5.178571E-01 1.455859E+00 4.634730E-02 3.741090E-02 4.053683E-02 4.432290E-02 1.294387E-01 1.131727E-01 7.756338E-02 3.420850E-02 1.694946E-02
248 1.029464E+02 5.178571E-01 1.455859E+00 4.634730E-02 3.741090E-02 4.053683E-02 4.432290E-02 1.294387E-01 1.131727E-01 7.756338E-02 3.420850E-02 1.694946E-02
249 1.034643E+02 5.178571E-01 1.455859E+00 4.634730E-02 3.741090E-02 4.053683E-02 4.432290E-02 1.294387E-01 1.131727E-01 7.756338E-02 3.420850E-02 1.694946E-02
250 1.039821E+02 5.178571E-01 1.455859E+00 4.634730E-02 3.741090E-02 4.053683E-02 4.432290E-02 1.294387E-01 1.131727E-01 7.756338E-02 3.420850E-02 1.694946E-02
251 1.045000E+02 5.178571E-01 1.455859E+00 4.634730E-02 3.741090E-02 4.053683E-02 4.432290E-02 1.294387E-01 1.131727E-01 7.756338E-02 3.420850E-02 1.694946E-02
252 1.050179E+02 5.178571E-01 1.455859E+00 4.634730E-02 3.741090E-02 4.053683E-02 4.432290E-02 1.294387E-01 1.131727E-01 7.756338E-02 3.420850E-02 1.694946E-02
253 1.055357E+02 5.178571E-01 1.455859E+00 4.634730E-02 3.741090E-02 4.053683E-02 4.432290E-02 1.294387E-01 1.131727E-01 7.756338E-02 3.420850E-02 1.694946E-02
254 1.060536E+02 5.178571E-01 1.455859E+00 4.634730E-02 3.741090E-02 4.053683E-02 4.432290E-02 1.294387E-01 1.131727E-01 7.756338E-02 3.420850E-02 1.694946E-02
255 1.065714E+02 5.178571E-01 1.455859E+00 4.634730E-02 3.741090E-02 4.053683E-02 4.432290E-02 1.294387E-01 1.131727E-01 7.756338E-02 3.420850E-02 1.694946E-02
256 1.070893E+02 5.178571E-01 1.455859E+00 4.634730E-02 3.741090E-02 4.053683E-02 4.432290E-02 1.294387E-01 1.131727E-01 7.756338E-02 3.420850E-02 1.694946E-02
257 1.076071E+02 5.178571E-01 1.455859E+00 4.634730E-02 3.741090E-02 4.053683E-02 4.432290E-02 1.294387E-01 1.131727E-01 7.756338E-02 3.420850E-02 1.694946E-02
258 1.081250E+02 5.178571E-01 1.455859E+00 4.634730E-02 3.741090E-02 4.053683E-02 4.432290E-02 1.294387E-01 1.131727E-01 7.756338E-02 3.420850E-02 1.694946E-02
259 1.086429E+02 5.178571E-01 1.455859E+00 4.634730E-02 3.741090E-02 4.053683E-02 4.432290E-02 1.294387E-01 1.131727E-01 7.756338E-02 3.420850E-02 1.694946E-02
260 1.091607E+02 5.178571E-01 1.455859E+00 4.634730E-02 3.741090E-02 4.053683E-02 4.432290E-02 1.294387E-01 1.131727E-01 7.756338E-02 3.420850E-02 1.694946E-02
261 1.096786E+02 5.178571E-01 1.455859E+00 4.634730E-02 3.741090E-02 4.053683E-02 4.432290E-02 1.294387E-01 1.131727E-01 7.756338E-02 3.420850E-02 1.694946E-02
262 1.101964E+02 5.178571E-01 1.455859E+00 4.634730E-02 3.741090E-02 4.053683E-02 4.432290E-02 1.294387E-01 1.131727E-01 7.756338E-02 3.420850E-02 1.694946E-02
263 1.107143E+02 5.178571E-01 1.455859E+00 4.634730E-02 3.741090E-02 4.053683E-02 4.432290E-02 1.294387E-01 1.131727E-01 7.756338E-02 3.420850E-02 1.694946E-02
264 1.112321E+02 5.178571E-01 1.455859E+00 4.634730E-02 3.741090E-02 4.053683E-02 4.432290E-02 1.294387E-01 1.131727E-01 7.756338E-02 3.420850E-02 1.694946E-02
265 1.117500E+02 5.178571E-01 1.455859E+00 4.634730E-02 3.741090E-02 4.053683E-02 4.432290E-02 1.294387E-01 1.131727E-01 7.756338E-02 3.420850E-02 1.694946E-02
266 1.122679E+02 5.178571E-01 1.455859E+00 4.634730E-02 3.741090E-02 4.053683E-02 4.432290E-02 1.294387E-01 1.131727E-01 7.756338E-02 3.420850E-02 1.694946E-02
267 1.127857E+02 5.178571E-01 1.455859E+00 4.634730E-02 3.741090E-02 4.053683E-02 4.432290E-02 1.294387E-01 1.131727E-01 7.756338E-02 3.420850E-02 1.694946E-02
268 1.133036E+02 5.178571E-01 1.455859E+00 4.634730E-02 3.741090E-02 4.053683E-02 4.432290E-02 1.294387E-01 1.131727E-01 7.756338E-02 3.420850E-02 1.694946E-02
269 1.138214E+02 5.178571E-01 1.455859E+00 4.634730E-02 3.741090E-02 4.053683E-02 4.432290E-02 1.294387E-01 1.131727E-01 7.756338E-02 3.420850E-02 1.694946E-02
270 1.143393E+02 5.178571E-01 1.455859E+00 4.634730E-02 3.741090E-02 4.053683E-02 4.432290E-02 1.294387E-01 1.131727E-01 7.756338E-02 3.420850E-02 1.694946E-02
271 1.148571E+02 5.178571E-01 1.455859E+00 4.634730E-02 3.741090E-02 4.053683E-02 4.432290E-02 1.294387E-01 1.131727E-01 7.756338E-02 3.420850E-02 1.694946E-02
272 1.153750E+02 5.178571E-01 1.455859E+00 4.634730E-02 3.741090E-02 4.053683E-02 4.432290E-02 1.294387E-01 1.131727E-01 7.756338E-02 3.420850E-02 1.694946E-02
273 1.158929E+02 5.178571E-01 1.455859E+00 4.634730E-02 3.741090E-02 4.053683E-02 4.432290E-02 1.294387E-01 1.131727E-01 7.756338E-02 3.420850E-02 1.694946E-02
274 1.164107E+02 5.178571E-01 1.455859E+00 4.634730E-02 3.741090E-02 4.053683E-02 4.432290E-02 1.294387E-01 1.131727E-01 7.756338E-02 3.420850E-02 1.694946E-02
275 1.169286E+02 5.178571E-01 1.455859E+00 4.634730E-02 3.741090E-02 4.053683E-02 4.432290E-02 1.294387E-01 1.131727E-01 7.756338E-02 3.420850E-02 1.694946E-02
276 1.174464E+02 5.178571E-01 1.455859E+00 4.634730E-02 3.741090E-02 4.053683E-02 4.432290E-02 1.294387E-01 1.131727E-01 7.756338E-02 3.420850E-02 1.694946E-02
277 1.179643E+02 5.178571E-01 1.455859E+00 4.634730E-02 3.741090E-02 4.053683E-02 4.432290E-02 1.294387E-01 1.131727E-01 7.756338E-02 3.420850E-02 1.694946E-02
278 1.184821E+02 5.178571E-01 1.455859E+00 4.634730E-02 3.741090E-02 4.053683E-02 4.432290E-02 1.294387E-01 1.131727E-01 7.756338E-02 3.420850E-02 1.694946E-02
279 1.190000E+02 5.178571E-01 1.455859E+00 4.634730E-02 3.741090E-02 4.053683E-02 4.432290E-02 1.294387E-01 1.131727E-01 7.756338E-02 3.420850E-02 1.694946E-02
280 1.195179E+02 5.178571E-01 1.455859E+00 4.634730E-02 3.741090E-02 4.053683E-02 4.432290E-02 1.294387E-01 1.131727E-01 7.756338E-02 3.420850E-02 1.694946E-02
281 1.200357E+02 5.178571E-01 1.455859E+00 4.634730E-02 3.741090E-02 4.053683E-02 4.432290E-02 1.294387E-01 1.131727E-01 7.756338E-02 3.420850E-02 1.694946E-02
282 1.205536E+02 5.178571E-01 1.455859E+00 4.634730E-02 3.741090E-02 4.053683E-02 4.432290E-02 1.294387E-01 1.131727E-01 7.756338E-02 3.420850E-02 1.694946E-02
283 1.210714E+02 5.178571E-01 1.455859E+00 4.634730E-02 3.741090E-02 4.053683E-02 4.432290E-02 1.294387E-01 1.131727E-01 7.756338E-02 3.420850E-02 1.694946E-02
284 1.215893E+02 5.178571E-01 1.455859E+00 4.634730E-02 3.741090E-02 4.053683E-02 4.432290E-02 1.294387E-01 1.131727E-01 7.756338E-02 3.420850E-02 1.694946E-02
285 1.221071E+02 5.178571E-01 1.455859E+00 4.634730E-02 3.741090E-02 4.053683E-02 4.432290E-02 1.294387E-01 1.131727E-01 7.756338E-02 3.420850E-02 1.694946E-02
286 1.226250E+02 5.178571E-01 1.455859E+00 4.634730E-02 3.741090E-02 4.053683E-02 4.432290E-02 1.294387E-01 1.131727E-01 7.756338E-02 3.420850E-02 1.694946E-02
287 1.231429E+02 5.178571E-01 1.455859E+00 4.634730E-02 3.741090E-02 4.053683E-02 4.432290E-02 1.294387E-01 1.131727E-01 7.756338E-02 3.420850E-02 1.694946E-02
288 1.236607E+02 5.178571E-01 1.455859E+00 4.634730E-02 3.741090E-02 4.053683E-02 4.432290E-02 1.294387E-01 1.131727E-01 7.756338E-02 3.420850E-02 1.694946E-02
289 1.241786E+02 5.178571E-01 1.455859E+00 4.634730E-02 3.741090E-02 4.053683E-02 4.432290E-02 1.294387E-01 1.131727E-01 7.756338E-02 3.420850E-02 1.694946E-02
290 1.246964E+02 5.178571E-01 1.455859E+00 4.634730E-02 3.741090E-02 4.053683E-02 4.432290E-02 1.294387E-01 1.131727E-01 7.756338E-02 3.420850E-02 1.694946E-02
291 1.252143E+02 5.178571E-01 1.455859E+00 4.634730E-02 3.741090E-02 4.053683E-02 4.432290E-02 1.294387E-01 1.131727E-01 7.756338E-02 3.420850E-02 1.694946E-02
292 1.257321E+02 5.178571E-01 1.455859E+00 4.634730E-02 3.741090E-02 4.053683E-02 4.432290E-02 1.294387E-01 1.131727E-01 7.756338E-02 3.420850E-02 1.694946E-02
293 1.262500E+02 5.178571E-01 1.455859E+00 4.634730E-02 3.741090E-02 4.053683E-02 4.432290E-02 1.294387E-01 1.131727E-01 7.756338E-02 3.420850E-02 1.694946E-02
294 1.267679E+02 5.178571E-01 1.455859E+00 4.634730E-02 3.741090E-02 4.053683E-02 4.432290E-02 1.294387E-01 1.131727E-01 7.756338E-02 3.420850E-02 1.694946E-02
295 1.272857E+02 5.178571E-01 1.455859E+00 4.634730E-02 3.741090E-02 4.053683E-02 4.432290E-02 1.294387E-01 1.131727E-01 7.756338E-02 3.420850E-02 1.694946E-02
296 1.278036E+02 5.178571E-01 1.455859E+00 4.634730E-02 3.741090E-02 4.053683E-02 4.432290E-02 1.294387E-01 1.131727E-01 7.756338E-02 3.420850E-02 1.694946E-02
297 1.283214E+02 5.178571E-01 1.455859E+00 4.634730E-02 3.741090E-02 4.053683E-02 4.432290E-02 1.294387E-01 1.131727E-01 7.756338E-02 3.420850E-02 1.694946E-02
298 1.288393E+02 5.178571E-01 1.455859E+00 4.634730E-02 3.741090E-02 4.053683E-02 4.432290E-02 1.294387E-01 1.131727E-01 7.756338E-02 3.420850E-02 1.694946E-02
299 1.293571E+02 5.178571E-01 1.455859E+00 4.634730E-02 3.741090E-02 4.053683E-02 4.432290E-02 1.294387E-01 1.131727E-01 7.756338E-02 3.420850E-02 1.694946E-02
300 1.298750E+02 5.178571E-01 1.455859E+00 4.634730E-02 3.741090E-02 4.053683E-02 4.432290E-02 1.294387E-01 1.131727E-01 7.756338E-02 3.420850E-02 1.694946E-02
301 1.303929E+02 5.178571E-01 1.455859E+00 4.634730E-02 3.741090E-02 4.053683E-02 4.432290E-02 1.294387E-01 1.131727E-01 7.756338E-02 3.420850E-02 1.694946E-02
302 1.309107E+02 5.178571E-01 1.455859E+00 4.634730E-02 3.741090E-02 4.053683E-02 4.432290E-02 1.294387E-01 1.131727E-01 7.756338E-02 3.420850E-02 1.694946E-02
303 1.314286E+02 5.178571E-01 1.455859E+00 4.634730E-02 3.741090E-02 4.053683E-02 4.432290E-02 1.294387E-01 1.131727E-01 7.756338E-02 3.420850E-02 1.694946E-02
304 1.319464E+02 5.178571E-01 1.455859E+00 4.634730E-02 3.741090E-02 4.053683E-02 4.432290E-02 1.294387E-01 1.131727E-01 7.756338E-02 3.420850E-02 1.694946E-02
305 1.324643E+02 5.178571E-01 1.455859E+00 4.634730E-02 3.741090E-02 4.053683E-02 4.432290E-02 1.294387E-01 1.131727E-01 7.756338E-02 3.420850E-02 1.694946E-02
306 1.329821E+02 5.178571E-01 1.455859E+00 4.634730E-02 3.741090E-02 4.053683E-02 4.432290E-02 1.294387E-01 1.131727E-01 7.756338E-02 3.420850E-02 1.694946E-02
307 1.335000E+02 5.178571E-01 1.455859E+00 4.634730E-02 3.741090E-02 4.053683E-02 4.432290E-02 1.294387E-01 1.131727E-01 7.756338E-02 3.420850E-02 1.694946E-02
308 1.340179E+02 5.178571E-01 1.455859E+00 4.634730E-02 3.741090E-02 4.053683E-02 4.432290E-02 1.294387E-01 1.131727E-01 7.756338E-02 3.420850E-02 1.694946E-02
309 1.345357E+02 5.178571E-01 1.455859E+00 4.634730E-02 3.741090E-02 4.053683E-02 4.432290E-02 1.294387E-01 1.131727E-01 7.756338E-02 3.420850E-02 1.694946E-02
310 1.350536E+02 5.178571E-01 1.455859E+00 4.634730E-02 3.741090E-02 4.053683E-02 4.432290E-02 1.294387E-01 1.131727E-01 7.756338E-02 3.420850E-02 1.694946E-02
311 1.355714E+02 5.178571E-01 1.455859E+00 4.634730E-02 3.741090E-02 4.053683E-02 4.432290E-02 1.294387E-01 1.131727E-01 7.756338E-02 3.420850E-02 1.694946E-02
312 1.360893E+02 5.178571E-01 1.455859E+00 4.634730E-02 3.741090E-02 4.053683E-02 4.432290E-02 1.294387E-01 1.131727E-01 7.756338E-02 3.420850E-02 1.694946E-02
313 1.366071E+02 5.178571E-01 1.455859E+00 4.634730E-02 3.741090E-02 4.053683E-02 4.432290E-02 1.294387E-01 1.131727E-01 7.756338E-02 3.420850E-02 1.694946E-02
314 1.371250E+02 5.178571E-01 1.455859E+00 4.634730E-02 3.741090E-02 4.053683E-02 4.432290E-02 1.294387E-01 1.131727E-01 7.756338E-02 3.420850E-02 1.694946E-02
315 1.376429E+02 5.178571E-01 1.455859E+00 4.634730E-02 3.741090E-02 4.053683E-02 4.432290E-02 1.294387E-01 1.131727E-01 7.756338E-02 3.420850E-02 1.694946E-02
316 1.381607E+02 5.178571E-01 1.455859E+00 4.634730E-02 3.741090E-02 4.053683E-02 4.432290E-02 1.294387E-01 1.131727E-01 7.756338E-02 3.420850E-02 1.694946E-02
317 1.386786E+02 5.178571E-01 1.455859E+00 4.634730E-02 3.741090E-02 4.053683E-02 4.432290E-02 1.294387E-01 1.131727E-01 7.756338E-02 3.420850E-02 1.694946E-02
318 1.391964E+02 5.178571E-01 1.455859E+00 4.634730E-02 3.741090E-02 4.053683E-02 4.432290E-02 1.294387E-01 1.131727E-01 7.756338E-02 3.420850E-02 1.694946E-02
319 1.397143E+02 5.178571E-01 1.455859E+00 4.634730E-02 3.741090E-02 4.053683E-02 4.432290E-02 1.294387E-01 1.131727E-01 7.756338E-02 3.420850E-02 1.694946E-02
320 1.402321E+02 5.178571E-01 1.455859E+00 4.634730E-02 3.741090E-02 4.053683E-02 4.432290E-02 1.294387E-01 1.131727E-01 7.756338E-02 3.420850E-02 1.694946E-02
321 1.407500E+02 5.178571E-01 1.455859E+00 4.634730E-02 3.741090E-02 4.053683E-02 4.432290E-02 1.294387E-01 1.131727E-01 7.756338E-02 3.420850E-02 1.694946E-02
322 1.412679E+02 5.178571E-01 1.455859E+00 4.634730E-02 3.741090E-02 4.053683E-02 4.432290E-02 1.294387E-01 1.131727E-01 7.756338E-02 3.420850E-02 1.694946E-02
323 1.417857E+02 5.178571E-01 1.455859E+00 4.634730E-02 3.741090E-02 4.053683E-02 4.432290E-02 1.294387E-01 1.131727E-01 7.756338E-02 3.420850E-02 1.694946E-02
324 1.423036E+02 5.178571E-01 1.455859E+00 4.634730E-02 3.741090E-02 4.053683E-02 4.432290E-02 1.294387E-01 1.131727E-01 7.756338E-02 3.420850E-02 1.694946E-02
325 1.428214E+02 5.178571E-01 1.455859E+00 4.634730E-02 3.741090E-02 4.053683E-02 4.432290E-02 1.294387E-01 1.131727E-01 7.756338E-02 3.420850E-02 1.694946E-02
326 1.433393E+02 5.178571E-01 1.455859E+00 4.634730E-02 3.741090E-02 4.053683E-02 4.432290E-02 1.294387E-01 1.131727E-01 7.756338E-02 3.420850E-02 1.694946E-02
327 1.438571E+02 5.178571E-01 1.455859E+00 4.634730E-02 3.741090E-02 4.053683E-02 4.432290E-02 1.294387E-01 1.131727E-01 7.756338E-02 3.420850E-02 1.694946E-02
328 1.443750E+02 5.178571E-01 1.455859E+00 4.634730E-02 3.741090E-02 4.053683E-02 4.432290E-02 1.294387E-01 1.131727E-01 7.756338E-02 3.420850E-02 1.694946E-02
329 1.448929E+02 5.178571E-01 1.455859E+00 4.634730E-02 3.741090E-02 4.053683E-02 4.432290E-02 1.294387E-01 1.131727E-01 7.756338E-02 3.420850E-02 1.694946E-02
330 1.454107E+02 5.178571E-01 1.455859E+00 4.634730E-02 3.741090E-02 4.053683E-02 4.432290E-02 1.294387E-01 1.131727E-01 7.756338E-02 3.420850E-02 1.694946E-02
331 1.459286E+02 5.178571E-01 1.455859E+00 4.634730E-02 3.741090E-02 4.053683E-02 4.432290E-02 1.294387E-01 1.131727E-01 7.756338E-02 3.420850E-02 1.694946E-02
332 1.464464E+02 5.178571E-01 1.455859E+00 4.634730E-02 3.741090E-02 4.053683E-02 4.432290E-02 1.294387E-01 1.131727E-01 7.756338E-02 3.420850E-02 1.694946E-02
333 1.469643E+02 5.178571E-01 1.455859E+00 4.634730E-02 3.741090E-02 4.053683E-02 4.432290E-02 1.294387E-01 1.131727E-01 7.756338E-02 3.420850E-02 1.694946E-02
334 1.474821E+02 5.178571E-01 1.455859E+00 4.634730E-02 3.741090E-02 4.053683E-02 4.432290E-02 1.294387E-01 1.131727E-01 7.756338E-02 3.420850E-02 1.694946E-02
335 1.480000E+02 5.178571E-01 1.455859E+00 4.634730E-02 3.741090E-02 4.053683E-02 4.432290E-02 1.294387E-01 1.131727E-01 7.756338E-02 3.420850E-02 1.694946E-02
336 1.485179E+02 5.178571E-01 1.455859E+00 4.634730E-02 3.741090E-02 4.053683E-02 4.432290E-02 1.294387E-01 1.131727E-01 7.756338E-02 3.420850E-02 1.694946E-02
337 1.490357E+02 5.178571E-01 1.455859E+00 4.634730E-02 3.741090E-02 4.053683E-02 4.432290E-02 1.294387E-01 1.131727E-01 7.756338E-02 3.420850E-02 1.694946E-02
338 1.495536E+02 5.178571E-01 1.455859E+00 4.634730E-02 3.741090E-02 4.053683E-02 4.432290E-02 1.294387E-01 1.131727E-01 7.756338E-02 3.420850E-02 1.694946E-02
339 1.500714E+02 5.178571E-01 1.455859E+00 4.634730E-02 3.741090E-02 4.053683E-02 4.432290E-02 1.294387E-01 1.131727E-01 7.756338E-02 3.420850E-02 1.694946E-02
340 1.505893E+02 5.178571E-01 1.455859E+00 4.634730E-02 3.741090E-02 4.053683E-02 4.432290E-02 1.294387E-01 1.131727E-01 7.756338E-02 3.420850E-02 1.694946E-02
341 1.511071E+02 5.178571E-01 1.455859E+00 4.634730E-02 3.741090E-02 4.053683E-02 4.432290E-02 1.294387E-01 1.131727E-01 7.756338E-02 3.420850E-02 1.694946E-02
342 1.516250E+02 5.178571E-01 1.455859E+00 4.634730E-02 3.741090E-02 4.053683E-02 4.432290E-02 1.294387E-01 1.131727E-01 7.756338E-02 3.420850E-02 1.694946E-02
343 1.521429E+02 5.178571E-01 1.455859E+00 4.634730E-02 3.741090E-02 4.053683E-02 4.432290E-02 1.294387E-01 1.131727E-01 7.756338E-02 3.420850E-02 1.694946E-02
344 1.526607E+02 5.178571E-01 1.455859E+00 4.634730E-02 3.741090E-02 4.053683E-02 4.432290E-02 1.294387E-01 1.131727E-01 7.756338E-02 3.420850E-02 1.694946E-02
345 1.531786E+02 5.178571E-01 1.455859E+00 4.634730E-02 3.741090E-02 4.053683E-02 4.432290E-02 1.294387E-01 1.131727E-01 7.756338E-02 3.420850E-02 1.694946E-02
346 1.536964E+02 5.178571E-01 1.455859E+00 4.634730E-02 3.741090E-02 4.053683E-02 4.432290E-02 1.294387E-01 1.131727E-01 7.756338E-02 3.420850E-02 1.694946E-02
347 1.542143E+02 5.178571E-01 1.455859E+00 4.634730E-02 3.741090E-02 4.053683E-02 4.432290E-02 1.294387E-01 1.131727E-01 7.756338E-02 3.420850E-02 1.694946E-02
348 1.547321E+02 5.178571E-01 1.455859E+00 4.634730E-02 3.741090E-02 4.053683E-02 4.432290E-02 1.294387E-01 1.131727E-01 7.756338E-02 3.420850E-02 1.694946E-02
349 1.552500E+02 5.178571E-01 1.455859E+00 4.634730E-02 3.741090E-02 4.053683E-02 4.432290E-02 1.294387E-01 1.131727E-01 7.756338E-02 3.420850E-02 1.694946E-02
350 1.557679E+02 5.178571E-01 1.455859E+00 4.634730E-02 3.741090E-02 4.053683E-02 4.432290E-02 1.294387E-01 1.131727E-01 7.756338E-02 3.420850E-02 1.694946E-02
351 1.562857E+02 5.178571E-01 1.455859E+00 4.634730E-02 3.741090E-02 4.053683E-02 4.432290E-02 1.294387E-01 1.131727E-01 7.756338E-02 3.420850E-02 1.694946E-02
352 1.568036E+02 5.178571E-01 1.455859E+00 4.634730E-02 3.741090E-02 4.053683E-02 4.432290E-02 1.294387E-01 1.131727E-01 7.756338E-02 3.420850E-02 1.694946E-02
353 1.573214E+02 5.178571E-01 1.455859E+00 4.634730E-02 3.741090E-02 4.053683E-02 4.432290E-02 1.294387E-01 1.131727E-01 7.756338E-02 3.420850E-02 1.694946E-02
354 1.578393E+02 5.178571E-01 1.455859E+00 4.634730E-02 3.741090E-02 4.053683E-02 4.432290E-02 1.294387E-01 1.131727E-01 7.756338E-02 3.420850E-02 1.694946E-02
355 1.583571E+02 5.178571E-01 1.455859E+00 4.634730E-02 3.741090E-02 4.053683E-02 4.432290E-02 1.294387E-01 1.131727E-01 7.756338E-02 3.420850E-02 1.694946E-02
356 1.588750E+02 5.178571E-01 1.455859E+00 4.634730E-02 3.741090E-02 4.053683E-02 4.432290E-02 1.294387E-01 1.131727E-01 7.756338E-02 3.420850E-02 1.694946E-02
357 1.593929E+02 5.178571E-01 1.455859E+00 4.634730E-02 3.741090E-02 4.053683E-02 4.432290E-02 1.294387E-01 1.131727E-01 7.756338E-02 3.420850E-02 1.694946E-02
358 1.599107E+02 5.178571E-01 1.455859E+00 4.634730E-02 3.741090E-02 4.053683E-02 4.432290E-02 1.294387E-01 1.131727E-01 7.756338E-02 3.420850E-02 1.694946E-02
359 1.604286E+02 5.178571E-01 1.455859E+00 4.634730E-02 3.741090E-02 4.053683E-02 4.432290E-02 1.294387E-01 1.131727E-01 7.756338E-02 3.420850E-02 1.694946E-02
360 1.609464E+02 5.178571E-01 1.455859E+00 4.634730E-02 3.741090E-02 4.053683E-02 4.432290E-02 1.294387E-01 1.131727E-01 7.756338E-02 3.420850E-02 1.694946E-02
361 1.614643E+02 5.178571E-01 1.455859E+00 4.634730E-02 3.741090E-02 4.053683E-02 4.432290E-02 1.294387E-01 1.131727E-01 7.756338E-02 3.420850E-02 1.694946E-02
362 1.619821E+02 5.178571E-01 1.455859E+00 4.634730E-02 3.741090E-02 4.053683E-02 4.432290E-02 1.294387E-01 1.131727E-01 7.756338E-02 3.420850E-02 1.694946E-02
363 1.625000E+02 5.178571E-01 1.455859E+00 4.634730E-02 3.741090E-02 4.053683E-02 4.432290E-02 1.294387E-01 1.131727E-01 7.756338E-02 3.420850E-02 1.694946E-02
364 1.630179E+02 5.178571E-01 1.455859E+00 4.634730E-02 3.741090E-02 4.053683E-02 4.432290E-02 1.294387E-01 1.131727E-01 7.756338E-02 3.420850E-02 1.694946E-02
365 1.635357E+02 5.178571E-01 1.455859E+00 4.634730E-02 3.741090E-02 4.053683E-02 4.432290E-02 1.294387E-01 1.131727E-01 7.756338E-02 3.420850E-02 1.694946E-02
366 1.640536E+02 5.178571E-01 1.455859E+00 4.634730E-02 3.741090E-02 4.053683E-02 4.432290E-02 1.294387E-01 1.131727E-01 7.756338E-02 3.420850E-02 1.694946E-02
367 1.645714E+02 5.178571E-01 1.455859E+00 4.634730E-02 3.741090E-02 4.053683E-02 4.432290E-02 1.294387E-01 1.131727E-01 7.756338E-02 3.420850E-02 1.694946E-02
368 1.650893E+02 5.178571E-01 1.455859E+00 4.634730E-02 3.741090E-02 4.053683E-02 4.432290E-02 1.294387E-01 1.131727E-01 7.756338E-02 3.420850E-02 1.694946E-02
369 1.656071E+02 5.178571E-01 1.455859E+00 4.634730E-02 3.741090E-02 4.053683E-02 4.432290E-02 1.294387E-01 1.131727E-01 7.756338E-02 3.420850E-02 1.694946E-02
370 1.661250E+02 5.178571E-01 1.455859E+00 4.634730E-02 3.741090E-02 4.053683E-02 4.432290E-02 1.294387E-01 1.131727E-01 7.756338E-02 3.420850E-02 1.694946E-02
371 1.666429E+02 5.178571E-01 1.455859E+00 4.634730E-02 3.741090E-02 4.053683E-02 4.432290E-02 1.294387E-01 1.131727E-01 7.756338E-02 3.420850E-02 1.694946E-02
372 1.671607E+02 5.178571E-01 1.455859E+00 4.634730E-02 3.741090E-02 4.053683E-02 4.432290E-02 1.294387E-01 1.131727E-01 7.756338E-02 3.420850E-02 1.694946E-02
373 1.676786E+02 5.178571E-01 1.455859E+00 4.634730E-02 3.741090E-02 4.053683E-02 4.432290E-02 1.294387E-01 1.131727E-01 7.756338E-02 3.420850E-02 1.694946E-02
374 1.681964E+02 5.178571E-01 1.455859E+00 4.634730E-02 3.741090E-02 4.053683E-02 4.432290E-02 1.294387E-01 1.131727E-01 7.756338E-02 3.420850E-02 1.694946E-02
375 1.687143E+02 5.178571E-01 1.455859E+00 4.634730E-02 3.741090E-02 4.053683E-02 4.432290E-02 1.294387E-01 1.131727E-01 7.756338E-02 3.420850E-02 1.694946E-02
376 1.692321E+02 5.178571E-01 1.455859E+00 4.634730E-02 3.741090E-02 4.053683E-02 4.432290E-02 1.294387E-01 1.131727E-01 7.756338E-02 3.420850E-02 1.694946E-02
377 1.697500E+02 5.178571E-01 1.455859E+00 4.634730E-02 3.741090E-02 4.053683E-02 4.432290E-02 1.294387E-01 1.131727E-01 7.756338E-02 3.420850E-02 1.694946E-02
378 1.702679E+02 5.178571E-01 1.455859E+00 4.634730E-02 3.741090E-02 4.053683E-02 4.432290E-02 1.294387E-01 1.131727E-01 7.756338E-02 3.420850E-02 1.694946E-02
379 1.707857E+02 5.178571E-01 1.455859E+00 4.634730E-02 3.741090E-02 4.053683E-02 4.432290E-02 1.294387E-01 1.131727E-01 7.756338E-02 3.420850E-02 1.694946E-02
380 1.713036E+02 5.178571E-01 1.455859E+00 4.634730E-02 3.741090E-02 4.053683E-02 4.432290E-02 1.294387E-01 1.131727E-01 7.756338E-02 3.420850E-02 1.694946E-02
381 1.718214E+02 5.178571E-01 1.455859E+00 4.634730E-02 3.741090E-02 4.053683E-02 4.432290E-02 1.294387E-01 1.131727E-01 7.756338E-02 3.420850E-02 1.694946E-02
382 1.723393E+02 5.178571E-01 1.455859E+00 4.634730E-02 3.741090E-02 4.053683E-02 4.432290E-02 1.294387E-01 1.131727E-01 7.756338E-02 3.420850E-02 1.694946E-02
383 1.728571E+02 5.178571E-01 1.455859E+00 4.634730E-02 3.741090E-02 4.053683E-02 4.432290E-02 1.294387E-01 1.131727E-01 7.756338E-02 3.420850E-02 1.694946E-02
384 1.733750E+02 5.178571E-01 1.455859E+00 4.634730E-02 3.741090E-02 4.053683E-02 4.432290E-02 1.294387E-01 1.131727E-01 7.756338E-02 3.420850E-02 1.694946E-02
385 1.738929E+02 5.178571E-01 1.455859E+00 4.634730E-02 3.741090E-02 4.053683E-02 4.432290E-02 1.294387E-01 1.131727E-01 7.756338E-02 3.420850E-02 1.694946E-02
386 1.744107E+02 5.178571E-01 1.455859E+00 4.634730E-02 3.741090E-02 4.053683E-02 4.432290E-02 1.294387E-01 1.131727E-01 7.756338E-02 3.420850E-02 1.694946E-02
387 1.749286E+02 5.178571E-01 1.455859E+00 4.634730E-02 3.741090E-02 4.053683E-02 4.432290E-02 1.294387E-01 1.131727E-01 7.756338E-02 3.420850E-02 1.694946E-02
388 1.754464E+02 5.178571E-01 1.455859E+00 4.634730E-02 3.741090E-02 4.053683E-02 4.432290E-02 1.294387E-01 1.131727E-01 7.756338E-02 3.420850E-02 1.694946E-02
389 1.759643E+02 5.178571E-01 1.455859E+00 4.634730E-02 3.741090E-02 4.053683E-02 4.432290E-02 1.294387E-01 1.131727E-01 7.756338E-02 3.420850E-02 1.694946E-02
390 1.764821E+02 5.178571E-01 1.455859E+00 4.634730E-02 3.741090E-02 4.053683E-02 4.432290E-02 1.294387E-01 1.131727E-01 7.756338E-02 3.420850E-02 1.694946E-02
391 1.770000E+02 5.178571E-01 1.455859E+00 4.634730E-02 3.741090E-02 4.053683E-02 4.432290E-02 1.294387E-01 1.131727E-01 7.756338E-02 3.420850E-02 1.694946E-02
392 1.775179E+02 5.178571E-01 1.455859E+00 4.634730E-02 3.741090E-02 4.053683E-02 4.432290E-02 1.294387E-01 1.131727E-01 7.756338E-02 3.420850E-02 1.694946E-02
393 1.780357E+02 5.178571E-01 1.455859E+00 4.634730E-02 3.741090E-02 4.053683E-02 4.432290E-02 1.294387E-01 1.131727E-01 7.756338E-02 3.420850E-02 1.694946E-02
394 1.785536E+02 5.178571E-01 1.455859E+00 4.634730E-02 3.741090E-02 4.053683E-02 4.432290E-02 1.294387E-01 1.131727E-01 7.756338E-02 3.420850E-02 1.694946E-02
395 1.790714E+02 5.178571E-01 1.455859E+00 4.634730E-02 3.741090E-02 4.053683E-02 4.432290E-02 1.294387E-01 1.131727E-01 7.756338E-02 3.420850E-02 1.694946E-02
396 1.795893E+02 5.178571E-01 1.455859E+00 4.634730E-02 3.741090E-02 4.053683E-02 4.432290E-02 1.294387E-01 1.131727E-01 7.756338E-02 3.420850E-02 1.694946E-02
397 1.801071E+02 5.178571E-01 1.455859E+00 4.634730E-02 3.741090E-02 4.053683E-02 4.432290E-02 1.294387E-01 1.131727E-01 7.756338E-02 3.420850E-02 1.694946E-02
398 1.806250E+02 5.178571E-01 1.455859E+00 4.634730E-02 3.741090E-02 4.053683E-02 4.432290E-02 1.294387E-01 1.131727E-01 7.756338E-02 3.420850E-02 1.694946E-02
399 1.811429E+02 5.178571E-01 1.455859E+00 4.634730E-02 3.741090E-02 4.053683E-02 4.432290E-02 1.294387E-01 1.131727E-01 7.756338E-02 3.420850E-02 1.694946E-02
400 1.816607E+02 5.178571E-01 1.455859E+00 4.634730E-02 3.741090E-02 4.053683E-02 4.432290E-02 1.294387E-01 1.131727E-01 7.756338E-02 3.420850E-02 1.694946E-02
401 1.821786E+02 5.178571E-01 1.455859E+00 4.634730E-02 3.741090E-02 4.053683E-02 4.432290E-02 1.294387E-01 1.131727E-01 7.756338E-02 3.420850E-02 1.694946E-02
402 1.826964E+02 5.178571E-01 1.455859E+00 4.634730E-02 3.741090E-02 4.053683E-02 4.432290E-02 1.294387E-01 1.131727E-01 7.756338E-02 3.420850E-02 1.694946E-02
403 1.832143E+02 5.178571E-01 1.455859E+00 4.634730E-02 3.741090E-02 4.053683E-02 4.432290E-02 1.294387E-01 1.131727E-01 7.756338E-02 3.420850E-02 1.694946E-02
404 1.837321E+02 5.178571E-01 1.455859E+00 4.634730E-02 3.741090E-02 4.053683E-02 4.432290E-02 1.294387E-01 1.131727E-01 7.756338E-02 3.420850E-02 1.694946E-02
405 1.842500E+02 5.178571E-01 1.455859E+00 4.634730E-02 3.741090E-02 4.053683E-02 4.432290E-02 1.294387E-01 1.131727E-01 7.756338E-02 3.420850E-02 1.694946E-02
406 1.847679E+02 5.178571E-01 1.455859E+00 4.634730E-02 3.741090E-02 4.053683E-02 4.432290E-02 1.294387E-01 1.131727E-01 7.756338E-02 3.420850E-02 1.694946E-02
407 1.852857E+02 5.178571E-01 1.455859E+00 4.634730E-02 3.741090E-02 4.053683E-02 4.432290E-02 1.294387E-01 1.131727E-01 7.756338E-02 3.420850E-02 1.694946E-02
408 1.858036E+02 5.178571E-01 1.455859E+00 4.634730E-02 3.741090E-02 4.053683E-02 4.432290E-02 1.294387E-01 1.131727E-01 7.756338E-02 3.420850E-02 1.694946E-02
409 1.863214E+02 5.178571E-01 1.455859E+00 4.634730E-02 3.741090E-02 4.053683E-02 4.432290E-02 1.294387E-01 1.131727E-01 7.756338E-02 3.420850E-02 1.694946E-02
410 1.868393E+02 5.178571E-01 1.455859E+00 4.634730E-02 3.741090E-02 4.053683E-02 4.432290E-02 1.294387E-01 1.131727E-01 7.756338E-02 3.420850E-02 1.694946E-02
411 1.873571E+02 5.178571E-01 1.455859E+00 4.634730E-02 3.741090E-02 4.053683E-02 4.432290E-02 1.294387E-01 1.131727E-01 7.756338E-02 3.420850E-02 1.694946E-02
412 1.878750E+02 5.178571E-01 1.455859E+00 4.634730E-02 3.741090E-02 4.053683E-02 4.432290E-02 1.294387E-01 1.131727E-01 7.756338E-02 3.420850E-02 1.694946E-02
413 1.883929E+02 5.178571E-01 1.455859E+00 4.634730E-02 3.741090E-02 4.053683E-02 4.432290E-02 1.294387E-01 1.131727E-01 7.756338E-02 3.420850E-02 1.694946E-02
414 1.889107E+02 5.178571E-01 1.455859E+00 4.634730E-02 3.741090E-02 4.053683E-02 4.432290E-02 1.294387E-01 1.131727E-01 7.756338E-02 3.420850E-02 1.694946E-02
415 1.894286E+02 5.178571E-01 1.455859E+00 4.634730E-02 3.741090E-02 4.053683E-02 4.432290E-02 1.294387E-01 1.131727E-01 7.756338E-02 3.420850E-02 1.694946E-02
416 1.899464E+02 5.178571E-01 1.455859E+00 4.634730E-02 3.741090E-02 4.053683E-02 4.432290E-02 1.294387E-01 1.131727E-01 7.756338E-02 3.420850E-02 1.694946E-02
417 1.904643E+02 5.178571E-01 1.455859E+00 4.634730E-02 3.741090E-02 4.053683E-02 4.432290E-02 1.294387E-01 1.131727E-01 7.756338E-02 3.420850E-02 1.694946E-02
418 1.909821E+02 5.178571E-01 1.455859E+00 4.634730E-02 3.741090E-02 4.053683E-02 4.432290E-02 1.294387E-01 1.131727E-01 7.756338E-02 3.420850E-02 1.694946E-02
419 1.915000E+02 5.178571E-01 1.455859E+00 4.634730E-02 3.741090E-02 4.053683E-02 4.432290E-02 1.294387E-01 1.131727E-01 7.756338E-02 3.420850E-02 1.694946E-02
420 1.920179E+02 5.178571E-01 1.455859E+00 4.634730E-02 3.741090E-02 4.053683E-02 4.432290E-02 1.294387E-01 1.131727E-01 7.756338E-02 3.420850E-02 1.694946E-02
421 1.925357E+02 5.178571E-01 1.455859E+00 4.634730E-02 3.741090E-02 4.053683E-02 4.432290E-02 1.294387E-01 1.131727E-01 7.756338E-02 3.420850E-02 1.694946E-02
422 1.930536E+02 5.178571E-01 1.455859E+00 4.634730E-02 3.741090E-02 4.053683E-02 4.432290E-02 1.294387E-01 1.131727E-01 7.756338E-02 3.420850E-02 1.694946E-02
423 1.935714E+02 5.178571E-01 1.455859E+00 4.634730E-02 3.741090E-02 4.053683E-02 4.432290E-02 1.294387E-01 1.131727E-01 7.756338E-02 3.420850E-02 1.694946E-02
424 1.940893E+02 5.178571E-01 1.455859E+00 4.634730E-02 3.741090E-02 4.053683E-02 4.432290E-02 1.294387E-01 1.131727E-01 7.756338E-02 3.420850E-02 1.694946E-02
425 1.946071E+02 5.178571E-01 1.455859E+00 4.634730E-02 3.741090E-02 4.053683E-02 4.432290E-02 1.294387E-01 1.131727E-01 7.756338E-02 3.420850E-02 1.694946E-02
426 1.951250E+02 5.178571E-01 1.455859E+00 4.634730E-02 3.741090E-02 4.053683E-02 4.432290E-02 1.294387E-01 1.131727E-01 7.756338E-02 3.420850E-02 1.694946E-02
427 1.956429E+02 5.178571E-01 1.455859E+00 4.634730E-02 3.741090E-02 4.053683E-02 4.432290E-02 1.294387E-01 1.131727E-01 7.756338E-02 3.420850E-02 1.694946E-02
428 1.961607E+02 5.178571E-01 1.455859E+00 4.634730E-02 3.741090E-02 4.053683E-02 4.432290E-02 1.294387E-01 1.131727E-01 7.756338E-02 3.420850E-02 1.694946E-02
429 1.966786E+02 5.178571E-01 1.455859E+00 4.634730E-02 3.741090E-02 4.053683E-02 4.432290E-02 1.294387E-01 1.131727E-01 7.756338E-02 3.420850E-02 1.694946E-02
430 1.971964E+02 5.178571E-01 1.455859E+00 4.634730E-02 3.741090E-02 4.053683E-02 4.432290E-02 1.294387E-01 1.131727E-01 7.756338E-02 3.420850E-02 1.694946E-02
431 1.977143E+02 5.178571E-01 1.455859E+00 4.634730E-02 3.741090E-02 4.053683E-02 4.432290E-02 1.294387E-01 1.131727E-01 7.756338E-02 3.420850E-02 1.694946E-02
432 1.982321E+02 5.178571E-01 1.455859E+00 4.634730E-02 3.741090E-02 4.053683E-02 4.432290E-02 1.294387E-01 1.131727E-01 7.756338E-02 3.420850E-02 1.694946E-02
433 1.987500E+02 5.178571E-01 1.455859E+00 4.634730E-02 3.741090E-02 4.053683E-02 4.432290E-02 1.294387E-01 1.131727E-01 7.756338E-02 3.420850E-02 1.694946E-02
434 1.992679E+02 5.178571E-01 1.455859E+00 4.634730E-02 3.741090E-02 4.053683E-02 4.432290E-02 1.294387E-01 1.131727E-01 7.756338E-02 3.420850E-02 1.694946E-02
435 1.997857E+02 5.178571E-01 1.455859E+00 4.634730E-02 3.741090E-02 4.053683E-02 4.432290E-02 1.294387E-01 1.131727E-01 7.756338E-02 3.420850E-02 1.694946E-02
436 2.003036E+02 5.178571E-01 1.455859E+00 4.634730E-02 3.741090E-02 4.053683E-02 4.432290E-02 1.294387E-01 1.131727E-01 7.756338E-02 3.420850E-02 1.694946E-02
437 2.008214E+02 5.178571E-01 1.455859E+00 4.634730E-02 3.741090E-02 4.053683E-02 4.432290E-02 1.294387E-01 1.131727E-01 7.756338E-02 3.420850E-02 1.694946E-02
438 2.013393E+02 5.178571E-01 1.455859E+00 4.634730E-02 3.741090E-02 4.053683E-02 4.432290E-02 1.294387E-01 1.131727E-01 7.756338E-02 3.420850E-02 1.694946E-02
439 2.018571E+02 5.178571E-01 1.455859E+00 4.634730E-02 3.741090E-02 4.053683E-02 4.432290E-02 1.294387E-01 1.131727E-01 7.756338E-02 3.420850E-02 1.694946E-02
440 2.023750E+02 5.178571E-01 1.455859E+00 4.634730E-02 3.741090E-02 4.053683E-02 4.432290E-02 1.294387E-01 1.131727E-01 7.756338E-02 3.420850E-02 1.694946E-02
441 2.028929E+02 5.178571E-01 1.455859E+00 4.634730E-02 3.741090E-02 4.053683E-02 4.432290E-02 1.294387E-01 1.131727E-01 7.756338E-02 3.420850E-02 1.694946E-02
442 2.034107E+02 5.178571E-01 1.455859E+00 4.634730E-02 3.741090E-02 4.053683E-02 4.432290E-02 1.294387E-01 1.131727E-01 7.756338E-02 3.420850E-02 1.694946E-02
443 2.039286E+02 5.178571E-01 1.455859E+00 4.634730E-02 3.741090E-02 4.053683E-02 4.432290E-02 1.294387E-01 1.131727E-01 7.756338E-02 3.420850E-02 1.694946E-02
444 2.044464E+02 5.178571E-01 1.455859E+00 4.634730E-02 3.741090E-02 4.053683E-02 4.432290E-02 1.294387E-01 1.131727E-01 7.756338E-02 3.420850E-02 1.694946E-02
445 2.049643E+02 5.178571E-01 1.455859E+00 4.634730E-02 3.741090E-02 4.053683E-02 4.432290E-02 1.294387E-01 1.131727E-01 7.756338E-02 3.420850E-02 1.694946E-02
446 2.054821E+02 5.178571E-01 1.455859E+00 4.634730E-02 3.741090E-02 4.053683E-02 4.432290E-02 1.294387E-01 1.131727E-01 7.756338E-02 3.420850E-02 1.694946E-02
447 2.060000E+02 5.178571E-01 1.455859E+00 4.634730E-02 3.741090E-02 4.053683E-02 4.432290E-02 1.294387E-01 1.131727E-01 7.756338E-02 3.420850E-02 1.694946E-02
448 2.065179E+02 5.178571E-01 1.455859E+00 4.634730E-02 3.741090E-02 4.053683E-02 4.432290E-02 1.294387E-01 1.131727E-01 7.756338E-02 3.420850E-02 1.694946E-02
449 2.070357E+02 5.178571E-01 1.455859E+00 4.634730E-02 3.741090E-02 4.053683E-02 4.432290E-02 1.294387E-01 1.131727E-01 7.756338E-02 3.420850E-02 1.694946E-02
450 2.075536E+02 5.178571E-01 1.455859E+00 4.634730E-02 3.741090E-02 4.053683E-02 4.432290E-02 1.294387E-01 1.131727E-01 7.756338E-02 3.420850E-02 1.694946E-02
451 2.080714E+02 5.178571E-01 1.455859E+00 4.634730E-02 3.741090E-02 4.053683E-02 4.432290E-02 1.294387E-01 1.131727E-01 7.756338E-02 3.420850E-02 1.694946E-02
452 2.085893E+02 5.178571E-01 1.455859E+00 4.634730E-02 3.741090E-02 4.053683E-02 4.432290E-02 1.294387E-01 1.131727E-01 7.756338E-02 3.420850E-02 1.694946E-02
453 2.091071E+02 5.178571E-01 1.455859E+00 4.634730E-02 3.741090E-02 4.053683E-02 4.432290E-02 1.294387E-01 1.131727E-01 7.756338E-02 3.420850E-02 1.694946E-02
454 2.096250E+02 5.178571E-01 1.455859E+00 4.634730E-02 3.741090E-02 4.053683E-02 4.432290E-02 1.294387E-01 1.131727E-01 7.756338E-02 3.420850E-02 1.694946E-02
455 2.101429E+02 5.178571E-01 1.455859E+00 4.634730E-02 3.741090E-02 4.053683E-02 4.432290E-02 1.294387E-01 1.131727E-01 7.756338E-02 3.420850E-02 1.694946E-02
456 2.106607E+02 5.178571E-01 1.455859E+00 4.634730E-02 3.741090E-02 4.053683E-02 4.432290E-02 1.294387E-01 1.131727E-01 7.756338E-02 3.420850E-02 1.694946E-02
457 2.111786E+02 5.178571E-01 1.455859E+00 4.634730E-02 3.741090E-02 4.053683E-02 4.432290E-02 1.294387E-01 1.131727E-01 7.756338E-02 3.420850E-02 1.694946E-02
458 2.116964E+02 5.178571E-01 1.455859E+00 4.634730E-02 3.741090E-02 4.053683E-02 4.432290E-02 1.294387E-01 1.131727E-01 7.756338E-02 3.420850E-02 1.694946E-02
459 2.122143E+02 5.178571E-01 1.455859E+00 4.634730E-02 3.741090E-02 4.053683E-02 4.432290E-02 1.294387E-01 1.131727E-01 7.756338E-02 3.420850E-02 1.694946E-02
460 2.127321E+02 5.178571E-01 1.455859E+00 4.634730E-02 3.741090E-02 4.053683E-02 4.432290E-02 1.294387E-01 1.131727E-01 7.756338E-02 3.420850E-02 1.694946E-02
461 2.132500E+02 5.178571E-01 1.455859E+00 4.634730E-02 3.741090E-02 4.053683E-02 4.432290E-02 1.294387E-01 1.131727E-01 7.756338E-02 3.420850E-02 1.694946E-02
462 2.137679E+02 5.178571E-01 1.455859E+00 4.634730E-02 3.741090E-02 4.053683E-02 4.432290E-02 1.294387E-01 1.131727E-01 7.756338E-02 3.420850E-02 1.694946E-02
463 2.142857E+02 5.178571E-01 1.455859E+00 4.634730E-02 3.741090E-02 4.053683E-02 4.432290E-02 1.294387E-01 1.131727E-01 7.756338E-02 3.420850E-02 1.694946E-02
464 2.148036E+02 5.178571E-01 1.455859E+00 4.634730E-02 3.741090E-02 4.053683E-02 4.432290E-02 1.294387E-01 1.131727E-01 7.756338E-02 3.420850E-02 1.694946E-02
465 2.153214E+02 5.178571E-01 1.455859E+00 4.634730E-02 3.741090E-02 4.053683E-02 4.432290E-02 1.294387E-01 1.131727E-01 7.756338E-02 3.420850E-02 1.694946E-02
466 2.158393E+02 5.178571E-01 1.455859E+00 4.634730E-02 3.741090E-02 4.053683E-02 4.432290E-02 1.294387E-01 1.131727E-01 7.756338E-02 3.420850E-02 1.694946E-02
467 2.163571E+02 5.178571E-01 1.455859E+00 4.634730E-02 3.741090E-02 4.053683E-02 4.432290E-02 1.294387E-01 1.131727E-01 7.756338E-02 3.420850E-02 1.694946E-02
468 2.168750E+02 5.178571E-01 1.455859E+00 4.634730E-02 3.741090E-02 4.053683E-02 4.432290E-02 1.294387E-01 1.131727E-01 7.756338E-02 3.420850E-02 1.694946E-02
469 2.173929E+02 5.178571E-01 1.455859E+00 4.634730E-02 3.741090E-02 4.053683E-02 4.432290E-02 1.294387E-01 1.131727E-01 7.756338E-02 3.420850E-02 1.694946E-02
470 2.179107E+02 5.178571E-01 1.455859E+00 4.634730E-02 3.741090E-02 4.053683E-02 4.432290E-02 1.294387E-01 1.131727E-01 7.756338E-02 3.420850E-02 1.694946E-02
471 2.184286E+02 5.178571E-01 1.455859E+00 4.634730E-02 3.741090E-02 4.053683E-02 4.432290E-02 1.294387E-01 1.131727E-01 7.756338E-02 3.420850E-02 1.694946E-02
472 2.189464E+02 5.178571E-01 1.455859E+00 4.634730E-02 3.741090E-02 4.053683E-02 4.432290E-02 1.294387E-01 1.131727E-01 7.756338E-02 3.420850E-02 1.694946E-02
473 2.194643E+02 5.178571E-01 1.455859E+00 4.634730E-02 3.741090E-02 4.053683E-02 4.432290E-02 1.294387E-01 1.131727E-01 7.756338E-02 3.420850E-02 1.694946E-02
474 2.199821E+02 5.178571E-01 1.455859E+00 4.634730E-02 3.741090E-02 4.053683E-02 4.432290E-02 1.294387E-01 1.131727E-01 7.756338E-02 3.420850E-02 1.694946E-02
475 2.205000E+02 5.178571E-01 1.455859E+00 4.634730E-02 3.741090E-02 4.053683E-02 4.432290E-02 1.294387E-01 1.131727E-01 7.756338E-02 3.420850E-02 1.694946E-02
476 2.210179E+02 5.178571E-01 1.455859E+00 4.634730E-02 3.741090E-02 4.053683E-02 4.432290E-02 1.294387E-01 1.131727E-01 7.756338E-02 3.420850E-02 1.694946E-02
477 2.215357E+02 5.178571E-01 1.455859E+00 4.634730E-02 3.741090E-02 4.053683E-02 4.432290E-02 1.294387E-01 1.131727E-01 7.756338E-02 3.420850E-02 1.694946E-02
478 2.220536E+02 5.178571E-01 1.455859E+00 4.634730E-02 3.741090E-02 4.053683E-02 4.432290E-02 1.294387E-01 1.131727E-01 7.756338E-02 3.420850E-02 1.694946E-02
479 2.225714E+02 5.178571E-01 1.455859E+00 4.634730E-02 3.741090E-02 4.053683E-02 4.432290E-02 1.294387E-01 1.131727E-01 7.756338E-02 3.420850E-02 1.694946E-02
480 2.230893E+02 5.178571E-01 1.455859E+00 4.634730E-02 3.741090E-02 4.053683E-02 4.432290E-02 1.294387E-01 1.131727E-01 7.756338E-02 3.420850E-02 1.694946E-02
481 2.236071E+02 5.178571E-01 1.455859E+00 4.634730E-02 3.741090E-02 4.053683E-02 4.432290E-02 1.294387E-01 1.131727E-01 7.756338E-02 3.420850E-02 1.694946E-02
482 2.241250E+02 5.178571E-01 1.455859E+00 4.634730E-02 3.741090E-02 4.053683E-02 4.432290E-02 1.294387E-01 1.131727E-01 7.756338E-02 3.420850E-02 1.694946E-02
483 2.246429E+02 5.178571E-01 1.455859E+00 4.634730E-02 3.741090E-02 4.053683E-02 4.432290E-02 1.294387E-01 1.131727E-01 7.756338E-02 3.420850E-02 1.694946E-02
484 2.251607E+02 5.178571E-01 1.455859E+00 4.634730E-02 3.741090E-02 4.053683E-02 4.432290E-02 1.294387E-01 1.131727E-01 7.756338E-02 3.420850E-02 1.694946E-02
485 2.256786E+02 5.178571E-01 1.455859E+00 4.634730E-02 3.741090E-02 4.053683E-02 4.432290E-02 1.294387E-01 1.131727E-01 7.756338E-02 3.420850E-02 1.694946E-02
486 2.261964E+02 5.178571E-01 1.455859E+00 4.634730E-02 3.741090E-02 4.053683E-02 4.432290E-02 1.294387E-01 1.131727E-01 7.756338E-02 3.420850E-02 1.694946E-02
487 2.267143E+02 5.178571E-01 1.455859E+00 4.634730E-02 3.741090E-02 4.053683E-02 4.432290E-02 1.294387E-01 1.131727E-01 7.756338E-02 3.420850E-02 1.694946E-02
488 2.272321E+02 5.178571E-01 1.455859E+00 4.634730E-02 3.741090E-02 4.053683E-02 4.432290E-02 1.294387E-01 1.131727E-01 7.756338E-02 3.420850E-02 1.694946E-02
489 2.277500E+02 5.178571E-01 1.455859E+00 4.634730E-02 3.741090E-02 4.053683E-02 4.432290E-02 1.294387E-01 1.131727E-01 7.756338E-02 3.420850E-02 1.694946E-02
490 2.282679E+02 5.178571E-01 1.455859E+00 4.634730E-02 3.741090E-02 4.053683E-02 4.432290E-02 1.294387E-01 1.131727E-01 7.756338E-02 3.420850E-02 1.694946E-02
491 2.287857E+02 5.178571E-01 1.455859E+00 4.634730E-02 3.741090E-02 4.053683E-02 4.432290E-02 1.294387E-01 1.131727E-01 7.756338E-02 3.420850E-02 1.694946E-02
492 2.293036E+02 5.178571E-01 1.455859E+00 4.634730E-02 3.741090E-02 4.053683E-02 4.432290E-02 1.294387E-01 1.131727E-01 7.756338E-02 3.420850E-02 1.694946E-02
493 2.298214E+02 5.178571E-01 1.455859E+00 4.634730E-02 3.741090E-02 4.053683E-02 4.432290E-02 1.294387E-01 1.131727E-01 7.756338E-02 3.420850E-02 1.694946E-02
494 2.303393E+02 5.178571E-01 1.455859E+00 4.634730E-02 3.741090E-02 4.053683E-02 4.432290E-02 1.294387E-01 1.131727E-01 7.756338E-02 3.420850E-02 1.694946E-02
495 2.308571E+02 5.178571E-01 1.455859E+00 4.634730E-02 3.741090E-02 4.053683E-02 4.432290E-02 1.294387E-01 1.131727E-01 7.756338E-02 3.420850E-02 1.694946E-02
496 2.313750E+02 5.178571E-01 1.455859E+00 4.634730E-02 3.741090E-02 4.053683E-02 4.432290E-02 1.294387E-01 1.131727E-01 7.756338E-02 3.420850E-02 1.694946E-02
497 2.318929E+02 5.178571E-01 1.455859E+00 4.634730E-02 3.741090E-02 4.053683E-02 4.432290E-02 1.294387E-01 1.131727E-01 7.756338E-02 3.420850E-02 1.694946E-02
498 2.324107E+02 5.178571E-01 1.455859E+00 4.634730E-02 3.741090E-02 4.053683E-02 4.432290E-02 1.294387E-01 1.131727E-01 7.756338E-02 3.420850E-02 1.694946E-02
499 2.329286E+02 5.178571E-01 1.455859E+00 4.634730E-02 3.741090E-02 4.053683E-02 4.432290E-02 1.294387E-01 1.131727E-01 7.756338E-02 3.420850E-02 1.694946E-02
500 2.334464E+02 5.178571E-01 1.455859E+00 4.634730E-02 3.741090E-02 4.053683E-02 4.432290E-02 1.294387E-01 1.131727E-01 7.756338E-02 3.420850E-02 1.694946E-02
501 2.339643E+02 5.178571E-01 1.455859E+00 4.634730E-02 3.741090E-02 4.053683E-02 4.432290E-02 1.294387E-01 1.131727E-01 7.756338E-02 3.420850E-02 1.694946E-02
502 2.344821E+02 5.178571E-01 1.455859E+00 4.634730E-02 3.741090E-02 4.053683E-02 4.432290E-02 1.294387E-01 1.131727E-01 7.756338E-02 3.420850E-02 1.694946E-02
503 2.350000E+02 5.178571E-01 1.455859E+00 4.634730E-02 3.741090E-02 4.053683E-02 4.432290E-02 1.294387E-01 1.131727E-01 7.756338E-02 3.420850E-02 1.694946E-02
504 2.355179E+02 5.178571E-01 1.455859E+00 4.634730E-02 3.741090E-02 4.053683E-02 4.432290E-02 1.294387E-01 1.131727E-01 7.756338E-02 3.420850E-02 1.694946E-02
505 2.360357E+02 5.178571E-01 1.455859E+00 4.634730E-02 3.741090E-02 4.053683E-02 4.432290E-02 1.294387E-01 1.131727E-01 7.756338E-02 3.420850E-02 1.694946E-02
506 2.365536E+02 5.178571E-01 1.455859E+00 4.634730E-02 3.741090E-02 4.053683E-02 4.432290E-02 1.294387E-01 1.131727E-01 7.756338E-02 3.420850E-02 1.694946E-02
507 2.370714E+02 5.178571E-01 1.455859E+00 4.634730E-02 3.741090E-02 4.053683E-02 4.432290E-02 1.294387E-01 1.131727E-01 7.756338E-02 3.420850E-02 1.694946E-02
508 2.375893E+02 5.178571E-01 1.455859E+00 4.634730E-02 3.741090E-02 4.053683E-02 4.432290E-02 1.294387E-01 1.131727E-01 7.756338E-02 3.420850E-02 1.694946E-02
509 2.381071E+02 5.178571E-01 1.455859E+00 4.634730E-02 3.741090E-02 4.053683E-02 4.432290E-02 1.294387E-01 1.131727E-01 7.756338E-02 3.420850E-02 1.694946E-02
510 2.386250E+02 5.178571E-01 1.455859E+00 4.634730E-02 3.741090E-02 4.053683E-02 4.432290E-02 1.294387E-01 1.131727E-01 7.756338E-02 3.420850E-02 1.694946E-02
511 2.391429E+02 5.178571E-01 1.455859E+00 4.634730E-02 3.741090E-02 4.053683E-02 4.432290E-02 1.294387E-01 1.131727E-01 7.756338E-02 3.420850E-02 1.694946E-02
512 2.396607E+02 5.178571E-01 1.455859E+00 4.634730E-02 3.741090E-02 4.053683E-02 4.432290E-02 1.294387E-01 1.131727E-01 7.756338E-02 3.420850E-02 1.694946E-02
513 2.401786E+02 5.178571E-01 1.455859E+00 4.634730E-02 3.741090E-02 4.053683E-02 4.432290E-02 1.294387E-01 1.131727E-01 7.756338E-02 3.420850E-02 1.694946E-02
514 2.406964E+02 5.178571E-01 1.455859E+00 4.634730E-02 3.741090E-02 4.053683E-02 4.432290E-02 1.294387E-01 1.131727E-01 7.756338E-02 3.420850E-02 1.694946E-02
515 2.412143E+02 5.178571E-01 1.455859E+00 4.634730E-02 3.741090E-02 4.053683E-02 4.432290E-02 1.294387E-01 1.131727E-01 7.756338E-02 3.420850E-02 1.694946E-02
516 2.417321E+02 5.178571E-01 1.455859E+00 4.634730E-02 3.741090E-02 4.053683E-02 4.432290E-02 1.294387E-01 1.131727E-01 7.756338E-02 3.420850E-02 1.694946E-02
517 2.422500E+02 5.178571E-01 1.455859E+00 4.634730E-02 3.741090E-02 4.053683E-02 4.432290E-02 1.294387E-01 1.131727E-01 7.756338E-02 3.420850E-02 1.694946E-02
518 2.427679E+02 5.178571E-01 1.455859E+00 4.634730E-02 3.741090E-02 4.053683E-02 4.432290E-02 1.294387E-01 1.131727E-01 7.756338E-02 3.420850E-02 1.694946E-02
519 2.432857E+02 5.178571E-01 1.455859E+00 4.634730E-02 3.741090E-02 4.053683E-02 4.432290E-02 1.294387E-01 1.131727E-01 7.756338E-02 3.420850E-02 1.694946E-02
520 2.438036E+02 5.178571E-01 1.455859E+00 4.634730E-02 3.741090E-02 4.053683E-02 4.432290E-02 1.294387E-01 1.131727E-01 7.756338E-02 3.420850E-02 1.694946E-02
521 2.443214E+02 5.178571E-01 1.455859E+00 4.634730E-02 3.741090E-02 4.053683E-02 4.432290E-02 1.294387E-01 1.131727E-01 7.756338E-02 3.420850E-02 1.694946E-02
522 2.448393E+02 5.178571E-01 1.455859E+00 4.634730E-02 3.741090E-02 4.053683E-02 4.432290E-02 1.294387E-01 1.131727E-01 7.756338E-02 3.420850E-02 1.694946E-02
523 2.453571E+02 5.178571E-01 1.455859E+00 4.634730E-02 3.741090E-02 4.053683E-02 4.432290E-02 1.294387E-01 1.131727E-01 7.756338E-02 3.420850E-02 1.694946E-02
524 2.458750E+02 5.178571E-01 1.455859E+00 4.634730E-02 3.741090E-02 4.053683E-02 4.432290E-02 1.294387E-01 1.131727E-01 7.756338E-02 3.420850E-02 1.694946E-02
525 2.463929E+02 5.178571E-01 1.455859E+00 4.634730E-02 3.741090E-02 4.053683E-02 4.432290E-02 1.294387E-01 1.131727E-01 7.756338E-02 3.420850E-02 1.694946E-02
526 2.469107E+02 5.178571E-01 1.455859E+00 4.634730E-02 3.741090E-02 4.053683E-02 4.432290E-02 1.294387E-01 1.131727E-01 7.756338E-02 3.420850E-02 1.694946E-02
527 2.474286E+02 5.178571E-01 1.455859E+00 4.634730E-02 3.741090E-02 4.053683E-02 4.432290E-02 1.294387E-01 1.131727E-01 7.756338E-02 3.420850E-02 1.694946E-02
528 2.479464E+02 5.178571E-01 1.455859E+00 4.634730E-02 3.741090E-02 4.053683E-02 4.432290E-02 1.294387E-01 1.131727E-01 7.756338E-02 3.420850E-02 1.694946E-02
529 2.484643E+02 5.178571E-01 1.455859E+00 4.634730E-02 3.741090E-02 4.053683E-02 4.432290E-02 1.294387E-01 1.131727E-01 7.756338E-02 3.420850E-02 1.694946E-02
530 2.489821E+02 5.178571E-01 1.455859E+00 4.634730E-02 3.741090E-02 4.053683E-02 4.432290E-02 1.294387E-01 1.131727E-01 7.756338E-02 3.420850E-02 1.694946E-02
531 2.495000E+02 5.178571E-01 1.455859E+00 4.634730E-02 3.741090E-02 4.053683E-02 4.432290E-02 1.294387E-01 1.131727E-01 7.756338E-02 3.420850E-02 1.694946E-02
532 2.500179E+02 5.178571E-01 1.455859E+00 4.634730E-02 3.741090E-02 4.053683E-02 4.432290E-02 1.294387E-01 1.131727E-01 7.756338E-02 3.420850E-02 1.694946E-02
533 2.505357E+02 5.178571E-01 1.455859E+00 4.634730E-02 3.741090E-02 4.053683E-02 4.432290E-02 1.294387E-01 1.131727E-01 7.756338E-02 3.420850E-02 1.694946E-02
534 2.510536E+02 5.178571E-01 1.455859E+00 4.634730E-02 3.741090E-02 4.053683E-02 4.432290E-02 1.294387E-01 1.131727E-01 7.756338E-02 3.420850E-02 1.694946E-02
535 2.515714E+02 5.178571E-01 1.455859E+00 4.634730E-02 3.741090E-02 4.053683E-02 4.432290E-02 1.294387E-01 1.131727E-01 7.756338E-02 3.420850E-02 1.694946E-02
536 2.520893E+02 5.178571E-01 1.455859E+00 4.634730E-02 3.741090E-02 4.053683E-02 4.432290E-02 1.294387E-01 1.131727E-01 7.756338E-02 3.420850E-02 1.694946E-02
537 2.526071E+02 5.178571E-01 1.455859E+00 4.634730E-02 3.741090E-02 4.053683E-02 4.432290E-02 1.294387E-01 1.131727E-01 7.756338E-02 3.420850E-02 1.694946E-02
538 2.531250E+02 5.178571E-01 1.455859E+00 4.634730E-02 3.741090E-02 4.053683E-02 4.432290E-02 1.294387E-01 1.131727E-01 7.756338E-02 3.420850E-02 1.694946E-02
539 2.536429E+02 5.178571E-01 1.455859E+00 4.634730E-02 3.741090E-02 4.053683E-02 4.432290E-02 1.294387E-01 1.131727E-01 7.756338E-02 3.420850E-02 1.694946E-02
540 2.541607E+02 5.178571E-01 1.455859E+00 4.634730E-02 3.741090E-02 4.053683E-02 4.432290E-02 1.294387E-01 1.131727E-01 7.756338E-02 3.420850E-02 1.694946E-02
541 2.546786E+02 5.178571E-01 1.455859E+00 4.634730E-02 3.741090E-02 4.053683E-02 4.432290E-02 1.294387E-01 1.131727E-01 7.756338E-02 3.420850E-02 1.694946E-02
542 2.551964E+02 5.178571E-01 1.455859E+00 4.634730E-02 3.741090E-02 4.053683E-02 4.432290E-02 1.294387E-01 1.131727E-01 7.756338E-02 3.420850E-02 1.694946E-02
543 2.557143E+02 5.178571E-01 1.455859E+00 4.634730E-02 3.741090E-02 4.053683E-02 4.432290E-02 1.294387E-01 1.131727E-01 7.756338E-02 3.420850E-02 1.694946E-02
544 2.562321E+02 5.178571E-01 1.455859E+00 4.634730E-02 3.741090E-02 4.053683E-02 4.432290E-02 1.294387E-01 1.131727E-01 7.756338E-02 3.420850E-02 1.694946E-02
545 2.567500E+02 5.178571E-01 1.455859E+00 4.634730E-02 3.741090E-02 4.053683E-02 4.432290E-02 1.294387E-01 1.131727E-01 7.756338E-02 3.420850E-02 1.694946E-02
546 2.572679E+02 5.178571E-01 1.455859E+00 4.634730E-02 3.741090E-02 4.053683E-02 4.432290E-02 1.294387E-01 1.131727E-01 7.756338E-02 3.420850E-02 1.694946E-02
547 2.577857E+02 5.178571E-01 1.455859E+00 4.634730E-02 3.741090E-02 4.053683E-02 4.432290E-02 1.294387E-01 1.131727E-01 7.756338E-02 3.420850E-02 1.694946E-02
548 2.583036E+02 5.178571E-01 1.455859E+00 4.634730E-02 3.741090E-02 4.053683E-02 4.432290E-02 1.294387E-01 1.131727E-01 7.756338E-02 3.420850E-02 1.694946E-02
549 2.588214E+02 5.178571E-01 1.455859E+00 4.634730E-02 3.741090E-02 4.053683E-02 4.432290E-02 1.294387E-01 1.131727E-01 7.756338E-02 3.420850E-02 1.694946E-02
550 2.593393E+02 5.178571E-01 1.455859E+00 4.634730E-02 3.741090E-02 4.053683E-02 4.432290E-02 1.294387E-01 1.131727E-01 7.756338E-02 3.420850E-02 1.694946E-02
551 2.598571E+02 5.178571E-01 1.455859E+00 4.634730E-02 3.741090E-02 4.053683E-02 4.432290E-02 1.294387E-01 1.131727E-01 7.756338E-02 3.420850E-02 1.694946E-02
552 2.603750E+02 5.178571E-01 1.455859E+00 4.634730E-02 3.741090E-02 4.053683E-02 4.432290E-02 1.294387E-01 1.131727E-01 7.756338E-02 3.420850E-02 1.694946E-02
553 2.608929E+02 5.178571E-01 1.455859E+00 4.634730E-02 3.741090E-02 4.053683E-02 4.432290E-02 1.294387E-01 1.131727E-01 7.756338E-02 3.420850E-02 1.694946E-02
554 2.614107E+02 5.178571E-01 1.455859E+00 4.634730E-02 3.741090E-02 4.053683E-02 4.432290E-02 1.294387E-01 1.131727E-01 7.756338E-02 3.420850E-02 1.694946E-02
555 2.619286E+02 5.178571E-01 1.455859E+00 4.634730E-02 3.741090E-02 4.053683E-02 4.432290E-02 1.294387E-01 1.131727E-01 7.756338E-02 3.420850E-02 1.694946E-02
556 2.624464E+02 5.178571E-01 1.455859E+00 4.634730E-02 3.741090E-02 4.053683E-02 4.432290E-02 1.294387E-01 1.131727E-01 7.756338E-02 3.420850E-02 1.694946E-02
557 2.629643E+02 5.178571E-01 1.455859E+00 4.634730E-02 3.741090E-02 4.053683E-02 4.432290E-02 1.294387E-01 1.131727E-01 7.756338E-02 3.420850E-02 1.694946E-02
558 2.634821E+02 5.178571E-01 1.455859E+00 4.634730E-02 3.741090E-02 4.053683E-02 4.432290E-02 1.294387E-01 1.131727E-01 7.756338E-02 3.420850E-02 1.694946E-02
559 2.640000E+02 5.178571E-01 1.455859E+00 4.634730E-02 3.741090E-02 4.053683E-02 4.432290E-02 1.294387E-01 1.131727E-01 7.756338E-02 3.420850E-02 1.694946E-02
560 2.645179E+02 5.178571E-01 1.455859E+00 4.634730E-02 3.741090E-02 4.053683E-02 4.432290E-02 1.294387E-01 1.131727E-01 7.756338E-02 3.420850E-02 1.694946E-02
561 2.650357E+02 5.178571E-01 1.455859E+00 4.634730E-02 3.741090E-02 4.053683E-02 4.432290E-02 1.294387E-01 1.131727E-01 7.756338E-02 3.420850E-02 1.694946E-02
562 2.655536E+02 5.178571E-01 1.455859E+00 4.634730E-02 3.741090E-02 4.053683E-02 4.432290E-02 1.294387E-01 1.131727E-01 7.756338E-02 3.420850E-02 1.694946E-02
563 2.660714E+02 5.178571E-01 1.455859E+00 4.634730E-02 3.741090E-02 4.053683E-02 4.432290E-02 1.294387E-01 1.131727E-01 7.756338E-02 3.420850E-02 1.694946E-02
564 2.665893E+02 5.178571E-01 1.455859E+00 4.634730E-02 3.741090E-02 4.053683E-02 4.432290E-02 1.294387E-01 1.131727E-01 7.756338E-02 3.420850E-02 1.694946E-02
565 2.671071E+02 5.178571E-01 1.455859E+00 4.634730E-02 3.741090E-02 4.053683E-02 4.432290E-02 1.294387E-01 1.131727E-01 7.756338E-02 3.420850E-02 1.694946E-02
566 2.676250E+02 5.178571E-01 1.455859E+00 4.634730E-02 3.741090E-02 4.053683E-02 4.432290E-02 1.294387E-01 1.131727E-01 7.756338E-02 3.420850E-02 1.694946E-02
567 2.681429E+02 5.178571E-01 1.455859E+00 4.634730E-02 3.741090E-02 4.053683E-02 4.432290E-02 1.294387E-01 1.131727E-01 7.756338E-02 3.420850E-02 1.694946E-02
568 2.686607E+02 5.178571E-01 1.455859E+00 4.634730E-02 3.741090E-02 4.053683E-02 4.432290E-02 1.294387E-01 1.131727E-01 7.756338E-02 3.420850E-02 1.694946E-02
569 2.691786E+02 5.178571E-01 1.455859E+00 4.634730E-02 3.741090E-02 4.053683E-02 4.432290E-02 1.294387E-01 1.131727E-01 7.756338E-02 3.420850E-02 1.694946E-02
570 2.696964E+02 5.178571E-01 1.455859E+00 4.634730E-02 3.741090E-02 4.053683E-02 4.432290E-02 1.294387E-01 1.131727E-01 7.756338E-02 3.420850E-02 1.694946E-02
571 2.702143E+02 5.178571E-01 1.455859E+00 4.634730E-02 3.741090E-02 4.053683E-02 4.432290E-02 1.294387E-01 1.131727E-01 7.756338E-02 3.420850E-02 1.694946E-02
572 2.707321E+02 5.178571E-01 1.455859E+00 4.634730E-02 3.741090E-02 4.053683E-02 4.432290E-02 1.294387E-01 1.131727E-01 7.756338E-02 3.420850E-02 1.694946E-02
573 2.712500E+02 5.178571E-01 1.455859E+00 4.634730E-02 3.741090E-02 4.053683E-02 4.432290E-02 1.294387E-01 1.131727E-01 7.756338E-02 3.420850E-02 1.694946E-02
574 2.717679E+02 5.178571E-01 1.455859E+00 4.634730E-02 3.741090E-02 4.053683E-02 4.432290E-02 1.294387E-01 1.131727E-01 7.756338E-02 3.420850E-02 1.694946E-02
575 2.722857E+02 5.178571E-01 1.455859E+00 4.634730E-02 3.741090E-02 4.053683E-02 4.432290E-02 1.294387E-01 1.131727E-01 7.756338E-02 3.420850E-02 1.694946E-02
576 2.728036E+02 5.178571E-01 1.455859E+00 4.634730E-02 3.741090E-02 4.053683E-02 4.432290E-02 1.294387E-01 1.131727E-01 7.756338E-02 3.420850E-02 1.694946E-02
577 2.733214E+02 5.178571E-01 1.455859E+00 4.634730E-02 3.741090E-02 4.053683E-02 4.432290E-02 1.294387E-01 1.131727E-01 7.756338E-02 3.420850E-02 1.694946E-02
578 2.738393E+02 5.178571E-01 1.455859E+00 4.634730E-02 3.741090E-02 4.053683E-02 4.432290E-02 1.294387E-01 1.131727E-01 7.756338E-02 3.420850E-02 1.694946E-02
579 2.743571E+02 5.178571E-01 1.455859E+00 4.634730E-02 3.741090E-02 4.053683E-02 4.432290E-02 1.294387E-01 1.131727E-01 7.756338E-02 3.420850E-02 1.694946E-02
580 2.748750E+02 5.178571E-01 1.455859E+00 4.634730E-02 3.741090E-02 4.053683E-02 4.432290E-02 1.294387E-01 1.131727E-01 7.756338E-02 3.420850E-02 1.694946E-02
581 2.753929E+02 5.178571E-01 1.455859E+00 4.634730E-02 3.741090E-02 4.053683E-02 4.432290E-02 1.294387E-01 1.131727E-01 7.756338E-02 3.420850E-02 1.694946E-02
582 2.759107E+02 5.178571E-01 1.455859E+00 4.634730E-02 3.741090E-02 4.053683E-02 4.432290E-02 1.294387E-01 1.131727E-01 7.756338E-02 3.420850E-02 1.694946E-02
583 2.764286E+02 5.178571E-01 1.455859E+00 4.634730E-02 3.741090E-02 4.053683E-02 4.432290E-02 1.294387E-01 1.131727E-01 7.756338E-02 3.420850E-02 1.694946E-02
584 2.769464E+02 5.178571E-01 1.455859E+00 4.634730E-02 3.741090E-02 4.053683E-02 4.432290E-02 1.294387E-01 1.131727E-01 7.756338E-02 3.420850E-02 1.694946E-02
585 2.774643E+02 5.178571E-01 1.455859E+00 4.634730E-02 3.741090E-02 4.053683E-02 4.432290E-02 1.294387E-01 1.131727E-01 7.756338E-02 3.420850E-02 1.694946E-02
586 2.779821E+02 5.178571E-01 1.455859E+00 4.634730E-02 3.741090E-02 4.053683E-02 4.432290E-02 1.294387E-01 1.131727E-01 7.756338E-02 3.420850E-02 1.694946E-02
587 2.785000E+02 5.178571E-01 1.455859E+00 4.634730E-02 3.741090E-02 4.053683E-02 4.432290E-02 1.294387E-01 1.131727E-01 7.756338E-02 3.420850E-02 1.694946E-02
588 2.790179E+02 5.178571E-01 1.455859E+00 4.634730E-02 3.741090E-02 4.053683E-02 4.432290E-02 1.294387E-01 1.131727E-01 7.756338E-02 3.420850E-02 1.694946E-02
589 2.795357E+02 5.178571E-01 1.455859E+00 4.634730E-02 3.741090E-02 4.053683E-02 4.432290E-02 1.294387E-01 1.131727E-01 7.756338E-02 3.420850E-02 1.694946E-02
590 2.800536E+02 5.178571E-01 1.455859E+00 4.634730E-02 3.741090E-02 4.053683E-02 4.432290E-02 1.294387E-01 1.131727E-01 7.756338E-02 3.420850E-02 1.694946E-02
