0 -2.548214E+01 5.178571E-01 0.000000E+00 0.000000E+00 0.000000E+00 0.000000E+00 0.000000E+00 5.968718E-08 0.000000E+00 0.000000E+00 0.000000E+00 0.000000E+00
1 -2.496429E+01 5.178571E-01 0.000000E+00 0.000000E+00 0.000000E+00 0.000000E+00 0.000000E+00 1.016740E-07 0.000000E+00 0.000000E+00 0.000000E+00 0.000000E+00
2 -2.444643E+01 5.178571E-01 1.689209E-01 4.195864E-14 1.016053E-13 4.403803E-13 1.284030E-12 1.304699E-07 2.868450E-12 3.199413E-12 2.065598E-12 1.149805E-12
3 -2.392857E+01 5.178571E-01 3.468894E+00 8.636179E-13 2.091301E-12 9.064173E-12 2.642868E-11 1.494933E-07 5.904017E-11 6.585225E-11 4.251538E-11 2.366597E-11
4 -2.341071E+01 5.178571E-01 8.093230E+00 5.004766E-12 1.211933E-11 5.252793E-11 1.531572E-10 1.613888E-07 3.421446E-10 3.816214E-10 2.463816E-10 1.371471E-10
5 -2.289286E+01 5.178571E-01 9.522322E+00 1.607163E-11 3.891839E-11 1.686811E-10 4.918285E-10 1.682067E-07 1.098717E-09 1.225488E-09 7.911965E-10 4.404155E-10
6 -2.237500E+01 5.178571E-01 9.099507E+00 3.713742E-11 8.993043E-11 3.897788E-10 1.136490E-09 1.714996E-07 2.538853E-09 2.831787E-09 1.828252E-09 1.017687E-09
7 -2.185714E+01 5.178571E-01 5.812589E+00 6.993061E-11 1.693411E-10 7.339625E-10 2.140036E-09 1.724096E-07 4.780719E-09 5.332321E-09 3.442641E-09 1.916329E-09
8 -2.133929E+01 5.178571E-01 3.978590E+00 1.141200E-10 2.763482E-10 1.197756E-09 3.492331E-09 1.717305E-07 7.801670E-09 8.701831E-09 5.618056E-09 3.127263E-09
9 -2.082143E+01 5.178571E-01 4.759281E+00 1.685608E-10 4.081798E-10 1.769143E-09 5.158344E-09 1.700215E-07 1.152345E-08 1.285303E-08 8.298143E-09 4.619120E-09
10 -2.030357E+01 5.178571E-01 4.781279E+00 2.332804E-10 5.649021E-10 2.448414E-09 7.138911E-09 1.677323E-07 1.594792E-08 1.778800E-08 1.148425E-08 6.392650E-09
11 -1.978571E+01 5.178571E-01 4.000323E+00 3.089180E-10 7.480631E-10 3.242275E-09 9.453595E-09 1.652200E-07 2.111880E-08 2.355549E-08 1.520784E-08 8.465370E-09
12 -1.926786E+01 5.178571E-01 3.002535E+00 3.954573E-10 9.576231E-10 4.150555E-09 1.210189E-08 1.627304E-07 2.703495E-08 3.015425E-08 1.946812E-08 1.083683E-08
13 -1.875000E+01 5.178571E-01 1.816319E+00 4.915174E-10 1.190238E-09 5.158762E-09 1.504155E-08 1.603929E-07 3.360198E-08 3.747899E-08 2.419710E-08 1.346919E-08
14 -1.823214E+01 5.178571E-01 1.559247E+00 5.943843E-10 1.439337E-09 6.238410E-09 1.818951E-08 1.582377E-07 4.063435E-08 4.532276E-08 2.926118E-08 1.628809E-08
15 -1.771429E+01 5.178571E-01 1.966781E+00 7.018395E-10 1.699545E-09 7.366214E-09 2.147789E-08 1.562772E-07 4.798038E-08 5.351639E-08 3.455113E-08 1.923271E-08
16 -1.719643E+01 5.178571E-01 2.015504E+00 8.133257E-10 1.969516E-09 8.536327E-09 2.488962E-08 1.545584E-07 5.560200E-08 6.201739E-08 4.003953E-08 2.228780E-08
17 -1.667857E+01 5.178571E-01 1.837508E+00 9.289653E-10 2.249544E-09 9.750032E-09 2.842845E-08 1.531338E-07 6.350756E-08 7.083509E-08 4.573239E-08 2.545671E-08
18 -1.616071E+01 5.178571E-01 1.141606E+00 1.048259E-09 2.538422E-09 1.100209E-08 3.207913E-08 1.520169E-07 7.166295E-08 7.993146E-08 5.160517E-08 2.872576E-08
19 -1.564286E+01 5.178571E-01 2.494869E-01 1.168597E-09 2.829825E-09 1.226510E-08 3.576172E-08 1.511307E-07 7.988966E-08 8.910738E-08 5.752930E-08 3.202340E-08
20 -1.512500E+01 5.178571E-01 5.196387E-01 1.285843E-09 3.113743E-09 1.349567E-08 3.934971E-08 1.503327E-07 8.790503E-08 9.804756E-08 6.330124E-08 3.523632E-08
21 -1.460714E+01 5.178571E-01 1.213893E+00 1.398144E-09 3.385687E-09 1.467433E-08 4.278638E-08 1.495599E-07 9.558235E-08 1.066107E-07 6.882975E-08 3.831373E-08
22 -1.408929E+01 5.178571E-01 1.855092E+00 1.507279E-09 3.649965E-09 1.581977E-08 4.612618E-08 1.488810E-07 1.030433E-07 1.149325E-07 7.420244E-08 4.130441E-08
23 -1.357143E+01 5.178571E-01 2.431703E+00 1.617723E-09 3.917411E-09 1.697895E-08 4.950601E-08 1.484630E-07 1.105936E-07 1.233540E-07 7.963952E-08 4.433094E-08
24 -1.305357E+01 5.178571E-01 1.417508E+00 1.734017E-09 4.199024E-09 1.819952E-08 5.306487E-08 1.484731E-07 1.185439E-07 1.322216E-07 8.536459E-08 4.751777E-08
25 -1.253571E+01 5.178571E-01 1.479046E+00 1.856666E-09 4.496026E-09 1.948679E-08 5.681822E-08 1.489251E-07 1.269287E-07 1.415738E-07 9.140254E-08 5.087876E-08
26 -1.201786E+01 5.178571E-01 1.464872E+00 1.985453E-09 4.807892E-09 2.083849E-08 6.075940E-08 1.498048E-07 1.357330E-07 1.513940E-07 9.774265E-08 5.440795E-08
27 -1.150000E+01 5.178571E-01 1.416098E+00 2.120371E-09 5.134602E-09 2.225453E-08 6.488817E-08 1.511050E-07 1.449565E-07 1.616817E-07 1.043846E-07 5.810513E-08
28 -1.098214E+01 5.178571E-01 1.361035E+00 2.261323E-09 5.475926E-09 2.373390E-08 6.920163E-08 1.528149E-07 1.545925E-07 1.724295E-07 1.113235E-07 6.196768E-08
29 -1.046429E+01 5.178571E-01 1.318894E+00 2.408089E-09 5.831328E-09 2.527429E-08 7.369300E-08 1.549186E-07 1.646260E-07 1.836206E-07 1.185487E-07 6.598956E-08
30 -9.946429E+00 5.178571E-01 1.340837E+00 2.560492E-09 6.200382E-09 2.687386E-08 7.835690E-08 1.574021E-07 1.750449E-07 1.952416E-07 1.260515E-07 7.016592E-08
31 -9.428571E+00 5.178571E-01 1.447778E+00 2.718842E-09 6.583836E-09 2.853583E-08 8.320276E-08 1.602694E-07 1.858703E-07 2.073161E-07 1.338469E-07 7.450522E-08
32 -8.910714E+00 5.178571E-01 1.529898E+00 2.884276E-09 6.984443E-09 3.027216E-08 8.826542E-08 1.635560E-07 1.971799E-07 2.199307E-07 1.419911E-07 7.903865E-08
33 -8.392857E+00 5.178571E-01 1.553286E+00 3.058429E-09 7.406165E-09 3.209999E-08 9.359489E-08 1.673161E-07 2.090857E-07 2.332101E-07 1.505646E-07 8.381102E-08
34 -7.875000E+00 5.178571E-01 1.520767E+00 3.242843E-09 7.852734E-09 3.403552E-08 9.923837E-08 1.716006E-07 2.216929E-07 2.472720E-07 1.596432E-07 8.886456E-08
35 -7.357143E+00 5.178571E-01 1.432925E+00 3.438470E-09 8.326456E-09 3.608874E-08 1.052250E-07 1.764387E-07 2.350667E-07 2.621888E-07 1.692738E-07 9.422538E-08
36 -6.839286E+00 5.178571E-01 1.443251E+00 3.645609E-09 8.828057E-09 3.826279E-08 1.115640E-07 1.818352E-07 2.492275E-07 2.779836E-07 1.794711E-07 9.990169E-08
37 -6.321429E+00 5.178571E-01 1.438639E+00 3.864625E-09 9.358415E-09 4.056149E-08 1.182663E-07 1.877974E-07 2.642003E-07 2.946838E-07 1.902531E-07 1.059034E-07
38 -5.803571E+00 5.178571E-01 1.436477E+00 4.096014E-09 9.918739E-09 4.299006E-08 1.253474E-07 1.943384E-07 2.800189E-07 3.123277E-07 2.016443E-07 1.122443E-07
39 -5.285714E+00 5.178571E-01 1.438731E+00 4.340383E-09 1.051049E-08 4.555485E-08 1.328256E-07 2.014750E-07 2.967249E-07 3.309612E-07 2.136744E-07 1.189408E-07
40 -4.767857E+00 5.178571E-01 1.446275E+00 4.598475E-09 1.113548E-08 4.826367E-08 1.407238E-07 2.092300E-07 3.143690E-07 3.506411E-07 2.263801E-07 1.260133E-07
41 -4.250000E+00 5.178571E-01 1.458259E+00 4.871215E-09 1.179593E-08 5.112624E-08 1.490703E-07 2.176328E-07 3.330146E-07 3.714380E-07 2.398069E-07 1.334873E-07
42 -3.732143E+00 5.178571E-01 1.468803E+00 5.159727E-09 1.249458E-08 5.415434E-08 1.578994E-07 2.267209E-07 3.527383E-07 3.934374E-07 2.540102E-07 1.413935E-07
43 -3.214286E+00 5.178571E-01 1.469851E+00 5.465259E-09 1.323445E-08 5.736108E-08 1.672494E-07 2.365365E-07 3.736256E-07 4.167348E-07 2.690513E-07 1.497661E-07
44 -2.696429E+00 5.178571E-01 1.463741E+00 5.789053E-09 1.401853E-08 6.075948E-08 1.771582E-07 2.471217E-07 3.957614E-07 4.414246E-07 2.849915E-07 1.586391E-07
45 -2.178571E+00 5.178571E-01 1.455398E+00 6.132251E-09 1.484961E-08 6.436155E-08 1.876609E-07 2.585153E-07 4.192237E-07 4.675940E-07 3.018870E-07 1.680439E-07
46 -1.660714E+00 5.178571E-01 1.449695E+00 6.495909E-09 1.573022E-08 6.817835E-08 1.987896E-07 2.707529E-07 4.440847E-07 4.953235E-07 3.197896E-07 1.780093E-07
47 -1.142857E+00 5.178571E-01 1.451943E+00 6.881093E-09 1.666297E-08 7.222108E-08 2.105771E-07 2.838709E-07 4.704174E-07 5.246944E-07 3.387520E-07 1.885646E-07
48 -6.250000E-01 5.178571E-01 1.452587E+00 7.289004E-09 1.765075E-08 7.650234E-08 2.230601E-07 2.979106E-07 4.983037E-07 5.557983E-07 3.588332E-07 1.997427E-07
49 -1.071429E-01 5.178571E-01 1.453917E+00 7.720969E-09 1.869678E-08 8.103607E-08 2.362792E-07 3.129185E-07 5.278344E-07 5.887363E-07 3.800986E-07 2.115800E-07
50 4.107143E-01 5.178571E-01 1.455528E+00 8.178437E-09 1.980457E-08 8.583747E-08 2.502788E-07 3.289457E-07 5.591087E-07 6.236190E-07 4.026195E-07 2.241161E-07
51 9.285714E-01 5.178571E-01 1.457047E+00 8.662981E-09 2.097792E-08 9.092303E-08 2.651070E-07 3.460483E-07 5.922339E-07 6.605662E-07 4.264732E-07 2.373942E-07
52 1.446429E+00 5.178571E-01 1.457972E+00 9.176284E-09 2.222091E-08 9.631045E-08 2.808152E-07 3.642866E-07 6.273252E-07 6.997064E-07 4.517428E-07 2.514604E-07
53 1.964286E+00 5.178571E-01 1.457851E+00 9.720128E-09 2.353786E-08 1.020184E-07 2.974580E-07 3.837245E-07 6.645044E-07 7.411753E-07 4.785159E-07 2.663635E-07
54 2.482143E+00 5.178571E-01 1.456768E+00 1.029637E-08 2.493326E-08 1.080664E-07 3.150923E-07 4.044294E-07 7.038984E-07 7.851146E-07 5.068839E-07 2.821544E-07
55 3.000000E+00 5.178571E-01 1.455568E+00 1.090693E-08 2.641176E-08 1.144746E-07 3.337768E-07 4.264706E-07 7.456385E-07 8.316707E-07 5.369413E-07 2.988857E-07
56 3.517857E+00 5.178571E-01 1.454871E+00 1.155380E-08 2.797821E-08 1.212639E-07 3.535727E-07 4.499211E-07 7.898613E-07 8.809960E-07 5.687866E-07 3.166122E-07
57 4.035714E+00 5.178571E-01 1.454888E+00 1.223910E-08 2.963770E-08 1.284565E-07 3.745444E-07 4.748575E-07 8.367110E-07 9.332512E-07 6.025235E-07 3.353917E-07
58 4.553571E+00 5.178571E-01 1.455405E+00 1.296508E-08 3.139569E-08 1.360760E-07 3.967609E-07 5.013624E-07 8.863413E-07 9.886079E-07 6.382628E-07 3.552858E-07
59 5.071429E+00 5.178571E-01 1.455700E+00 1.373413E-08 3.325801E-08 1.441477E-07 4.202957E-07 5.295240E-07 9.389168E-07 1.047250E-06 6.761229E-07 3.763604E-07
60 5.589286E+00 5.178571E-01 1.455982E+00 1.454883E-08 3.523086E-08 1.526985E-07 4.452275E-07 5.594368E-07 9.946130E-07 1.109372E-06 7.162302E-07 3.986859E-07
61 6.107143E+00 5.178571E-01 1.456160E+00 1.541191E-08 3.732084E-08 1.617570E-07 4.716395E-07 5.912013E-07 1.053616E-06 1.175183E-06 7.587189E-07 4.223370E-07
62 6.625000E+00 5.178571E-01 1.456205E+00 1.632624E-08 3.953495E-08 1.713534E-07 4.996202E-07 6.249241E-07 1.116123E-06 1.244902E-06 8.037309E-07 4.473928E-07
63 7.142857E+00 5.178571E-01 1.456116E+00 1.729488E-08 4.188057E-08 1.815199E-07 5.292628E-07 6.607182E-07 1.182343E-06 1.318762E-06 8.514164E-07 4.739367E-07
64 7.660714E+00 5.178571E-01 1.455940E+00 1.832105E-08 4.436549E-08 1.922901E-07 5.606658E-07 6.987028E-07 1.252496E-06 1.397009E-06 9.019340E-07 5.020570E-07
65 8.178571E+00 5.178571E-01 1.455766E+00 1.940814E-08 4.699794E-08 2.036997E-07 5.939332E-07 7.390040E-07 1.326813E-06 1.479902E-06 9.554507E-07 5.318468E-07
66 8.696429E+00 5.178571E-01 1.455683E+00 2.055974E-08 4.978661E-08 2.157864E-07 6.291749E-07 7.817552E-07 1.405541E-06 1.567713E-06 1.012143E-06 5.634045E-07
67 9.214286E+00 5.178571E-01 1.455703E+00 2.177965E-08 5.274071E-08 2.285902E-07 6.665070E-07 8.270979E-07 1.488939E-06 1.660734E-06 1.072199E-06 5.968342E-07
68 9.732143E+00 5.178571E-01 1.455785E+00 2.307191E-08 5.586998E-08 2.421531E-07 7.060530E-07 8.751820E-07 1.577282E-06 1.759270E-06 1.135816E-06 6.322462E-07
69 1.025000E+01 5.178571E-01 1.455866E+00 2.444078E-08 5.918478E-08 2.565202E-07 7.479435E-07 9.261668E-07 1.670863E-06 1.863649E-06 1.203205E-06 6.697578E-07
70 1.076786E+01 5.178571E-01 1.455904E+00 2.589079E-08 6.269607E-08 2.717389E-07 7.923172E-07 9.802213E-07 1.769992E-06 1.974214E-06 1.274588E-06 7.094929E-07
71 1.128571E+01 5.178571E-01 1.455921E+00 2.742674E-08 6.641547E-08 2.878596E-07 8.393208E-07 1.037524E-06 1.874995E-06 2.091333E-06 1.350202E-06 7.515830E-07
72 1.180357E+01 5.178571E-01 1.455913E+00 2.905371E-08 7.035526E-08 3.049356E-07 8.891096E-07 1.098266E-06 1.986221E-06 2.215392E-06 1.430296E-06 7.961672E-07
73 1.232143E+01 5.178571E-01 1.455889E+00 3.077705E-08 7.452844E-08 3.230231E-07 9.418480E-07 1.162646E-06 2.104035E-06 2.346800E-06 1.515136E-06 8.433926E-07
74 1.283929E+01 5.178571E-01 1.455860E+00 3.260246E-08 7.894878E-08 3.421818E-07 9.977097E-07 1.230878E-06 2.228827E-06 2.485990E-06 1.604999E-06 8.934148E-07
75 1.335714E+01 5.178571E-01 1.455837E+00 3.453594E-08 8.363081E-08 3.624748E-07 1.056878E-06 1.303186E-06 2.361007E-06 2.633421E-06 1.700183E-06 9.463984E-07
76 1.387500E+01 5.178571E-01 1.455829E+00 3.658385E-08 8.858993E-08 3.839688E-07 1.119549E-06 1.379808E-06 2.501009E-06 2.789577E-06 1.801000E-06 1.002518E-06
77 1.439286E+01 5.178571E-01 1.455836E+00 3.875291E-08 9.384243E-08 4.067343E-07 1.185927E-06 1.460996E-06 2.649294E-06 2.954971E-06 1.907782E-06 1.061957E-06
78 1.491071E+01 5.178571E-01 1.455851E+00 4.105024E-08 9.940556E-08 4.308462E-07 1.256231E-06 1.547016E-06 2.806349E-06 3.130147E-06 2.020878E-06 1.124912E-06
79 1.542857E+01 5.178571E-01 1.455864E+00 4.348339E-08 1.052976E-07 4.563835E-07 1.330691E-06 1.638152E-06 2.972688E-06 3.315678E-06 2.140660E-06 1.191588E-06
80 1.594643E+01 5.178571E-01 1.455871E+00 4.606032E-08 1.115378E-07 4.834299E-07 1.409551E-06 1.734701E-06 3.148856E-06 3.512173E-06 2.267521E-06 1.262204E-06
81 1.646429E+01 5.178571E-01 1.455870E+00 4.878948E-08 1.181466E-07 5.120740E-07 1.493069E-06 1.836980E-06 3.335432E-06 3.720276E-06 2.401876E-06 1.336992E-06
82 1.698214E+01 5.178571E-01 1.455867E+00 5.167978E-08 1.251456E-07 5.424094E-07 1.581519E-06 1.945325E-06 3.533024E-06 3.940666E-06 2.544164E-06 1.416196E-06
83 1.750000E+01 5.178571E-01 1.455862E+00 5.474067E-08 1.325577E-07 5.745352E-07 1.675189E-06 2.060087E-06 3.742278E-06 4.174064E-06 2.694850E-06 1.500074E-06
84 1.801786E+01 5.178571E-01 1.455857E+00 5.798213E-08 1.404071E-07 6.085562E-07 1.774385E-06 2.181643E-06 3.963876E-06 4.421230E-06 2.854425E-06 1.588901E-06
85 1.853571E+01 5.178571E-01 1.455855E+00 6.141470E-08 1.487193E-07 6.445831E-07 1.879430E-06 2.310387E-06 4.198540E-06 4.682970E-06 3.023408E-06 1.682965E-06
86 1.905357E+01 5.178571E-01 1.455854E+00 6.504956E-08 1.575213E-07 6.827330E-07 1.990665E-06 2.446739E-06 4.447032E-06 4.960133E-06 3.202350E-06 1.782572E-06
87 1.957143E+01 5.178571E-01 1.455856E+00 6.889849E-08 1.668417E-07 7.231298E-07 2.108451E-06 2.591141E-06 4.710159E-06 5.253620E-06 3.391830E-06 1.888045E-06
88 2.008929E+01 5.178571E-01 1.455859E+00 7.297397E-08 1.767107E-07 7.659043E-07 2.233170E-06 2.744061E-06 4.988775E-06 5.564382E-06 3.592464E-06 1.999727E-06
89 2.060714E+01 5.178571E-01 1.455861E+00 7.728918E-08 1.871603E-07 8.111950E-07 2.365225E-06 2.905994E-06 5.283779E-06 5.893424E-06 3.804899E-06 2.117978E-06
90 2.112500E+01 5.178571E-01 1.455861E+00 8.185806E-08 1.982241E-07 8.591480E-07 2.505043E-06 3.077463E-06 5.596124E-06 6.241808E-06 4.029822E-06 2.243180E-06
91 2.164286E+01 5.178571E-01 1.455861E+00 8.669532E-08 2.099378E-07 9.099179E-07 2.653074E-06 3.259021E-06 5.926818E-06 6.610657E-06 4.267957E-06 2.375737E-06
92 2.216071E+01 5.178571E-01 1.455860E+00 9.181652E-08 2.223391E-07 9.636679E-07 2.809795E-06 3.451250E-06 6.276922E-06 7.001157E-06 4.520071E-06 2.516075E-06
93 2.267857E+01 5.178571E-01 1.455859E+00 9.723810E-08 2.354678E-07 1.020570E-06 2.975707E-06 3.654768E-06 6.647561E-06 7.414561E-06 4.786972E-06 2.664644E-06
94 2.319643E+01 5.178571E-01 1.455859E+00 1.029774E-07 2.493658E-07 1.080808E-06 3.151343E-06 3.870227E-06 7.039921E-06 7.852191E-06 5.069514E-06 2.821919E-06
95 2.371429E+01 5.178571E-01 1.455858E+00 1.090527E-07 2.640775E-07 1.144572E-06 3.337261E-06 4.098314E-06 7.455253E-06 8.315444E-06 5.368598E-06 2.988403E-06
96 2.423214E+01 5.178571E-01 1.455859E+00 1.154834E-07 2.796499E-07 1.212066E-06 3.534056E-06 4.339755E-06 7.894880E-06 8.805796E-06 5.685178E-06 3.164626E-06
97 2.475000E+01 5.178571E-01 1.455859E+00 1.222899E-07 2.961322E-07 1.283504E-06 3.742350E-06 4.595317E-06 8.360198E-06 9.324802E-06 6.020258E-06 3.351146E-06
98 2.526786E+01 5.178571E-01 1.455859E+00 1.294937E-07 3.135767E-07 1.359112E-06 3.962804E-06 4.865808E-06 8.852679E-06 9.874106E-06 6.374898E-06 3.548555E-06
99 2.578571E+01 5.178571E-01 1.455860E+00 1.371176E-07 3.320384E-07 1.439129E-06 4.196112E-06 5.152082E-06 9.373876E-06 1.045544E-05 6.750217E-06 3.757474E-06
100 2.630357E+01 5.178571E-01 1.455860E+00 1.451855E-07 3.515753E-07 1.523807E-06 4.443008E-06 5.455039E-06 9.925428E-06 1.107063E-05 7.147395E-06 3.978561E-06
101 2.682143E+01 5.178571E-01 1.455860E+00 1.537227E-07 3.722486E-07 1.613410E-06 4.704266E-06 5.775628E-06 1.050906E-05 1.172161E-05 7.567676E-06 4.212509E-06
102 2.733929E+01 5.178571E-01 1.455859E+00 1.627559E-07 3.941229E-07 1.708218E-06 4.980700E-06 6.114849E-06 1.112660E-05 1.241040E-05 8.012371E-06 4.460046E-06
103 2.785714E+01 5.178571E-01 1.455859E+00 1.723130E-07 4.172660E-07 1.808525E-06 5.273170E-06 6.473756E-06 1.177996E-05 1.313914E-05 8.482863E-06 4.721943E-06
104 2.837500E+01 5.178571E-01 1.455859E+00 1.824237E-07 4.417497E-07 1.914643E-06 5.582580E-06 6.853460E-06 1.247117E-05 1.391010E-05 8.980606E-06 4.999009E-06
105 2.889286E+01 5.178571E-01 1.455859E+00 1.931191E-07 4.676492E-07 2.026897E-06 5.909884E-06 7.255130E-06 1.320235E-05 1.472564E-05 9.507135E-06 5.292099E-06
106 2.941071E+01 5.178571E-01 1.455859E+00 2.044320E-07 4.950440E-07 2.145633E-06 6.256084E-06 7.679997E-06 1.397574E-05 1.558827E-05 1.006406E-05 5.602109E-06
107 2.992857E+01 5.178571E-01 1.455859E+00 2.163968E-07 5.240176E-07 2.271211E-06 6.622236E-06 8.129356E-06 1.479370E-05 1.650061E-05 1.065308E-05 5.929986E-06
108 3.044643E+01 5.178571E-01 1.455859E+00 2.290500E-07 5.546579E-07 2.404013E-06 7.009450E-06 8.604570E-06 1.565872E-05 1.746543E-05 1.127599E-05 6.276722E-06
109 3.096429E+01 5.178571E-01 1.455859E+00 2.424294E-07 5.870571E-07 2.544438E-06 7.418893E-06 9.107072E-06 1.657339E-05 1.848563E-05 1.193465E-05 6.643365E-06
110 3.148214E+01 5.178571E-01 1.455859E+00 2.565754E-07 6.213124E-07 2.692908E-06 7.851792E-06 9.638365E-06 1.754046E-05 1.956429E-05 1.263105E-05 7.031010E-06
111 3.200000E+01 5.178571E-01 1.455859E+00 2.715299E-07 6.575256E-07 2.849865E-06 8.309434E-06 1.020003E-05 1.856280E-05 2.070459E-05 1.336725E-05 7.440813E-06
112 3.251786E+01 5.178571E-01 1.455859E+00 2.873372E-07 6.958038E-07 3.015771E-06 8.793171E-06 1.079373E-05 1.964345E-05 2.190992E-05 1.414543E-05 7.873983E-06
113 3.303571E+01 5.178571E-01 1.455859E+00 3.040435E-07 7.362591E-07 3.191114E-06 9.304423E-06 1.142120E-05 2.078555E-05 2.318380E-05 1.496787E-05 8.331792E-06
114 3.355357E+01 5.178571E-01 1.455859E+00 3.216975E-07 7.790094E-07 3.376403E-06 9.844677E-06 1.208428E-05 2.199245E-05 2.452995E-05 1.583697E-05 8.815570E-06
115 3.407143E+01 5.178571E-01 1.455859E+00 3.403502E-07 8.241779E-07 3.572173E-06 1.041549E-05 1.278486E-05 2.326762E-05 2.595225E-05 1.675523E-05 9.326714E-06
116 3.458929E+01 5.178571E-01 1.455859E+00 3.600547E-07 8.718937E-07 3.778984E-06 1.101850E-05 1.352496E-05 2.461469E-05 2.745475E-05 1.772527E-05 9.866685E-06
117 3.510714E+01 5.178571E-01 1.455859E+00 3.808671E-07 9.222919E-07 3.997422E-06 1.165540E-05 1.430667E-05 2.603750E-05 2.904172E-05 1.874985E-05 1.043701E-05
118 3.562500E+01 5.178571E-01 1.455859E+00 4.028454E-07 9.755138E-07 4.228097E-06 1.232799E-05 1.513218E-05 2.754003E-05 3.071761E-05 1.983183E-05 1.103929E-05
119 3.614286E+01 5.178571E-01 1.455859E+00 4.260508E-07 1.031707E-06 4.471651E-06 1.303812E-05 1.600377E-05 2.912643E-05 3.248705E-05 2.097422E-05 1.167519E-05
120 3.666071E+01 5.178571E-01 1.455859E+00 4.505467E-07 1.091025E-06 4.728750E-06 1.378775E-05 1.692385E-05 3.080106E-05 3.435491E-05 2.218014E-05 1.234646E-05
121 3.717857E+01 5.178571E-01 1.455859E+00 4.763994E-07 1.153629E-06 5.000089E-06 1.457891E-05 1.789489E-05 3.256845E-05 3.632622E-05 2.345285E-05 1.305491E-05
122 3.769643E+01 5.178571E-01 1.455859E+00 5.036781E-07 1.219686E-06 5.286395E-06 1.541370E-05 1.891950E-05 3.443332E-05 3.840626E-05 2.479576E-05 1.380244E-05
123 3.821429E+01 5.178571E-01 1.455859E+00 5.324545E-07 1.289370E-06 5.588420E-06 1.629432E-05 2.000036E-05 3.640059E-05 4.060051E-05 2.621241E-05 1.459100E-05
124 3.873214E+01 5.178571E-01 1.455859E+00 5.628032E-07 1.362861E-06 5.906948E-06 1.722306E-05 2.114028E-05 3.847534E-05 4.291465E-05 2.770646E-05 1.542266E-05
125 3.925000E+01 5.178571E-01 1.455859E+00 5.948019E-07 1.440348E-06 6.242792E-06 1.820229E-05 2.234218E-05 4.066289E-05 4.535460E-05 2.928173E-05 1.629953E-05
126 3.976786E+01 5.178571E-01 1.455859E+00 6.285306E-07 1.522024E-06 6.596795E-06 1.923447E-05 2.360907E-05 4.296872E-05 4.792647E-05 3.094218E-05 1.722381E-05
127 4.028571E+01 5.178571E-01 1.455859E+00 6.640727E-07 1.608091E-06 6.969829E-06 2.032214E-05 2.494406E-05 4.539850E-05 5.063661E-05 3.269189E-05 1.819778E-05
128 4.080357E+01 5.178571E-01 1.455859E+00 7.015138E-07 1.698757E-06 7.362796E-06 2.146792E-05 2.635039E-05 4.795812E-05 5.349155E-05 3.453509E-05 1.922379E-05
129 4.132143E+01 5.178571E-01 1.455859E+00 7.409425E-07 1.794236E-06 7.776623E-06 2.267453E-05 2.783138E-05 5.065361E-05 5.649806E-05 3.647615E-05 2.030426E-05
130 4.183929E+01 5.178571E-01 1.455859E+00 7.824501E-07 1.894749E-06 8.212269E-06 2.394475E-05 2.939045E-05 5.349123E-05 5.966307E-05 3.851954E-05 2.144171E-05
131 4.235714E+01 5.178571E-01 1.455859E+00 8.261301E-07 2.000523E-06 8.670717E-06 2.528146E-05 3.103113E-05 5.647736E-05 6.299375E-05 4.066988E-05 2.263868E-05
132 4.287500E+01 5.178571E-01 1.455859E+00 8.720787E-07 2.111790E-06 9.152974E-06 2.668759E-05 3.275702E-05 5.961857E-05 6.649740E-05 4.293190E-05 2.389783E-05
133 4.339286E+01 5.178571E-01 1.455859E+00 9.203940E-07 2.228788E-06 9.660071E-06 2.816615E-05 3.457180E-05 6.292159E-05 7.018152E-05 4.531043E-05 2.522182E-05
134 4.391071E+01 5.178571E-01 1.455859E+00 9.711763E-07 2.351760E-06 1.019306E-05 2.972021E-05 3.647925E-05 6.639326E-05 7.405375E-05 4.781041E-05 2.661343E-05
135 4.442857E+01 5.178571E-01 1.455859E+00 1.024527E-06 2.480953E-06 1.075301E-05 3.135288E-05 3.848320E-05 7.004055E-05 7.812187E-05 5.043686E-05 2.807542E-05
136 4.494643E+01 5.178571E-01 1.455859E+00 1.080551E-06 2.616618E-06 1.134101E-05 3.306732E-05 4.058752E-05 7.387052E-05 8.239375E-05 5.319486E-05 2.961065E-05
137 4.546429E+01 5.178571E-01 1.455859E+00 1.139351E-06 2.759006E-06 1.195816E-05 3.486674E-05 4.279614E-05 7.789033E-05 8.687736E-05 5.608956E-05 3.122197E-05
138 4.598214E+01 5.178571E-01 1.455859E+00 1.201034E-06 2.908373E-06 1.260555E-05 3.675436E-05 4.511301E-05 8.210716E-05 9.158073E-05 5.912614E-05 3.291227E-05
139 4.650000E+01 5.178571E-01 1.455859E+00 1.265703E-06 3.064975E-06 1.328429E-05 3.873340E-05 4.754210E-05 8.652823E-05 9.651191E-05 6.230980E-05 3.468443E-05
140 4.701786E+01 5.178571E-01 1.455859E+00 1.333466E-06 3.229065E-06 1.399550E-05 4.080709E-05 5.008736E-05 9.116073E-05 1.016789E-04 6.564570E-05 3.654135E-05
141 4.753571E+01 5.178571E-01 1.455859E+00 1.404425E-06 3.400898E-06 1.474026E-05 4.297862E-05 5.275271E-05 9.601179E-05 1.070897E-04 6.913900E-05 3.848588E-05
142 4.805357E+01 5.178571E-01 1.455859E+00 1.478685E-06 3.580723E-06 1.551966E-05 4.525114E-05 5.554203E-05 1.010885E-04 1.127521E-04 7.279477E-05 4.052084E-05
143 4.857143E+01 5.178571E-01 1.455859E+00 1.556346E-06 3.768784E-06 1.633476E-05 4.762775E-05 5.845910E-05 1.063977E-04 1.186739E-04 7.661798E-05 4.264901E-05
144 4.908929E+01 5.178571E-01 1.455859E+00 1.637507E-06 3.965319E-06 1.718659E-05 5.011145E-05 6.150761E-05 1.119461E-04 1.248625E-04 8.061347E-05 4.487308E-05
145 4.960714E+01 5.178571E-01 1.455859E+00 1.722261E-06 4.170557E-06 1.807614E-05 5.270513E-05 6.469112E-05 1.177403E-04 1.313252E-04 8.478588E-05 4.719563E-05
146 5.012500E+01 5.178571E-01 1.455859E+00 1.810700E-06 4.384716E-06 1.900435E-05 5.541154E-05 6.801300E-05 1.237862E-04 1.380688E-04 8.913964E-05 4.961913E-05
147 5.064286E+01 5.178571E-01 1.455859E+00 1.902906E-06 4.607999E-06 1.997211E-05 5.823326E-05 7.147641E-05 1.300898E-04 1.450996E-04 9.367890E-05 5.214589E-05
148 5.116071E+01 5.178571E-01 1.455859E+00 1.998959E-06 4.840595E-06 2.098023E-05 6.117268E-05 7.508429E-05 1.366563E-04 1.524238E-04 9.840750E-05 5.477804E-05
149 5.167857E+01 5.178571E-01 1.455859E+00 2.098927E-06 5.082675E-06 2.202946E-05 6.423195E-05 7.883927E-05 1.434905E-04 1.600466E-04 1.033289E-04 5.751751E-05
150 5.219643E+01 5.178571E-01 1.455859E+00 2.202873E-06 5.334387E-06 2.312044E-05 6.741295E-05 8.274366E-05 1.505967E-04 1.679726E-04 1.084461E-04 6.036598E-05
151 5.271429E+01 5.178571E-01 1.455859E+00 2.310849E-06 5.595856E-06 2.425370E-05 7.071723E-05 8.679938E-05 1.579783E-04 1.762059E-04 1.137617E-04 6.332486E-05
152 5.323214E+01 5.178571E-01 1.455859E+00 2.422893E-06 5.867177E-06 2.542967E-05 7.414604E-05 9.100794E-05 1.656381E-04 1.847495E-04 1.192775E-04 6.639524E-05
153 5.375000E+01 5.178571E-01 1.455859E+00 2.539034E-06 6.148419E-06 2.664864E-05 7.770021E-05 9.537037E-05 1.735779E-04 1.936054E-04 1.249951E-04 6.957788E-05
154 5.426786E+01 5.178571E-01 1.455859E+00 2.659284E-06 6.439613E-06 2.791074E-05 8.138016E-05 9.988717E-05 1.817987E-04 2.027747E-04 1.309149E-04 7.287314E-05
155 5.478571E+01 5.178571E-01 1.455859E+00 2.783643E-06 6.740755E-06 2.921595E-05 8.518582E-05 1.045583E-04 1.903003E-04 2.122572E-04 1.370370E-04 7.628098E-05
156 5.530357E+01 5.178571E-01 1.455859E+00 2.912091E-06 7.051799E-06 3.056409E-05 8.911662E-05 1.093830E-04 1.990815E-04 2.220516E-04 1.433605E-04 7.980088E-05
157 5.582143E+01 5.178571E-01 1.455859E+00 3.044592E-06 7.372658E-06 3.195477E-05 9.317146E-05 1.143600E-04 2.081398E-04 2.321550E-04 1.498834E-04 8.343184E-05
158 5.633929E+01 5.178571E-01 1.455859E+00 3.181090E-06 7.703196E-06 3.338739E-05 9.734860E-05 1.194870E-04 2.174713E-04 2.425632E-04 1.566031E-04 8.717233E-05
159 5.685714E+01 5.178571E-01 1.455859E+00 3.321507E-06 8.043225E-06 3.486116E-05 1.016457E-04 1.247613E-04 2.270707E-04 2.532703E-04 1.635158E-04 9.102023E-05
160 5.737500E+01 5.178571E-01 1.455859E+00 3.465746E-06 8.392507E-06 3.637502E-05 1.060597E-04 1.301792E-04 2.369314E-04 2.642687E-04 1.706166E-04 9.497285E-05
161 5.789286E+01 5.178571E-01 1.455859E+00 3.613684E-06 8.750748E-06 3.792772E-05 1.105870E-04 1.357360E-04 2.470450E-04 2.755492E-04 1.778994E-04 9.902683E-05
162 5.841071E+01 5.178571E-01 1.455859E+00 3.765175E-06 9.117592E-06 3.951770E-05 1.152229E-04 1.414262E-04 2.574015E-04 2.871006E-04 1.853573E-04 1.031782E-04
163 5.892857E+01 5.178571E-01 1.455859E+00 3.920048E-06 9.492626E-06 4.114319E-05 1.199624E-04 1.472435E-04 2.679892E-04 2.989099E-04 1.929816E-04 1.074222E-04
164 5.944643E+01 5.178571E-01 1.455859E+00 4.078106E-06 9.875373E-06 4.280210E-05 1.247993E-04 1.531804E-04 2.787946E-04 3.109621E-04 2.007627E-04 1.117535E-04
165 5.996429E+01 5.178571E-01 1.455859E+00 4.239126E-06 1.026529E-05 4.449210E-05 1.297269E-04 1.592286E-04 2.898026E-04 3.232402E-04 2.086896E-04 1.161660E-04
166 6.048214E+01 5.178571E-01 1.455859E+00 4.402858E-06 1.066178E-05 4.621056E-05 1.347375E-04 1.653786E-04 3.009959E-04 3.357250E-04 2.167500E-04 1.206528E-04
167 6.100000E+01 5.178571E-01 1.455859E+00 4.569026E-06 1.106417E-05 4.795459E-05 1.398226E-04 1.716202E-04 3.123558E-04 3.483956E-04 2.249304E-04 1.252064E-04
168 6.151786E+01 5.178571E-01 1.455859E+00 4.737327E-06 1.147172E-05 4.972101E-05 1.449730E-04 1.779418E-04 3.238615E-04 3.612288E-04 2.332157E-04 1.298184E-04
169 6.203571E+01 5.178571E-01 1.455859E+00 4.907431E-06 1.188363E-05 5.150635E-05 1.501786E-04 1.843312E-04 3.354904E-04 3.741995E-04 2.415898E-04 1.344798E-04
170 6.255357E+01 5.178571E-01 1.455859E+00 5.078984E-06 1.229906E-05 5.330690E-05 1.554285E-04 1.907750E-04 3.472184E-04 3.872807E-04 2.500353E-04 1.391809E-04
171 6.307143E+01 5.178571E-01 1.455859E+00 5.251607E-06 1.271707E-05 5.511867E-05 1.607111E-04 1.972590E-04 3.590196E-04 4.004434E-04 2.585334E-04 1.439113E-04
172 6.358929E+01 5.178571E-01 1.455859E+00 5.424897E-06 1.313671E-05 5.693746E-05 1.660142E-04 2.037681E-04 3.708664E-04 4.136571E-04 2.670644E-04 1.486600E-04
173 6.410714E+01 5.178571E-01 1.455859E+00 5.598432E-06 1.355693E-05 5.875881E-05 1.713248E-04 2.102863E-04 3.827299E-04 4.268895E-04 2.756074E-04 1.534155E-04
174 6.462500E+01 5.178571E-01 1.455859E+00 5.771769E-06 1.397668E-05 6.057808E-05 1.766293E-04 2.167971E-04 3.945798E-04 4.401067E-04 2.841407E-04 1.581655E-04
175 6.514286E+01 5.178571E-01 1.455859E+00 5.944448E-06 1.439483E-05 6.239045E-05 1.819137E-04 2.232832E-04 4.063848E-04 4.532737E-04 2.926415E-04 1.628974E-04
176 6.566071E+01 5.178571E-01 1.455859E+00 6.115994E-06 1.481024E-05 6.419092E-05 1.871634E-04 2.297268E-04 4.181123E-04 4.663544E-04 3.010866E-04 1.675984E-04
177 6.617857E+01 5.178571E-01 1.455859E+00 6.285921E-06 1.522173E-05 6.597440E-05 1.923635E-04 2.361095E-04 4.297292E-04 4.793116E-04 3.094520E-04 1.722549E-04
178 6.669643E+01 5.178571E-01 1.455859E+00 6.453734E-06 1.562810E-05 6.773570E-05 1.974990E-04 2.424129E-04 4.412015E-04 4.921076E-04 3.177134E-04 1.768535E-04
179 6.721429E+01 5.178571E-01 1.455859E+00 6.618932E-06 1.602813E-05 6.946955E-05 2.025544E-04 2.486180E-04 4.524950E-04 5.047042E-04 3.258460E-04 1.813805E-04
180 6.773214E+01 5.178571E-01 1.455859E+00 6.781012E-06 1.642062E-05 7.117067E-05 2.075144E-04 2.547059E-04 4.635755E-04 5.170630E-04 3.338251E-04 1.858220E-04
181 6.825000E+01 5.178571E-01 1.455859E+00 6.939473E-06 1.680434E-05 7.283381E-05 2.123637E-04 2.606580E-04 4.744084E-04 5.291459E-04 3.416260E-04 1.901644E-04
182 6.876786E+01 5.178571E-01 1.455859E+00 7.093817E-06 1.717809E-05 7.445375E-05 2.170870E-04 2.664554E-04 4.849600E-04 5.409150E-04 3.492243E-04 1.943939E-04
183 6.928571E+01 5.178571E-01 1.455859E+00 7.243558E-06 1.754070E-05 7.602536E-05 2.216694E-04 2.720799E-04 4.951968E-04 5.523329E-04 3.565959E-04 1.984973E-04
184 6.980357E+01 5.178571E-01 1.455859E+00 7.388218E-06 1.789100E-05 7.754365E-05 2.260963E-04 2.775136E-04 5.050863E-04 5.633635E-04 3.637174E-04 2.024615E-04
185 7.032143E+01 5.178571E-01 1.455859E+00 7.527338E-06 1.822789E-05 7.900379E-05 2.303537E-04 2.827392E-04 5.145971E-04 5.739716E-04 3.705662E-04 2.062738E-04
186 7.083929E+01 5.178571E-01 1.455859E+00 7.660476E-06 1.855029E-05 8.040115E-05 2.344280E-04 2.877400E-04 5.236989E-04 5.841236E-04 3.771205E-04 2.099222E-04
187 7.135714E+01 5.178571E-01 1.455859E+00 7.787213E-06 1.885719E-05 8.173133E-05 2.383064E-04 2.925005E-04 5.323631E-04 5.937875E-04 3.833597E-04 2.133952E-04
188 7.187500E+01 5.178571E-01 1.455859E+00 7.907155E-06 1.914764E-05 8.299020E-05 2.419770E-04 2.970057E-04 5.405628E-04 6.029333E-04 3.892644E-04 2.166821E-04
189 7.239286E+01 5.178571E-01 1.455859E+00 8.019938E-06 1.942075E-05 8.417392E-05 2.454284E-04 3.012420E-04 5.482731E-04 6.115332E-04 3.948166E-04 2.197727E-04
190 7.291071E+01 5.178571E-01 1.455859E+00 8.125226E-06 1.967571E-05 8.527898E-05 2.486504E-04 3.051968E-04 5.554710E-04 6.195615E-04 3.999999E-04 2.226579E-04
191 7.342857E+01 5.178571E-01 1.455859E+00 8.222717E-06 1.991179E-05 8.630221E-05 2.516339E-04 3.088587E-04 5.621358E-04 6.269954E-04 4.047993E-04 2.253295E-04
192 7.394643E+01 5.178571E-01 1.455859E+00 8.312144E-06 2.012834E-05 8.724079E-05 2.543705E-04 3.122177E-04 5.682494E-04 6.338143E-04 4.092017E-04 2.277801E-04
193 7.446429E+01 5.178571E-01 1.455859E+00 8.393275E-06 2.032481E-05 8.809231E-05 2.568533E-04 3.152652E-04 5.737958E-04 6.400007E-04 4.131958E-04 2.300033E-04
194 7.498214E+01 5.178571E-01 1.455859E+00 8.465916E-06 2.050071E-05 8.885472E-05 2.590763E-04 3.179937E-04 5.787618E-04 6.455397E-04 4.167718E-04 2.319939E-04
195 7.550000E+01 5.178571E-01 1.455859E+00 8.529911E-06 2.065568E-05 8.952639E-05 2.610347E-04 3.203975E-04 5.831368E-04 6.504194E-04 4.199223E-04 2.337476E-04
196 7.601786E+01 5.178571E-01 1.455859E+00 8.585143E-06 2.078943E-05 9.010608E-05 2.627249E-04 3.224721E-04 5.869127E-04 6.546310E-04 4.226414E-04 2.352612E-04
197 7.653571E+01 5.178571E-01 1.455859E+00 8.631533E-06 2.090176E-05 9.059297E-05 2.641446E-04 3.242145E-04 5.900840E-04 6.581683E-04 4.249251E-04 2.365324E-04
198 7.705357E+01 5.178571E-01 1.455859E+00 8.669039E-06 2.099259E-05 9.098662E-05 2.652924E-04 3.256233E-04 5.926481E-04 6.610282E-04 4.267715E-04 2.375602E-04
199 7.757143E+01 5.178571E-01 1.455859E+00 8.697659E-06 2.106189E-05 9.128699E-05 2.661682E-04 3.266983E-04 5.946046E-04 6.632104E-04 4.281804E-04 2.383445E-04
200 7.808929E+01 5.178571E-01 1.455859E+00 8.717423E-06 2.110975E-05 9.149444E-05 2.667730E-04 3.274407E-04 5.959558E-04 6.647175E-04 4.291534E-04 2.388861E-04
201 7.860714E+01 5.178571E-01 1.455859E+00 8.728402E-06 2.113634E-05 9.160966E-05 2.671090E-04 3.278531E-04 5.967063E-04 6.655547E-04 4.296939E-04 2.391869E-04
202 7.912500E+01 5.178571E-01 1.455859E+00 8.730696E-06 2.114189E-05 9.163374E-05 2.671792E-04 3.279393E-04 5.968632E-04 6.657296E-04 4.298068E-04 2.392498E-04
203 7.964286E+01 5.178571E-01 1.455859E+00 8.724440E-06 2.112674E-05 9.156808E-05 2.669877E-04 3.277043E-04 5.964355E-04 6.652525E-04 4.294988E-04 2.390784E-04
204 8.016071E+01 5.178571E-01 1.455859E+00 8.709796E-06 2.109128E-05 9.141439E-05 2.665396E-04 3.271542E-04 5.954344E-04 6.641359E-04 4.287779E-04 2.386771E-04
205 8.067857E+01 5.178571E-01 1.455859E+00 8.686958E-06 2.103598E-05 9.117468E-05 2.658407E-04 3.262964E-04 5.938731E-04 6.623945E-04 4.276536E-04 2.380512E-04
206 8.119643E+01 5.178571E-01 1.455859E+00 8.656141E-06 2.096135E-05 9.085125E-05 2.648976E-04 3.251389E-04 5.917663E-04 6.600447E-04 4.261365E-04 2.372068E-04
207 8.171429E+01 5.178571E-01 1.455859E+00 8.617588E-06 2.086799E-05 9.044661E-05 2.637178E-04 3.236907E-04 5.891307E-04 6.571049E-04 4.242386E-04 2.361503E-04
208 8.223214E+01 5.178571E-01 1.455859E+00 8.571559E-06 2.075653E-05 8.996351E-05 2.623092E-04 3.219618E-04 5.859840E-04 6.535952E-04 4.219726E-04 2.348889E-04
209 8.275000E+01 5.178571E-01 1.455859E+00 8.518336E-06 2.062765E-05 8.940490E-05 2.606805E-04 3.199627E-04 5.823455E-04 6.495368E-04 4.193525E-04 2.334304E-04
210 8.326786E+01 5.178571E-01 1.455859E+00 8.458215E-06 2.048206E-05 8.877390E-05 2.588407E-04 3.177044E-04 5.782354E-04 6.449525E-04 4.163927E-04 2.317829E-04
211 8.378571E+01 5.178571E-01 1.455859E+00 8.391506E-06 2.032052E-05 8.807375E-05 2.567992E-04 3.151987E-04 5.736749E-04 6.398658E-04 4.131087E-04 2.299549E-04
212 8.430357E+01 5.178571E-01 1.455859E+00 8.318532E-06 2.014381E-05 8.730784E-05 2.545660E-04 3.124577E-04 5.686861E-04 6.343014E-04 4.095162E-04 2.279551E-04
213 8.482143E+01 5.178571E-01 1.455859E+00 8.239623E-06 1.995273E-05 8.647964E-05 2.521512E-04 3.094937E-04 5.632916E-04 6.282845E-04 4.056316E-04 2.257928E-04
214 8.533929E+01 5.178571E-01 1.455859E+00 8.155117E-06 1.974809E-05 8.559271E-05 2.495652E-04 3.063196E-04 5.575144E-04 6.218408E-04 4.014714E-04 2.234770E-04
215 8.585714E+01 5.178571E-01 1.455859E+00 8.065358E-06 1.953074E-05 8.465063E-05 2.468183E-04 3.029480E-04 5.513781E-04 6.149965E-04 3.970526E-04 2.210173E-04
216 8.637500E+01 5.178571E-01 1.455859E+00 7.970689E-06 1.930149E-05 8.365703E-05 2.439212E-04 2.993921E-04 5.449063E-04 6.077778E-04 3.923921E-04 2.184231E-04
217 8.689286E+01 5.178571E-01 1.455859E+00 7.871459E-06 1.906120E-05 8.261555E-05 2.408846E-04 2.956649E-04 5.381225E-04 6.002114E-04 3.875071E-04 2.157039E-04
218 8.741071E+01 5.178571E-01 1.455859E+00 7.768012E-06 1.881070E-05 8.152981E-05 2.377189E-04 2.917793E-04 5.310505E-04 5.923234E-04 3.824145E-04 2.128691E-04
219 8.792857E+01 5.178571E-01 1.455859E+00 7.660691E-06 1.855081E-05 8.040342E-05 2.344346E-04 2.877481E-04 5.237136E-04 5.841400E-04 3.771311E-04 2.099282E-04
220 8.844643E+01 5.178571E-01 1.455859E+00 7.549836E-06 1.828237E-05 7.923993E-05 2.310422E-04 2.835842E-04 5.161352E-04 5.756871E-04 3.716738E-04 2.068904E-04
221 8.896429E+01 5.178571E-01 1.455859E+00 7.435780E-06 1.800618E-05 7.804285E-05 2.275518E-04 2.793001E-04 5.083379E-04 5.669902E-04 3.660589E-04 2.037648E-04
222 8.948214E+01 5.178571E-01 1.455859E+00 7.318850E-06 1.772303E-05 7.681560E-05 2.239735E-04 2.749080E-04 5.003441E-04 5.580741E-04 3.603025E-04 2.005606E-04
223 9.000000E+01 5.178571E-01 1.455859E+00 7.199366E-06 1.743369E-05 7.556154E-05 2.203170E-04 2.704200E-04 4.921757E-04 5.489632E-04 3.544204E-04 1.972863E-04
224 9.051786E+01 5.178571E-01 1.455859E+00 7.077638E-06 1.713891E-05 7.428393E-05 2.165918E-04 2.658477E-04 4.838539E-04 5.396812E-04 3.484278E-04 1.939506E-04
225 9.103571E+01 5.178571E-01 1.455859E+00 6.953967E-06 1.683944E-05 7.298593E-05 2.128072E-04 2.612024E-04 4.753993E-04 5.302511E-04 3.423395E-04 1.905616E-04
226 9.155357E+01 5.178571E-01 1.455859E+00 6.828645E-06 1.653596E-05 7.167060E-05 2.089721E-04 2.564951E-04 4.668318E-04 5.206951E-04 3.361700E-04 1.871273E-04
227 9.207143E+01 5.178571E-01 1.455859E+00 6.701951E-06 1.622917E-05 7.034088E-05 2.050950E-04 2.517363E-04 4.581705E-04 5.110345E-04 3.299329E-04 1.836555E-04
228 9.258929E+01 5.178571E-01 1.455859E+00 6.574155E-06 1.591970E-05 6.899959E-05 2.011841E-04 2.469360E-04 4.494340E-04 5.012899E-04 3.236416E-04 1.801535E-04
229 9.310714E+01 5.178571E-01 1.455859E+00 6.445515E-06 1.560819E-05 6.764944E-05 1.972474E-04 2.421041E-04 4.406396E-04 4.914809E-04 3.173088E-04 1.766283E-04
230 9.362500E+01 5.178571E-01 1.455859E+00 6.316276E-06 1.529523E-05 6.629299E-05 1.932924E-04 2.372497E-04 4.318043E-04 4.816262E-04 3.109464E-04 1.730867E-04
231 9.414286E+01 5.178571E-01 1.455859E+00 6.186671E-06 1.498139E-05 6.493271E-05 1.893262E-04 2.323815E-04 4.229440E-04 4.717436E-04 3.045660E-04 1.695351E-04
232 9.466071E+01 5.178571E-01 1.455859E+00 6.056921E-06 1.466719E-05 6.357092E-05 1.853556E-04 2.275079E-04 4.140739E-04 4.618500E-04 2.981785E-04 1.659796E-04
233 9.517857E+01 5.178571E-01 1.455859E+00 5.927237E-06 1.435315E-05 6.220980E-05 1.813870E-04 2.226367E-04 4.052082E-04 4.519613E-04 2.917942E-04 1.624258E-04
234 9.569643E+01 5.178571E-01 1.455859E+00 5.797814E-06 1.403975E-05 6.085144E-05 1.774263E-04 2.177754E-04 3.963604E-04 4.420926E-04 2.854228E-04 1.588792E-04
235 9.621429E+01 5.178571E-01 1.455859E+00 5.668838E-06 1.372742E-05 5.949776E-05 1.734794E-04 2.129309E-04 3.875431E-04 4.322580E-04 2.790734E-04 1.553448E-04
236 9.673214E+01 5.178571E-01 1.455859E+00 5.540482E-06 1.341660E-05 5.815059E-05 1.695514E-04 2.081096E-04 3.787682E-04 4.224706E-04 2.727545E-04 1.518274E-04
237 9.725000E+01 5.178571E-01 1.455859E+00 5.412907E-06 1.310767E-05 5.681161E-05 1.656473E-04 2.033176E-04 3.700466E-04 4.127428E-04 2.664741E-04 1.483315E-04
238 9.776786E+01 5.178571E-01 1.455859E+00 5.286262E-06 1.280099E-05 5.548240E-05 1.617717E-04 1.985607E-04 3.613888E-04 4.030860E-04 2.602395E-04 1.448610E-04
239 9.828571E+01 5.178571E-01 1.455859E+00 5.160688E-06 1.249691E-05 5.416442E-05 1.579288E-04 1.938439E-04 3.528040E-04 3.935107E-04 2.540575E-04 1.414198E-04
240 9.880357E+01 5.178571E-01 1.455859E+00 5.036310E-06 1.219572E-05 5.285901E-05 1.541226E-04 1.891721E-04 3.443011E-04 3.840268E-04 2.479345E-04 1.380115E-04
241 9.932143E+01 5.178571E-01 1.455859E+00 4.913248E-06 1.189772E-05 5.156740E-05 1.503566E-04 1.845496E-04 3.358881E-04 3.746430E-04 2.418762E-04 1.346392E-04
242 9.983929E+01 5.178571E-01 1.455859E+00 4.791608E-06 1.160316E-05 5.029071E-05 1.466341E-04 1.799806E-04 3.275723E-04 3.653678E-04 2.358879E-04 1.313058E-04
243 1.003571E+02 5.178571E-01 1.455859E+00 4.671487E-06 1.131228E-05 4.902997E-05 1.429581E-04 1.754687E-04 3.193604E-04 3.562084E-04 2.299744E-04 1.280141E-04
244 1.008750E+02 5.178571E-01 1.455859E+00 4.552973E-06 1.102529E-05 4.778611E-05 1.393314E-04 1.710171E-04 3.112584E-04 3.471715E-04 2.241401E-04 1.247665E-04
245 1.013929E+02 5.178571E-01 1.455859E+00 4.436147E-06 1.074239E-05 4.655995E-05 1.357562E-04 1.666289E-04 3.032717E-04 3.382633E-04 2.183888E-04 1.215650E-04
246 1.019107E+02 5.178571E-01 1.455859E+00 4.321078E-06 1.046374E-05 4.535223E-05 1.322348E-04 1.623068E-04 2.954051E-04 3.294891E-04 2.127240E-04 1.184117E-04
247 1.024286E+02 5.178571E-01 1.455859E+00 4.207828E-06 1.018950E-05 4.416361E-05 1.287691E-04 1.580529E-04 2.876629E-04 3.208536E-04 2.071488E-04 1.153083E-04
248 1.029464E+02 5.178571E-01 1.455859E+00 4.096453E-06 9.919800E-06 4.299466E-05 1.253608E-04 1.538695E-04 2.800489E-04 3.123611E-04 2.016659E-04 1.122563E-04
249 1.034643E+02 5.178571E-01 1.455859E+00 3.986999E-06 9.654752E-06 4.184588E-05 1.220113E-04 1.497582E-04 2.725662E-04 3.040151E-04 1.962775E-04 1.092569E-04
250 1.039821E+02 5.178571E-01 1.455859E+00 3.879507E-06 9.394454E-06 4.071769E-05 1.187218E-04 1.457206E-04 2.652177E-04 2.958187E-04 1.909858E-04 1.063113E-04
251 1.045000E+02 5.178571E-01 1.455859E+00 3.774011E-06 9.138990E-06 3.961045E-05 1.154933E-04 1.417580E-04 2.580056E-04 2.877744E-04 1.857923E-04 1.034203E-04
252 1.050179E+02 5.178571E-01 1.455859E+00 3.670539E-06 8.888425E-06 3.852444E-05 1.123268E-04 1.378714E-04 2.509318E-04 2.798845E-04 1.806984E-04 1.005848E-04
253 1.055357E+02 5.178571E-01 1.455859E+00 3.569111E-06 8.642813E-06 3.745990E-05 1.092229E-04 1.340617E-04 2.439979E-04 2.721505E-04 1.757052E-04 9.780540E-05
254 1.060536E+02 5.178571E-01 1.455859E+00 3.469746E-06 8.402193E-06 3.641701E-05 1.061821E-04 1.303293E-04 2.372049E-04 2.645737E-04 1.708135E-04 9.508246E-05
255 1.065714E+02 5.178571E-01 1.455859E+00 3.372454E-06 8.166594E-06 3.539587E-05 1.032048E-04 1.266749E-04 2.305536E-04 2.571550E-04 1.660238E-04 9.241633E-05
256 1.070893E+02 5.178571E-01 1.455859E+00 3.277241E-06 7.936032E-06 3.439656E-05 1.002911E-04 1.230986E-04 2.240445E-04 2.498949E-04 1.613366E-04 8.980720E-05
257 1.076071E+02 5.178571E-01 1.455859E+00 3.184111E-06 7.710512E-06 3.341910E-05 9.744106E-05 1.196004E-04 2.176778E-04 2.427936E-04 1.567518E-04 8.725513E-05
258 1.081250E+02 5.178571E-01 1.455859E+00 3.093062E-06 7.490030E-06 3.246348E-05 9.465473E-05 1.161805E-04 2.114533E-04 2.358509E-04 1.522695E-04 8.476007E-05
259 1.086429E+02 5.178571E-01 1.455859E+00 3.004087E-06 7.274573E-06 3.152965E-05 9.193191E-05 1.128384E-04 2.053707E-04 2.290665E-04 1.478894E-04 8.232188E-05
260 1.091607E+02 5.178571E-01 1.455859E+00 2.917179E-06 7.064120E-06 3.061749E-05 8.927232E-05 1.095740E-04 1.994293E-04 2.224396E-04 1.436109E-04 7.994030E-05
261 1.096786E+02 5.178571E-01 1.455859E+00 2.832325E-06 6.858641E-06 2.972690E-05 8.667560E-05 1.063868E-04 1.936284E-04 2.159693E-04 1.394336E-04 7.761503E-05
262 1.101964E+02 5.178571E-01 1.455859E+00 2.749510E-06 6.658100E-06 2.885771E-05 8.414128E-05 1.032761E-04 1.879668E-04 2.096546E-04 1.353567E-04 7.534563E-05
263 1.107143E+02 5.178571E-01 1.455859E+00 2.668717E-06 6.462455E-06 2.800974E-05 8.166883E-05 1.002414E-04 1.824435E-04 2.034940E-04 1.313793E-04 7.313163E-05
264 1.112321E+02 5.178571E-01 1.455859E+00 2.589926E-06 6.271657E-06 2.718278E-05 7.925763E-05 9.728186E-05 1.770571E-04 1.974860E-04 1.275005E-04 7.097249E-05
265 1.117500E+02 5.178571E-01 1.455859E+00 2.513114E-06 6.085653E-06 2.637660E-05 7.690701E-05 9.439668E-05 1.718059E-04 1.916290E-04 1.237191E-04 6.886759E-05
266 1.122679E+02 5.178571E-01 1.455859E+00 2.438258E-06 5.904384E-06 2.559094E-05 7.461624E-05 9.158495E-05 1.666885E-04 1.859211E-04 1.200339E-04 6.681628E-05
267 1.127857E+02 5.178571E-01 1.455859E+00 2.365331E-06 5.727788E-06 2.482553E-05 7.238452E-05 8.884571E-05 1.617029E-04 1.803603E-04 1.164438E-04 6.481786E-05
268 1.133036E+02 5.178571E-01 1.455859E+00 2.294307E-06 5.555799E-06 2.408009E-05 7.021102E-05 8.617792E-05 1.568474E-04 1.749446E-04 1.129473E-04 6.287156E-05
269 1.138214E+02 5.178571E-01 1.455859E+00 2.225156E-06 5.388346E-06 2.335431E-05 6.809485E-05 8.358051E-05 1.521200E-04 1.696717E-04 1.095431E-04 6.097660E-05
270 1.143393E+02 5.178571E-01 1.455859E+00 2.157849E-06 5.225358E-06 2.264788E-05 6.603510E-05 8.105235E-05 1.475187E-04 1.645395E-04 1.062296E-04 5.913217E-05
271 1.148571E+02 5.178571E-01 1.455859E+00 2.092355E-06 5.066760E-06 2.196048E-05 6.403082E-05 7.859227E-05 1.430412E-04 1.595454E-04 1.030053E-04 5.733741E-05
272 1.153750E+02 5.178571E-01 1.455859E+00 2.028641E-06 4.912474E-06 2.129177E-05 6.208105E-05 7.619909E-05 1.386855E-04 1.546872E-04 9.986877E-05 5.559145E-05
273 1.158929E+02 5.178571E-01 1.455859E+00 1.966676E-06 4.762421E-06 2.064141E-05 6.018477E-05 7.387157E-05 1.344494E-04 1.499622E-04 9.681825E-05 5.389339E-05
274 1.164107E+02 5.178571E-01 1.455859E+00 1.906426E-06 4.616521E-06 2.000905E-05 5.834097E-05 7.160847E-05 1.303304E-04 1.453680E-04 9.385217E-05 5.224234E-05
275 1.169286E+02 5.178571E-01 1.455859E+00 1.847857E-06 4.474693E-06 1.939433E-05 5.654862E-05 6.940852E-05 1.263264E-04 1.409020E-04 9.096884E-05 5.063735E-05
276 1.174464E+02 5.178571E-01 1.455859E+00 1.790934E-06 4.336853E-06 1.879690E-05 5.480668E-05 6.727043E-05 1.224350E-04 1.365616E-04 8.816661E-05 4.907750E-05
277 1.179643E+02 5.178571E-01 1.455859E+00 1.735625E-06 4.202918E-06 1.821640E-05 5.311408E-05 6.519292E-05 1.186539E-04 1.323442E-04 8.544376E-05 4.756184E-05
278 1.184821E+02 5.178571E-01 1.455859E+00 1.681894E-06 4.072805E-06 1.765246E-05 5.146978E-05 6.317469E-05 1.149806E-04 1.282471E-04 8.279860E-05 4.608943E-05
279 1.190000E+02 5.178571E-01 1.455859E+00 1.629706E-06 3.946428E-06 1.710471E-05 4.987271E-05 6.121442E-05 1.114128E-04 1.242677E-04 8.022942E-05 4.465930E-05
280 1.195179E+02 5.178571E-01 1.455859E+00 1.579027E-06 3.823705E-06 1.657280E-05 4.832181E-05 5.931082E-05 1.079482E-04 1.204033E-04 7.773451E-05 4.327052E-05
281 1.200357E+02 5.178571E-01 1.455859E+00 1.529821E-06 3.704551E-06 1.605636E-05 4.681601E-05 5.746259E-05 1.045843E-04 1.166513E-04 7.531215E-05 4.192213E-05
282 1.205536E+02 5.178571E-01 1.455859E+00 1.482055E-06 3.588883E-06 1.555503E-05 4.535426E-05 5.566841E-05 1.013188E-04 1.130091E-04 7.296066E-05 4.061318E-05
283 1.210714E+02 5.178571E-01 1.455859E+00 1.435694E-06 3.476616E-06 1.506844E-05 4.393550E-05 5.392701E-05 9.814941E-05 1.094739E-04 7.067832E-05 3.934273E-05
284 1.215893E+02 5.178571E-01 1.455859E+00 1.390703E-06 3.367669E-06 1.459624E-05 4.255868E-05 5.223709E-05 9.507369E-05 1.060433E-04 6.846346E-05 3.810984E-05
285 1.221071E+02 5.178571E-01 1.455859E+00 1.347049E-06 3.261959E-06 1.413807E-05 4.122278E-05 5.059738E-05 9.208936E-05 1.027147E-04 6.631442E-05 3.691359E-05
286 1.226250E+02 5.178571E-01 1.455859E+00 1.304699E-06 3.159405E-06 1.369358E-05 3.992676E-05 4.900663E-05 8.919412E-05 9.948539E-05 6.422953E-05 3.575304E-05
287 1.231429E+02 5.178571E-01 1.455859E+00 1.263619E-06 3.059926E-06 1.326241E-05 3.866961E-05 4.746358E-05 8.638571E-05 9.635294E-05 6.220717E-05 3.462731E-05
288 1.236607E+02 5.178571E-01 1.455859E+00 1.223775E-06 2.963444E-06 1.284424E-05 3.745031E-05 4.596701E-05 8.366188E-05 9.331483E-05 6.024571E-05 3.353547E-05
289 1.241786E+02 5.178571E-01 1.455859E+00 1.185137E-06 2.869879E-06 1.243870E-05 3.626789E-05 4.451569E-05 8.102042E-05 9.036860E-05 5.834357E-05 3.247665E-05
290 1.246964E+02 5.178571E-01 1.455859E+00 1.147672E-06 2.779154E-06 1.204548E-05 3.512137E-05 4.310843E-05 7.845915E-05 8.751181E-05 5.649917E-05 3.144998E-05
291 1.252143E+02 5.178571E-01 1.455859E+00 1.111348E-06 2.691194E-06 1.166424E-05 3.400978E-05 4.174405E-05 7.597592E-05 8.474206E-05 5.471098E-05 3.045459E-05
292 1.257321E+02 5.178571E-01 1.455859E+00 1.076135E-06 2.605924E-06 1.129466E-05 3.293218E-05 4.042139E-05 7.356862E-05 8.205701E-05 5.297746E-05 2.948963E-05
293 1.262500E+02 5.178571E-01 1.455859E+00 1.042002E-06 2.523269E-06 1.093642E-05 3.188764E-05 3.913930E-05 7.123517E-05 7.945433E-05 5.129712E-05 2.855428E-05
294 1.267679E+02 5.178571E-01 1.455859E+00 1.008920E-06 2.443158E-06 1.058920E-05 3.087524E-05 3.789668E-05 6.897354E-05 7.693174E-05 4.966850E-05 2.764772E-05
295 1.272857E+02 5.178571E-01 1.455859E+00 9.768585E-07 2.365520E-06 1.025270E-05 2.989410E-05 3.669241E-05 6.678172E-05 7.448703E-05 4.809015E-05 2.676914E-05
296 1.278036E+02 5.178571E-01 1.455859E+00 9.457899E-07 2.290286E-06 9.926616E-06 2.894333E-05 3.552542E-05 6.465775E-05 7.211800E-05 4.656066E-05 2.591776E-05
297 1.283214E+02 5.178571E-01 1.455859E+00 9.156857E-07 2.217387E-06 9.610655E-06 2.802207E-05 3.439465E-05 6.259971E-05 6.982250E-05 4.507865E-05 2.509280E-05
298 1.288393E+02 5.178571E-01 1.455859E+00 8.865183E-07 2.146756E-06 9.304526E-06 2.712948E-05 3.329908E-05 6.060572E-05 6.759845E-05 4.364275E-05 2.429352E-05
299 1.293571E+02 5.178571E-01 1.455859E+00 8.582609E-07 2.078329E-06 9.007948E-06 2.626474E-05 3.223768E-05 5.867394E-05 6.544377E-05 4.225166E-05 2.351917E-05
300 1.298750E+02 5.178571E-01 1.455859E+00 8.308870E-07 2.012042E-06 8.720643E-06 2.542704E-05 3.120948E-05 5.680256E-05 6.335647E-05 4.090406E-05 2.276904E-05
301 1.303929E+02 5.178571E-01 1.455859E+00 8.043710E-07 1.947831E-06 8.442342E-06 2.461558E-05 3.021349E-05 5.498982E-05 6.133458E-05 3.959869E-05 2.204241E-05
302 1.309107E+02 5.178571E-01 1.455859E+00 7.786876E-07 1.885638E-06 8.172780E-06 2.382961E-05 2.924878E-05 5.323401E-05 5.937618E-05 3.833431E-05 2.133860E-05
303 1.314286E+02 5.178571E-01 1.455859E+00 7.538123E-07 1.825401E-06 7.911699E-06 2.306837E-05 2.831442E-05 5.153344E-05 5.747939E-05 3.710972E-05 2.065694E-05
304 1.319464E+02 5.178571E-01 1.455859E+00 7.297211E-07 1.767062E-06 7.658848E-06 2.233113E-05 2.740952E-05 4.988647E-05 5.564240E-05 3.592372E-05 1.999676E-05
305 1.324643E+02 5.178571E-01 1.455859E+00 7.063906E-07 1.710566E-06 7.413981E-06 2.161716E-05 2.653319E-05 4.829152E-05 5.386342E-05 3.477518E-05 1.935743E-05
306 1.329821E+02 5.178571E-01 1.455859E+00 6.837981E-07 1.655857E-06 7.176859E-06 2.092578E-05 2.568458E-05 4.674700E-05 5.214070E-05 3.366296E-05 1.873832E-05
307 1.335000E+02 5.178571E-01 1.455859E+00 6.619212E-07 1.602881E-06 6.947249E-06 2.025630E-05 2.486284E-05 4.525142E-05 5.047255E-05 3.258598E-05 1.813882E-05
308 1.340179E+02 5.178571E-01 1.455859E+00 6.407384E-07 1.551586E-06 6.724923E-06 1.960805E-05 2.406718E-05 4.380328E-05 4.885733E-05 3.154316E-05 1.755834E-05
309 1.345357E+02 5.178571E-01 1.455859E+00 6.202285E-07 1.501920E-06 6.509659E-06 1.898041E-05 2.329680E-05 4.240115E-05 4.729342E-05 3.053347E-05 1.699630E-05
310 1.350536E+02 5.178571E-01 1.455859E+00 6.003710E-07 1.453834E-06 6.301244E-06 1.837272E-05 2.255092E-05 4.104362E-05 4.577925E-05 2.955590E-05 1.645214E-05
311 1.355714E+02 5.178571E-01 1.455859E+00 5.811460E-07 1.407279E-06 6.099465E-06 1.778439E-05 2.182879E-05 3.972932E-05 4.431331E-05 2.860946E-05 1.592531E-05
312 1.360893E+02 5.178571E-01 1.455859E+00 5.625339E-07 1.362209E-06 5.904121E-06 1.721482E-05 2.112969E-05 3.845693E-05 4.289411E-05 2.769320E-05 1.541528E-05
313 1.366071E+02 5.178571E-01 1.455859E+00 5.445158E-07 1.318577E-06 5.715011E-06 1.666342E-05 2.045291E-05 3.722515E-05 4.152021E-05 2.680618E-05 1.492153E-05
314 1.371250E+02 5.178571E-01 1.455859E+00 5.270735E-07 1.276339E-06 5.531943E-06 1.612965E-05 1.979774E-05 3.603272E-05 4.019020E-05 2.594750E-05 1.444355E-05
315 1.376429E+02 5.178571E-01 1.455859E+00 5.101889E-07 1.235452E-06 5.354729E-06 1.561294E-05 1.916353E-05 3.487843E-05 3.890272E-05 2.511629E-05 1.398085E-05
316 1.381607E+02 5.178571E-01 1.455859E+00 4.938447E-07 1.195874E-06 5.183188E-06 1.511277E-05 1.854962E-05 3.376108E-05 3.765645E-05 2.431167E-05 1.353297E-05
317 1.386786E+02 5.178571E-01 1.455859E+00 4.780240E-07 1.157563E-06 5.017141E-06 1.462862E-05 1.795537E-05 3.267952E-05 3.645010E-05 2.353283E-05 1.309943E-05
318 1.391964E+02 5.178571E-01 1.455859E+00 4.627105E-07 1.120481E-06 4.856416E-06 1.416000E-05 1.738016E-05 3.163263E-05 3.528242E-05 2.277896E-05 1.267979E-05
319 1.397143E+02 5.178571E-01 1.455859E+00 4.478882E-07 1.084588E-06 4.700848E-06 1.370640E-05 1.682341E-05 3.061932E-05 3.415219E-05 2.204926E-05 1.227361E-05
320 1.402321E+02 5.178571E-01 1.455859E+00 4.335416E-07 1.049846E-06 4.550272E-06 1.326736E-05 1.628453E-05 2.963853E-05 3.305825E-05 2.134299E-05 1.188047E-05
321 1.407500E+02 5.178571E-01 1.455859E+00 4.196558E-07 1.016221E-06 4.404532E-06 1.284242E-05 1.576296E-05 2.868925E-05 3.199943E-05 2.065940E-05 1.149995E-05
322 1.412679E+02 5.178571E-01 1.455859E+00 4.062161E-07 9.836762E-07 4.263475E-06 1.243114E-05 1.525814E-05 2.777046E-05 3.097463E-05 1.999777E-05 1.113166E-05
323 1.417857E+02 5.178571E-01 1.455859E+00 3.932085E-07 9.521775E-07 4.126953E-06 1.203308E-05 1.476956E-05 2.688121E-05 2.998278E-05 1.935741E-05 1.077521E-05
324 1.423036E+02 5.178571E-01 1.455859E+00 3.806192E-07 9.216918E-07 3.994820E-06 1.164782E-05 1.429668E-05 2.602056E-05 2.902283E-05 1.873765E-05 1.043022E-05
325 1.428214E+02 5.178571E-01 1.455859E+00 3.684349E-07 8.921868E-07 3.866939E-06 1.127495E-05 1.383902E-05 2.518760E-05 2.809376E-05 1.813783E-05 1.009633E-05
326 1.433393E+02 5.178571E-01 1.455859E+00 3.566428E-07 8.636314E-07 3.743174E-06 1.091408E-05 1.339609E-05 2.438144E-05 2.719459E-05 1.755731E-05 9.773186E-06
327 1.438571E+02 5.178571E-01 1.455859E+00 3.452302E-07 8.359953E-07 3.623393E-06 1.056483E-05 1.296741E-05 2.360124E-05 2.632436E-05 1.699547E-05 9.460445E-06
328 1.443750E+02 5.178571E-01 1.455859E+00 3.341852E-07 8.092490E-07 3.507468E-06 1.022683E-05 1.255254E-05 2.284616E-05 2.548216E-05 1.645173E-05 9.157774E-06
329 1.448929E+02 5.178571E-01 1.455859E+00 3.234959E-07 7.833642E-07 3.395278E-06 9.899710E-06 1.215103E-05 2.211539E-05 2.466708E-05 1.592550E-05 8.864851E-06
330 1.454107E+02 5.178571E-01 1.455859E+00 3.131509E-07 7.583132E-07 3.286701E-06 9.583130E-06 1.176246E-05 2.140817E-05 2.387826E-05 1.541623E-05 8.581364E-06
331 1.459286E+02 5.178571E-01 1.455859E+00 3.031392E-07 7.340693E-07 3.181622E-06 9.276749E-06 1.138640E-05 2.072373E-05 2.311485E-05 1.492336E-05 8.307011E-06
332 1.464464E+02 5.178571E-01 1.455859E+00 2.934501E-07 7.106065E-07 3.079929E-06 8.980240E-06 1.102246E-05 2.006135E-05 2.237604E-05 1.444637E-05 8.041497E-06
333 1.469643E+02 5.178571E-01 1.455859E+00 2.840732E-07 6.878998E-07 2.981513E-06 8.693286E-06 1.067025E-05 1.942031E-05 2.166103E-05 1.398475E-05 7.784539E-06
334 1.474821E+02 5.178571E-01 1.455859E+00 2.749984E-07 6.659248E-07 2.886269E-06 8.415578E-06 1.032939E-05 1.879993E-05 2.096907E-05 1.353800E-05 7.535862E-06
335 1.480000E+02 5.178571E-01 1.455859E+00 2.662161E-07 6.446580E-07 2.794093E-06 8.146820E-06 9.999514E-06 1.819953E-05 2.029941E-05 1.310566E-05 7.295198E-06
336 1.485179E+02 5.178571E-01 1.455859E+00 2.577169E-07 6.240765E-07 2.704889E-06 7.886723E-06 9.680267E-06 1.761849E-05 1.965132E-05 1.268724E-05 7.062290E-06
337 1.490357E+02 5.178571E-01 1.455859E+00 2.494915E-07 6.041582E-07 2.618558E-06 7.635007E-06 9.371308E-06 1.705617E-05 1.902412E-05 1.228231E-05 6.836887E-06
338 1.495536E+02 5.178571E-01 1.455859E+00 2.415311E-07 5.848817E-07 2.535010E-06 7.391402E-06 9.072304E-06 1.651197E-05 1.841713E-05 1.189043E-05 6.618747E-06
339 1.500714E+02 5.178571E-01 1.455859E+00 2.338272E-07 5.662264E-07 2.454153E-06 7.155646E-06 8.782934E-06 1.598531E-05 1.782970E-05 1.151117E-05 6.407636E-06
340 1.505893E+02 5.178571E-01 1.455859E+00 2.263716E-07 5.481720E-07 2.375901E-06 6.927485E-06 8.502887E-06 1.547561E-05 1.726119E-05 1.114413E-05 6.203326E-06
341 1.511071E+02 5.178571E-01 1.455859E+00 2.191560E-07 5.306992E-07 2.300170E-06 6.706674E-06 8.231860E-06 1.498233E-05 1.671100E-05 1.078892E-05 6.005597E-06
342 1.516250E+02 5.178571E-01 1.455859E+00 2.121729E-07 5.137892E-07 2.226878E-06 6.492975E-06 7.969562E-06 1.450494E-05 1.617853E-05 1.044514E-05 5.814236E-06
343 1.521429E+02 5.178571E-01 1.455859E+00 2.054147E-07 4.974236E-07 2.155946E-06 6.286156E-06 7.715711E-06 1.404292E-05 1.566320E-05 1.011244E-05 5.629037E-06
344 1.526607E+02 5.178571E-01 1.455859E+00 1.988740E-07 4.815850E-07 2.087298E-06 6.085997E-06 7.470033E-06 1.359577E-05 1.516446E-05 9.790445E-06 5.449802E-06
345 1.531786E+02 5.178571E-01 1.455859E+00 1.925439E-07 4.662562E-07 2.020860E-06 5.892281E-06 7.232263E-06 1.316302E-05 1.468178E-05 9.478816E-06 5.276335E-06
346 1.536964E+02 5.178571E-01 1.455859E+00 1.864174E-07 4.514208E-07 1.956560E-06 5.704798E-06 7.002144E-06 1.274420E-05 1.421463E-05 9.177216E-06 5.108451E-06
347 1.542143E+02 5.178571E-01 1.455859E+00 1.804881E-07 4.370626E-07 1.894328E-06 5.523348E-06 6.779430E-06 1.233885E-05 1.376251E-05 8.885320E-06 4.945969E-06
348 1.547321E+02 5.178571E-01 1.455859E+00 1.747496E-07 4.231663E-07 1.834098E-06 5.347735E-06 6.563880E-06 1.194654E-05 1.332493E-05 8.602814E-06 4.788713E-06
349 1.552500E+02 5.178571E-01 1.455859E+00 1.691955E-07 4.097169E-07 1.775805E-06 5.177768E-06 6.355261E-06 1.156684E-05 1.290143E-05 8.329392E-06 4.636514E-06
350 1.557679E+02 5.178571E-01 1.455859E+00 1.638200E-07 3.966998E-07 1.719387E-06 5.013266E-06 6.153349E-06 1.119935E-05 1.249154E-05 8.064760E-06 4.489208E-06
351 1.562857E+02 5.178571E-01 1.455859E+00 1.586173E-07 3.841011E-07 1.664781E-06 4.854051E-06 5.957926E-06 1.084367E-05 1.209482E-05 7.808632E-06 4.346636E-06
352 1.568036E+02 5.178571E-01 1.455859E+00 1.535817E-07 3.719072E-07 1.611930E-06 4.699951E-06 5.768781E-06 1.049942E-05 1.171085E-05 7.560734E-06 4.208645E-06
353 1.573214E+02 5.178571E-01 1.455859E+00 1.487079E-07 3.601049E-07 1.560776E-06 4.550800E-06 5.585712E-06 1.016623E-05 1.133922E-05 7.320799E-06 4.075086E-06
354 1.578393E+02 5.178571E-01 1.455859E+00 1.439906E-07 3.486816E-07 1.511265E-06 4.406439E-06 5.408521E-06 9.843735E-06 1.097951E-05 7.088567E-06 3.945815E-06
355 1.583571E+02 5.178571E-01 1.455859E+00 1.394246E-07 3.376249E-07 1.463343E-06 4.266711E-06 5.237017E-06 9.531591E-06 1.063135E-05 6.863789E-06 3.820693E-06
356 1.588750E+02 5.178571E-01 1.455859E+00 1.350052E-07 3.269230E-07 1.416958E-06 4.131467E-06 5.071016E-06 9.229462E-06 1.029436E-05 6.646223E-06 3.699587E-06
357 1.593929E+02 5.178571E-01 1.455859E+00 1.307275E-07 3.165643E-07 1.372061E-06 4.000560E-06 4.910340E-06 8.937024E-06 9.968183E-06 6.435636E-06 3.582364E-06
358 1.599107E+02 5.178571E-01 1.455859E+00 1.265870E-07 3.065378E-07 1.328604E-06 3.873850E-06 4.754815E-06 8.653962E-06 9.652461E-06 6.231800E-06 3.468900E-06
359 1.604286E+02 5.178571E-01 1.455859E+00 1.225792E-07 2.968327E-07 1.286540E-06 3.751202E-06 4.604275E-06 8.379973E-06 9.346859E-06 6.034498E-06 3.359073E-06
360 1.609464E+02 5.178571E-01 1.455859E+00 1.186998E-07 2.874384E-07 1.245823E-06 3.632483E-06 4.458558E-06 8.114762E-06 9.051047E-06 5.843517E-06 3.252764E-06
361 1.614643E+02 5.178571E-01 1.455859E+00 1.149446E-07 2.783451E-07 1.206410E-06 3.517566E-06 4.317507E-06 7.858044E-06 8.764710E-06 5.658652E-06 3.149860E-06
362 1.619821E+02 5.178571E-01 1.455859E+00 1.113096E-07 2.695428E-07 1.168259E-06 3.406328E-06 4.180972E-06 7.609545E-06 8.487538E-06 5.479705E-06 3.050250E-06
363 1.625000E+02 5.178571E-01 1.455859E+00 1.077910E-07 2.610222E-07 1.131329E-06 3.298650E-06 4.048807E-06 7.368998E-06 8.219237E-06 5.306485E-06 2.953828E-06
364 1.630179E+02 5.178571E-01 1.455859E+00 1.043849E-07 2.527742E-07 1.095581E-06 3.194416E-06 3.920868E-06 7.136145E-06 7.959517E-06 5.138805E-06 2.860490E-06
365 1.635357E+02 5.178571E-01 1.455859E+00 1.010877E-07 2.447899E-07 1.060975E-06 3.093515E-06 3.797021E-06 6.910738E-06 7.708102E-06 4.976488E-06 2.770137E-06
366 1.640536E+02 5.178571E-01 1.455859E+00 9.789595E-08 2.370608E-07 1.027475E-06 2.995839E-06 3.677132E-06 6.692535E-06 7.464723E-06 4.819357E-06 2.682671E-06
367 1.645714E+02 5.178571E-01 1.455859E+00 9.480612E-08 2.295786E-07 9.950455E-07 2.901283E-06 3.561073E-06 6.481303E-06 7.229119E-06 4.667247E-06 2.598000E-06
368 1.650893E+02 5.178571E-01 1.455859E+00 9.181497E-08 2.223353E-07 9.636516E-07 2.809747E-06 3.448721E-06 6.276816E-06 7.001039E-06 4.519995E-06 2.516032E-06
369 1.656071E+02 5.178571E-01 1.455859E+00 8.891929E-08 2.153233E-07 9.332598E-07 2.721133E-06 3.339954E-06 6.078857E-06 6.780239E-06 4.377442E-06 2.436681E-06
370 1.661250E+02 5.178571E-01 1.455859E+00 8.611601E-08 2.085350E-07 9.038377E-07 2.635346E-06 3.234658E-06 5.887214E-06 6.566484E-06 4.239438E-06 2.359862E-06
371 1.666429E+02 5.178571E-01 1.455859E+00 8.340213E-08 2.019632E-07 8.753540E-07 2.552295E-06 3.132721E-06 5.701683E-06 6.359547E-06 4.105836E-06 2.285493E-06
372 1.671607E+02 5.178571E-01 1.455859E+00 8.077477E-08 1.956009E-07 8.477783E-07 2.471892E-06 3.034033E-06 5.522067E-06 6.159206E-06 3.976493E-06 2.213495E-06
373 1.676786E+02 5.178571E-01 1.455859E+00 7.823114E-08 1.894413E-07 8.210813E-07 2.394051E-06 2.938490E-06 5.348174E-06 5.965250E-06 3.851271E-06 2.143791E-06
374 1.681964E+02 5.178571E-01 1.455859E+00 7.576852E-08 1.834779E-07 7.952347E-07 2.318689E-06 2.845990E-06 5.179820E-06 5.777471E-06 3.730038E-06 2.076307E-06
375 1.687143E+02 5.178571E-01 1.455859E+00 7.338430E-08 1.777044E-07 7.702110E-07 2.245727E-06 2.756435E-06 5.016826E-06 5.595671E-06 3.612664E-06 2.010971E-06
376 1.692321E+02 5.178571E-01 1.455859E+00 7.107596E-08 1.721146E-07 7.459836E-07 2.175086E-06 2.669729E-06 4.859020E-06 5.419656E-06 3.499026E-06 1.947715E-06
377 1.697500E+02 5.178571E-01 1.455859E+00 6.884105E-08 1.667026E-07 7.225269E-07 2.106693E-06 2.585782E-06 4.706232E-06 5.249240E-06 3.389002E-06 1.886471E-06
378 1.702679E+02 5.178571E-01 1.455859E+00 6.667719E-08 1.614627E-07 6.998160E-07 2.040474E-06 2.504505E-06 4.558303E-06 5.084243E-06 3.282477E-06 1.827174E-06
379 1.707857E+02 5.178571E-01 1.455859E+00 6.458211E-08 1.563894E-07 6.778269E-07 1.976360E-06 2.425810E-06 4.415076E-06 4.924489E-06 3.179338E-06 1.769762E-06
380 1.713036E+02 5.178571E-01 1.455859E+00 6.255358E-08 1.514772E-07 6.565363E-07 1.914282E-06 2.349615E-06 4.276398E-06 4.769811E-06 3.079475E-06 1.714174E-06
381 1.718214E+02 5.178571E-01 1.455859E+00 6.058947E-08 1.467210E-07 6.359218E-07 1.854176E-06 2.275840E-06 4.142124E-06 4.620044E-06 2.982782E-06 1.660351E-06
382 1.723393E+02 5.178571E-01 1.455859E+00 5.868770E-08 1.421157E-07 6.159616E-07 1.795977E-06 2.204406E-06 4.012111E-06 4.475031E-06 2.889159E-06 1.608236E-06
383 1.728571E+02 5.178571E-01 1.455859E+00 5.684626E-08 1.376566E-07 5.966346E-07 1.739625E-06 2.135239E-06 3.886224E-06 4.334619E-06 2.798507E-06 1.557775E-06
384 1.733750E+02 5.178571E-01 1.455859E+00 5.506322E-08 1.333388E-07 5.779206E-07 1.685060E-06 2.068265E-06 3.764328E-06 4.198659E-06 2.710729E-06 1.508913E-06
385 1.738929E+02 5.178571E-01 1.455859E+00 5.333670E-08 1.291579E-07 5.597997E-07 1.632224E-06 2.003414E-06 3.646297E-06 4.067009E-06 2.625733E-06 1.461601E-06
386 1.744107E+02 5.178571E-01 1.455859E+00 5.166488E-08 1.251095E-07 5.422530E-07 1.581063E-06 1.940617E-06 3.532005E-06 3.939530E-06 2.543430E-06 1.415788E-06
387 1.749286E+02 5.178571E-01 1.455859E+00 5.004601E-08 1.211893E-07 5.252620E-07 1.531522E-06 1.879810E-06 3.421333E-06 3.816088E-06 2.463734E-06 1.371425E-06
388 1.754464E+02 5.178571E-01 1.455859E+00 4.847839E-08 1.173933E-07 5.088089E-07 1.483549E-06 1.820928E-06 3.314165E-06 3.696555E-06 2.386561E-06 1.328467E-06
389 1.759643E+02 5.178571E-01 1.455859E+00 4.696037E-08 1.137173E-07 4.928764E-07 1.437094E-06 1.763908E-06 3.210387E-06 3.580804E-06 2.311830E-06 1.286869E-06
390 1.764821E+02 5.178571E-01 1.455859E+00 4.549037E-08 1.101576E-07 4.774479E-07 1.392109E-06 1.708693E-06 3.109892E-06 3.468714E-06 2.239463E-06 1.246586E-06
391 1.770000E+02 5.178571E-01 1.455859E+00 4.406684E-08 1.067104E-07 4.625072E-07 1.348546E-06 1.655223E-06 3.012575E-06 3.360168E-06 2.169384E-06 1.207577E-06
392 1.775179E+02 5.178571E-01 1.455859E+00 4.268831E-08 1.033722E-07 4.480386E-07 1.306359E-06 1.603443E-06 2.918333E-06 3.255052E-06 2.101519E-06 1.169800E-06
393 1.780357E+02 5.178571E-01 1.455859E+00 4.135332E-08 1.001395E-07 4.340272E-07 1.265506E-06 1.553298E-06 2.827068E-06 3.153257E-06 2.035798E-06 1.133217E-06
394 1.785536E+02 5.178571E-01 1.455859E+00 4.006048E-08 9.700881E-08 4.204581E-07 1.225942E-06 1.504737E-06 2.738685E-06 3.054676E-06 1.972153E-06 1.097789E-06
395 1.790714E+02 5.178571E-01 1.455859E+00 3.880845E-08 9.397695E-08 4.073173E-07 1.187627E-06 1.457709E-06 2.653092E-06 2.959207E-06 1.910516E-06 1.063479E-06
396 1.795893E+02 5.178571E-01 1.455859E+00 3.759593E-08 9.104075E-08 3.945912E-07 1.150521E-06 1.412165E-06 2.570199E-06 2.866750E-06 1.850825E-06 1.030252E-06
397 1.801071E+02 5.178571E-01 1.455859E+00 3.642164E-08 8.819715E-08 3.822664E-07 1.114585E-06 1.368057E-06 2.489920E-06 2.777209E-06 1.793015E-06 9.980729E-07
398 1.806250E+02 5.178571E-01 1.455859E+00 3.528438E-08 8.544319E-08 3.703301E-07 1.079782E-06 1.325339E-06 2.412173E-06 2.690490E-06 1.737028E-06 9.669080E-07
399 1.811429E+02 5.178571E-01 1.455859E+00 3.418295E-08 8.277601E-08 3.587700E-07 1.046076E-06 1.283968E-06 2.336875E-06 2.606505E-06 1.682806E-06 9.367253E-07
400 1.816607E+02 5.178571E-01 1.455859E+00 3.311621E-08 8.019286E-08 3.475740E-07 1.013432E-06 1.243899E-06 2.263949E-06 2.525165E-06 1.630291E-06 9.074932E-07
401 1.821786E+02 5.178571E-01 1.455859E+00 3.208307E-08 7.769103E-08 3.367305E-07 9.818150E-07 1.205093E-06 2.193319E-06 2.446385E-06 1.579430E-06 8.791817E-07
402 1.826964E+02 5.178571E-01 1.455859E+00 3.108244E-08 7.526795E-08 3.262283E-07 9.511935E-07 1.167507E-06 2.124912E-06 2.370086E-06 1.530170E-06 8.517612E-07
403 1.832143E+02 5.178571E-01 1.455859E+00 3.011330E-08 7.292111E-08 3.160566E-07 9.215354E-07 1.131105E-06 2.058658E-06 2.296187E-06 1.482459E-06 8.252034E-07
404 1.837321E+02 5.178571E-01 1.455859E+00 2.917463E-08 7.064808E-08 3.062047E-07 8.928101E-07 1.095847E-06 1.994487E-06 2.224612E-06 1.436249E-06 7.994809E-07
405 1.842500E+02 5.178571E-01 1.455859E+00 2.826547E-08 6.844650E-08 2.966626E-07 8.649879E-07 1.061697E-06 1.932334E-06 2.155288E-06 1.391492E-06 7.745670E-07
406 1.847679E+02 5.178571E-01 1.455859E+00 2.738489E-08 6.631411E-08 2.874204E-07 8.380400E-07 1.028621E-06 1.872134E-06 2.088142E-06 1.348141E-06 7.504361E-07
407 1.852857E+02 5.178571E-01 1.455859E+00 2.653197E-08 6.424872E-08 2.784685E-07 8.119387E-07 9.965842E-07 1.813825E-06 2.023105E-06 1.306153E-06 7.270632E-07
408 1.858036E+02 5.178571E-01 1.455859E+00 2.570583E-08 6.224817E-08 2.697977E-07 7.866570E-07 9.655531E-07 1.757347E-06 1.960111E-06 1.265482E-06 7.044243E-07
409 1.863214E+02 5.178571E-01 1.455859E+00 2.490563E-08 6.031043E-08 2.613991E-07 7.621689E-07 9.354961E-07 1.702642E-06 1.899094E-06 1.226089E-06 6.824961E-07
410 1.868393E+02 5.178571E-01 1.455859E+00 2.413053E-08 5.843350E-08 2.532640E-07 7.384492E-07 9.063823E-07 1.649654E-06 1.839992E-06 1.187931E-06 6.612560E-07
411 1.873571E+02 5.178571E-01 1.455859E+00 2.337975E-08 5.661544E-08 2.453841E-07 7.154736E-07 8.781817E-07 1.598328E-06 1.782744E-06 1.150971E-06 6.406821E-07
412 1.878750E+02 5.178571E-01 1.455859E+00 2.265251E-08 5.485439E-08 2.377513E-07 6.932185E-07 8.508655E-07 1.548611E-06 1.727290E-06 1.115169E-06 6.207534E-07
413 1.883929E+02 5.178571E-01 1.455859E+00 2.194807E-08 5.314854E-08 2.303578E-07 6.716609E-07 8.244054E-07 1.500452E-06 1.673576E-06 1.080490E-06 6.014493E-07
414 1.889107E+02 5.178571E-01 1.455859E+00 2.126570E-08 5.149614E-08 2.231959E-07 6.507789E-07 7.987745E-07 1.453803E-06 1.621544E-06 1.046897E-06 5.827502E-07
415 1.894286E+02 5.178571E-01 1.455859E+00 2.060471E-08 4.989550E-08 2.162584E-07 6.305509E-07 7.739465E-07 1.408615E-06 1.571142E-06 1.014357E-06 5.646367E-07
416 1.899464E+02 5.178571E-01 1.455859E+00 1.996441E-08 4.834499E-08 2.095381E-07 6.109564E-07 7.498959E-07 1.364842E-06 1.522318E-06 9.828357E-07 5.470905E-07
417 1.904643E+02 5.178571E-01 1.455859E+00 1.934416E-08 4.684301E-08 2.030282E-07 5.919752E-07 7.265982E-07 1.322439E-06 1.475023E-06 9.523010E-07 5.300935E-07
418 1.909821E+02 5.178571E-01 1.455859E+00 1.874331E-08 4.538803E-08 1.967220E-07 5.735880E-07 7.040295E-07 1.281363E-06 1.429208E-06 9.227218E-07 5.136284E-07
419 1.915000E+02 5.178571E-01 1.455859E+00 1.816126E-08 4.397856E-08 1.906130E-07 5.557760E-07 6.821668E-07 1.241572E-06 1.384825E-06 8.940679E-07 4.976784E-07
420 1.920179E+02 5.178571E-01 1.455859E+00 1.759742E-08 4.261317E-08 1.846951E-07 5.385210E-07 6.609878E-07 1.203025E-06 1.341831E-06 8.663100E-07 4.822271E-07
421 1.925357E+02 5.178571E-01 1.455859E+00 1.705120E-08 4.129047E-08 1.789622E-07 5.218054E-07 6.404708E-07 1.165684E-06 1.300181E-06 8.394199E-07 4.672589E-07
422 1.930536E+02 5.178571E-01 1.455859E+00 1.652205E-08 4.000910E-08 1.734085E-07 5.056122E-07 6.205951E-07 1.129509E-06 1.259832E-06 8.133702E-07 4.527584E-07
423 1.935714E+02 5.178571E-01 1.455859E+00 1.600943E-08 3.876777E-08 1.680283E-07 4.899249E-07 6.013403E-07 1.094465E-06 1.220745E-06 7.881343E-07 4.387110E-07
424 1.940893E+02 5.178571E-01 1.455859E+00 1.551282E-08 3.756520E-08 1.628161E-07 4.747276E-07 5.826869E-07 1.060515E-06 1.182877E-06 7.636866E-07 4.251023E-07
425 1.946071E+02 5.178571E-01 1.455859E+00 1.503172E-08 3.640018E-08 1.577666E-07 4.600047E-07 5.646159E-07 1.027625E-06 1.146192E-06 7.400021E-07 4.119185E-07
426 1.951250E+02 5.178571E-01 1.455859E+00 1.456563E-08 3.527152E-08 1.528748E-07 4.457414E-07 5.471089E-07 9.957611E-07 1.110653E-06 7.170570E-07 3.991462E-07
427 1.956429E+02 5.178571E-01 1.455859E+00 1.411409E-08 3.417809E-08 1.481356E-07 4.319232E-07 5.301482E-07 9.648919E-07 1.076222E-06 6.948278E-07 3.867724E-07
428 1.961607E+02 5.178571E-01 1.455859E+00 1.367663E-08 3.311876E-08 1.435442E-07 4.185360E-07 5.137166E-07 9.349857E-07 1.042865E-06 6.732921E-07 3.747846E-07
429 1.966786E+02 5.178571E-01 1.455859E+00 1.325281E-08 3.209247E-08 1.390960E-07 4.055663E-07 4.977974E-07 9.060121E-07 1.010548E-06 6.524279E-07 3.631707E-07
430 1.971964E+02 5.178571E-01 1.455859E+00 1.284221E-08 3.109817E-08 1.347865E-07 3.930009E-07 4.823745E-07 8.779418E-07 9.792392E-07 6.322142E-07 3.519188E-07
431 1.977143E+02 5.178571E-01 1.455859E+00 1.244441E-08 3.013486E-08 1.306113E-07 3.808272E-07 4.674323E-07 8.507464E-07 9.489060E-07 6.126305E-07 3.410177E-07
432 1.982321E+02 5.178571E-01 1.455859E+00 1.205900E-08 2.920157E-08 1.265662E-07 3.690328E-07 4.529557E-07 8.243983E-07 9.195178E-07 5.936570E-07 3.304562E-07
433 1.987500E+02 5.178571E-01 1.455859E+00 1.168559E-08 2.829735E-08 1.226471E-07 3.576057E-07 4.389300E-07 7.988710E-07 8.910452E-07 5.752746E-07 3.202237E-07
434 1.992679E+02 5.178571E-01 1.455859E+00 1.132382E-08 2.742129E-08 1.188500E-07 3.465346E-07 4.253411E-07 7.741386E-07 8.634592E-07 5.574645E-07 3.103098E-07
435 1.997857E+02 5.178571E-01 1.455859E+00 1.097330E-08 2.657250E-08 1.151712E-07 3.358081E-07 4.121753E-07 7.501763E-07 8.367320E-07 5.402090E-07 3.007046E-07
436 2.003036E+02 5.178571E-01 1.455859E+00 1.063370E-08 2.575013E-08 1.116069E-07 3.254155E-07 3.994192E-07 7.269597E-07 8.108367E-07 5.234906E-07 2.913984E-07
437 2.008214E+02 5.178571E-01 1.455859E+00 1.030466E-08 2.495335E-08 1.081535E-07 3.153462E-07 3.870601E-07 7.044656E-07 7.857472E-07 5.072923E-07 2.823817E-07
438 2.013393E+02 5.178571E-01 1.455859E+00 9.985865E-09 2.418136E-08 1.048075E-07 3.055902E-07 3.750854E-07 6.826712E-07 7.614382E-07 4.915980E-07 2.736456E-07
439 2.018571E+02 5.178571E-01 1.455859E+00 9.676980E-09 2.343337E-08 1.015655E-07 2.961376E-07 3.634832E-07 6.615547E-07 7.378852E-07 4.763918E-07 2.651811E-07
440 2.023750E+02 5.178571E-01 1.455859E+00 9.377699E-09 2.270865E-08 9.842441E-08 2.869789E-07 3.522417E-07 6.410947E-07 7.150646E-07 4.616584E-07 2.569798E-07
441 2.028929E+02 5.178571E-01 1.455859E+00 9.087721E-09 2.200645E-08 9.538093E-08 2.781050E-07 3.413497E-07 6.212707E-07 6.929533E-07 4.473829E-07 2.490335E-07
442 2.034107E+02 5.178571E-01 1.455859E+00 8.806755E-09 2.132607E-08 9.243203E-08 2.695068E-07 3.307962E-07 6.020629E-07 6.715292E-07 4.335512E-07 2.413341E-07
443 2.039286E+02 5.178571E-01 1.455859E+00 8.534519E-09 2.066684E-08 8.957475E-08 2.611757E-07 3.205705E-07 5.834518E-07 6.507708E-07 4.201491E-07 2.338739E-07
444 2.044464E+02 5.178571E-01 1.455859E+00 8.270739E-09 2.002808E-08 8.680623E-08 2.531035E-07 3.106625E-07 5.654188E-07 6.306571E-07 4.071634E-07 2.266455E-07
445 2.049643E+02 5.178571E-01 1.455859E+00 8.015151E-09 1.940916E-08 8.412368E-08 2.452819E-07 3.010622E-07 5.479458E-07 6.111681E-07 3.945810E-07 2.196415E-07
446 2.054821E+02 5.178571E-01 1.455859E+00 7.767499E-09 1.880945E-08 8.152442E-08 2.377032E-07 2.917600E-07 5.310154E-07 5.922842E-07 3.823892E-07 2.128550E-07
447 2.060000E+02 5.178571E-01 1.455859E+00 7.527534E-09 1.822836E-08 7.900585E-08 2.303597E-07 2.827465E-07 5.146105E-07 5.739865E-07 3.705759E-07 2.062792E-07
448 2.065179E+02 5.178571E-01 1.455859E+00 7.295016E-09 1.766531E-08 7.656544E-08 2.232441E-07 2.740128E-07 4.987147E-07 5.562567E-07 3.591292E-07 1.999074E-07
449 2.070357E+02 5.178571E-01 1.455859E+00 7.069713E-09 1.711972E-08 7.420076E-08 2.163493E-07 2.655500E-07 4.833121E-07 5.390770E-07 3.480376E-07 1.937334E-07
450 2.075536E+02 5.178571E-01 1.455859E+00 6.851399E-09 1.659106E-08 7.190942E-08 2.096684E-07 2.573498E-07 4.683874E-07 5.224302E-07 3.372902E-07 1.877509E-07
451 2.080714E+02 5.178571E-01 1.455859E+00 6.639856E-09 1.607880E-08 6.968915E-08 2.031947E-07 2.494039E-07 4.539255E-07 5.062996E-07 3.268760E-07 1.819539E-07
452 2.085893E+02 5.178571E-01 1.455859E+00 6.434872E-09 1.558242E-08 6.753773E-08 1.969217E-07 2.417043E-07 4.399120E-07 4.906693E-07 3.167848E-07 1.763367E-07
453 2.091071E+02 5.178571E-01 1.455859E+00 6.236243E-09 1.510143E-08 6.545300E-08 1.908432E-07 2.342435E-07 4.263330E-07 4.755235E-07 3.070064E-07 1.708936E-07
454 2.096250E+02 5.178571E-01 1.455859E+00 6.043770E-09 1.463534E-08 6.343289E-08 1.849531E-07 2.270139E-07 4.131748E-07 4.608472E-07 2.975311E-07 1.656192E-07
455 2.101429E+02 5.178571E-01 1.455859E+00 5.857262E-09 1.418370E-08 6.147538E-08 1.792456E-07 2.200084E-07 4.004245E-07 4.466257E-07 2.883494E-07 1.605083E-07
456 2.106607E+02 5.178571E-01 1.455859E+00 5.676533E-09 1.374606E-08 5.957852E-08 1.737148E-07 2.132199E-07 3.880691E-07 4.328448E-07 2.794522E-07 1.555557E-07
457 2.111786E+02 5.178571E-01 1.455859E+00 5.501402E-09 1.332197E-08 5.774042E-08 1.683554E-07 2.066417E-07 3.760965E-07 4.194907E-07 2.708307E-07 1.507565E-07
458 2.116964E+02 5.178571E-01 1.455859E+00 5.331695E-09 1.291101E-08 5.595925E-08 1.631620E-07 2.002672E-07 3.644947E-07 4.065503E-07 2.624761E-07 1.461060E-07
459 2.122143E+02 5.178571E-01 1.455859E+00 5.167243E-09 1.251278E-08 5.423323E-08 1.581294E-07 1.940901E-07 3.532521E-07 3.940106E-07 2.543802E-07 1.415995E-07
460 2.127321E+02 5.178571E-01 1.455859E+00 5.007882E-09 1.212688E-08 5.256064E-08 1.532526E-07 1.881043E-07 3.423577E-07 3.818591E-07 2.465350E-07 1.372325E-07
461 2.132500E+02 5.178571E-01 1.455859E+00 4.853455E-09 1.175292E-08 5.093983E-08 1.485268E-07 1.823037E-07 3.318004E-07 3.700837E-07 2.389326E-07 1.330006E-07
462 2.137679E+02 5.178571E-01 1.455859E+00 4.703806E-09 1.139054E-08 4.936918E-08 1.439472E-07 1.766827E-07 3.215698E-07 3.586727E-07 2.315655E-07 1.288998E-07
463 2.142857E+02 5.178571E-01 1.455859E+00 4.558788E-09 1.103937E-08 4.784713E-08 1.395093E-07 1.712355E-07 3.116559E-07 3.476149E-07 2.244263E-07 1.249258E-07
464 2.148036E+02 5.178571E-01 1.455859E+00 4.418256E-09 1.069907E-08 4.637217E-08 1.352087E-07 1.659569E-07 3.020486E-07 3.368991E-07 2.175080E-07 1.210748E-07
465 2.153214E+02 5.178571E-01 1.455859E+00 4.282072E-09 1.036929E-08 4.494284E-08 1.310411E-07 1.608416E-07 2.927385E-07 3.265148E-07 2.108038E-07 1.173429E-07
466 2.158393E+02 5.178571E-01 1.455859E+00 4.150099E-09 1.004971E-08 4.355770E-08 1.270025E-07 1.558845E-07 2.837163E-07 3.164517E-07 2.043068E-07 1.137264E-07
467 2.163571E+02 5.178571E-01 1.455859E+00 4.022207E-09 9.740009E-09 4.221540E-08 1.230887E-07 1.510807E-07 2.749732E-07 3.066997E-07 1.980108E-07 1.102217E-07
468 2.168750E+02 5.178571E-01 1.455859E+00 3.898269E-09 9.439886E-09 4.091460E-08 1.192959E-07 1.464254E-07 2.665003E-07 2.972492E-07 1.919094E-07 1.068254E-07
469 2.173929E+02 5.178571E-01 1.455859E+00 3.778162E-09 9.149040E-09 3.965401E-08 1.156204E-07 1.419139E-07 2.582893E-07 2.880909E-07 1.859966E-07 1.035341E-07
470 2.179107E+02 5.178571E-01 1.455859E+00 3.661767E-09 8.867183E-09 3.843238E-08 1.120584E-07 1.375420E-07 2.503321E-07 2.792156E-07 1.802665E-07 1.003445E-07
471 2.184286E+02 5.178571E-01 1.455859E+00 3.548969E-09 8.594037E-09 3.724850E-08 1.086065E-07 1.333051E-07 2.426209E-07 2.706146E-07 1.747136E-07 9.725343E-08
472 2.189464E+02 5.178571E-01 1.455859E+00 3.439656E-09 8.329330E-09 3.610120E-08 1.052613E-07 1.291991E-07 2.351478E-07 2.622793E-07 1.693322E-07 9.425790E-08
473 2.194643E+02 5.178571E-01 1.455859E+00 3.333721E-09 8.072800E-09 3.498934E-08 1.020194E-07 1.252200E-07 2.279057E-07 2.542016E-07 1.641170E-07 9.135492E-08
474 2.199821E+02 5.178571E-01 1.455859E+00 3.231057E-09 7.824194E-09 3.391183E-08 9.887771E-08 1.213638E-07 2.208872E-07 2.463733E-07 1.590630E-07 8.854160E-08
475 2.205000E+02 5.178571E-01 1.455859E+00 3.131564E-09 7.583266E-09 3.286759E-08 9.583300E-08 1.176267E-07 2.140855E-07 2.387868E-07 1.541650E-07 8.581517E-08
476 2.210179E+02 5.178571E-01 1.455859E+00 3.035144E-09 7.349778E-09 3.185560E-08 9.288231E-08 1.140050E-07 2.074938E-07 2.314346E-07 1.494183E-07 8.317292E-08
477 2.215357E+02 5.178571E-01 1.455859E+00 2.941700E-09 7.123499E-09 3.087486E-08 9.002273E-08 1.104951E-07 2.011057E-07 2.243094E-07 1.448181E-07 8.061226E-08
478 2.220536E+02 5.178571E-01 1.455859E+00 2.851141E-09 6.904206E-09 2.992439E-08 8.725142E-08 1.070935E-07 1.949147E-07 2.174041E-07 1.403599E-07 7.813065E-08
479 2.225714E+02 5.178571E-01 1.455859E+00 2.763378E-09 6.691681E-09 2.900326E-08 8.456565E-08 1.037970E-07 1.889149E-07 2.107120E-07 1.360394E-07 7.572564E-08
480 2.230893E+02 5.178571E-01 1.455859E+00 2.678323E-09 6.485716E-09 2.811056E-08 8.196278E-08 1.006022E-07 1.831002E-07 2.042264E-07 1.318522E-07 7.339486E-08
481 2.236071E+02 5.178571E-01 1.455859E+00 2.595892E-09 6.286106E-09 2.724540E-08 7.944022E-08 9.750597E-08 1.774650E-07 1.979410E-07 1.277942E-07 7.113599E-08
482 2.241250E+02 5.178571E-01 1.455859E+00 2.516006E-09 6.092655E-09 2.640694E-08 7.699550E-08 9.450529E-08 1.720036E-07 1.918495E-07 1.238614E-07 6.894683E-08
483 2.246429E+02 5.178571E-01 1.455859E+00 2.438583E-09 5.905172E-09 2.559435E-08 7.462620E-08 9.159718E-08 1.667107E-07 1.859459E-07 1.200500E-07 6.682520E-08
484 2.251607E+02 5.178571E-01 1.455859E+00 2.363549E-09 5.723473E-09 2.480683E-08 7.232999E-08 8.877878E-08 1.615811E-07 1.802244E-07 1.163561E-07 6.476902E-08
485 2.256786E+02 5.178571E-01 1.455859E+00 2.290829E-09 5.547378E-09 2.404359E-08 7.010460E-08 8.604731E-08 1.566097E-07 1.746794E-07 1.127761E-07 6.277626E-08
486 2.261964E+02 5.178571E-01 1.455859E+00 2.220352E-09 5.376713E-09 2.330389E-08 6.794784E-08 8.340007E-08 1.517916E-07 1.693054E-07 1.093066E-07 6.084496E-08
487 2.267143E+02 5.178571E-01 1.455859E+00 2.152048E-09 5.211312E-09 2.258700E-08 6.585759E-08 8.083447E-08 1.471221E-07 1.640971E-07 1.059440E-07 5.897321E-08
488 2.272321E+02 5.178571E-01 1.455859E+00 2.085851E-09 5.051010E-09 2.189222E-08 6.383178E-08 7.834796E-08 1.425966E-07 1.590495E-07 1.026851E-07 5.715917E-08
489 2.277500E+02 5.178571E-01 1.455859E+00 2.021694E-09 4.895649E-09 2.121885E-08 6.186843E-08 7.593812E-08 1.382106E-07 1.541574E-07 9.952673E-08 5.540106E-08
490 2.282679E+02 5.178571E-01 1.455859E+00 1.959514E-09 4.745078E-09 2.056624E-08 5.996560E-08 7.360256E-08 1.339597E-07 1.494161E-07 9.646568E-08 5.369714E-08
491 2.287857E+02 5.178571E-01 1.455859E+00 1.899251E-09 4.599148E-09 1.993375E-08 5.812142E-08 7.133899E-08 1.298400E-07 1.448210E-07 9.349898E-08 5.204573E-08
492 2.293036E+02 5.178571E-01 1.455859E+00 1.840846E-09 4.457716E-09 1.932075E-08 5.633407E-08 6.914518E-08 1.258471E-07 1.403674E-07 9.062370E-08 5.044523E-08
493 2.298214E+02 5.178571E-01 1.455859E+00 1.784240E-09 4.320641E-09 1.872664E-08 5.460180E-08 6.701897E-08 1.219773E-07 1.360512E-07 8.783703E-08 4.889404E-08
494 2.303393E+02 5.178571E-01 1.455859E+00 1.729378E-09 4.187791E-09 1.815083E-08 5.292291E-08 6.495828E-08 1.182268E-07 1.318679E-07 8.513623E-08 4.739065E-08
495 2.308571E+02 5.178571E-01 1.455859E+00 1.676207E-09 4.059033E-09 1.759277E-08 5.129575E-08 6.296107E-08 1.145918E-07 1.278135E-07 8.251863E-08 4.593358E-08
496 2.313750E+02 5.178571E-01 1.455859E+00 1.624673E-09 3.934242E-09 1.705189E-08 4.971871E-08 6.102539E-08 1.110688E-07 1.238840E-07 7.998168E-08 4.452140E-08
497 2.318929E+02 5.178571E-01 1.455859E+00 1.574727E-09 3.813295E-09 1.652768E-08 4.819025E-08 5.914934E-08 1.076543E-07 1.200755E-07 7.752287E-08 4.315271E-08
498 2.324107E+02 5.178571E-01 1.455859E+00 1.526320E-09 3.696073E-09 1.601962E-08 4.670886E-08 5.733107E-08 1.043450E-07 1.163843E-07 7.513979E-08 4.182618E-08
499 2.329286E+02 5.178571E-01 1.455859E+00 1.479403E-09 3.582461E-09 1.552720E-08 4.527310E-08 5.556880E-08 1.011375E-07 1.128069E-07 7.283010E-08 4.054051E-08
500 2.334464E+02 5.178571E-01 1.455859E+00 1.433931E-09 3.472348E-09 1.504994E-08 4.388155E-08 5.386080E-08 9.802891E-08 1.093395E-07 7.059154E-08 3.929443E-08
501 2.339643E+02 5.178571E-01 1.455859E+00 1.389859E-09 3.365625E-09 1.458738E-08 4.253285E-08 5.220538E-08 9.501599E-08 1.059790E-07 6.842191E-08 3.808671E-08
502 2.344821E+02 5.178571E-01 1.455859E+00 1.347144E-09 3.262189E-09 1.413906E-08 4.122568E-08 5.060094E-08 9.209583E-08 1.027219E-07 6.631908E-08 3.691618E-08
503 2.350000E+02 5.178571E-01 1.455859E+00 1.305744E-09 3.161936E-09 1.370455E-08 3.995875E-08 4.904589E-08 8.926558E-08 9.956509E-08 6.428099E-08 3.578169E-08
504 2.355179E+02 5.178571E-01 1.455859E+00 1.265619E-09 3.064770E-09 1.328341E-08 3.873082E-08 4.753871E-08 8.652245E-08 9.650546E-08 6.230564E-08 3.468212E-08
505 2.360357E+02 5.178571E-01 1.455859E+00 1.226728E-09 2.970595E-09 1.287523E-08 3.754068E-08 4.607793E-08 8.386376E-08 9.354001E-08 6.039109E-08 3.361639E-08
506 2.365536E+02 5.178571E-01 1.455859E+00 1.189035E-09 2.879318E-09 1.247962E-08 3.638718E-08 4.466210E-08 8.128690E-08 9.066583E-08 5.853546E-08 3.258347E-08
507 2.370714E+02 5.178571E-01 1.455859E+00 1.152502E-09 2.790850E-09 1.209618E-08 3.526918E-08 4.328985E-08 7.878934E-08 8.788010E-08 5.673695E-08 3.158234E-08
508 2.375893E+02 5.178571E-01 1.455859E+00 1.117093E-09 2.705105E-09 1.172454E-08 3.418558E-08 4.195983E-08 7.636864E-08 8.518010E-08 5.499378E-08 3.061201E-08
509 2.381071E+02 5.178571E-01 1.455859E+00 1.082773E-09 2.621998E-09 1.136433E-08 3.313532E-08 4.067073E-08 7.402243E-08 8.256318E-08 5.330425E-08 2.967154E-08
510 2.386250E+02 5.178571E-01 1.455859E+00 1.049510E-09 2.541449E-09 1.101521E-08 3.211738E-08 3.942130E-08 7.174841E-08 8.002679E-08 5.166671E-08 2.876001E-08
511 2.391429E+02 5.178571E-01 1.455859E+00 1.017269E-09 2.463377E-09 1.067683E-08 3.113076E-08 3.821030E-08 6.954435E-08 7.756842E-08 5.007955E-08 2.787653E-08
512 2.396607E+02 5.178571E-01 1.455859E+00 9.860210E-10 2.387708E-09 1.034887E-08 3.017449E-08 3.703657E-08 6.740810E-08 7.518569E-08 4.854121E-08 2.702022E-08
513 2.401786E+02 5.178571E-01 1.455859E+00 9.557340E-10 2.314366E-09 1.003098E-08 2.924764E-08 3.589893E-08 6.533756E-08 7.287625E-08 4.705020E-08 2.619026E-08
514 2.406964E+02 5.178571E-01 1.455859E+00 9.263785E-10 2.243280E-09 9.722882E-09 2.834929E-08 3.479629E-08 6.333071E-08 7.063785E-08 4.560505E-08 2.538582E-08
515 2.412143E+02 5.178571E-01 1.455859E+00 8.979260E-10 2.174380E-09 9.424256E-09 2.747858E-08 3.372757E-08 6.138559E-08 6.846829E-08 4.420434E-08 2.460613E-08
516 2.417321E+02 5.178571E-01 1.455859E+00 8.703485E-10 2.107600E-09 9.134814E-09 2.663465E-08 3.269171E-08 5.950029E-08 6.636547E-08 4.284672E-08 2.385041E-08
517 2.422500E+02 5.178571E-01 1.455859E+00 8.436191E-10 2.042873E-09 8.854273E-09 2.581666E-08 3.168771E-08 5.767297E-08 6.432731E-08 4.153085E-08 2.311794E-08
518 2.427679E+02 5.178571E-01 1.455859E+00 8.177116E-10 1.980137E-09 8.582360E-09 2.502384E-08 3.071459E-08 5.590184E-08 6.235182E-08 4.025544E-08 2.240799E-08
519 2.432857E+02 5.178571E-01 1.455859E+00 7.926008E-10 1.919329E-09 8.318807E-09 2.425539E-08 2.977138E-08 5.418517E-08 6.043708E-08 3.901925E-08 2.171987E-08
520 2.438036E+02 5.178571E-01 1.455859E+00 7.682620E-10 1.860392E-09 8.063358E-09 2.351057E-08 2.885718E-08 5.252128E-08 5.858121E-08 3.782107E-08 2.105291E-08
521 2.443214E+02 5.178571E-01 1.455859E+00 7.446716E-10 1.803266E-09 7.815762E-09 2.278865E-08 2.797109E-08 5.090855E-08 5.678240E-08 3.665973E-08 2.040645E-08
522 2.448393E+02 5.178571E-01 1.455859E+00 7.218064E-10 1.747897E-09 7.575779E-09 2.208892E-08 2.711223E-08 4.934540E-08 5.503890E-08 3.553409E-08 1.977987E-08
523 2.453571E+02 5.178571E-01 1.455859E+00 6.996441E-10 1.694229E-09 7.343173E-09 2.141070E-08 2.627978E-08 4.783030E-08 5.334899E-08 3.444305E-08 1.917255E-08
524 2.458750E+02 5.178571E-01 1.455859E+00 6.781631E-10 1.642212E-09 7.117717E-09 2.075334E-08 2.547292E-08 4.636178E-08 5.171102E-08 3.338555E-08 1.858390E-08
525 2.463929E+02 5.178571E-01 1.455859E+00 6.573423E-10 1.591793E-09 6.899191E-09 2.011617E-08 2.469085E-08 4.493839E-08 5.012341E-08 3.236056E-08 1.801334E-08
526 2.469107E+02 5.178571E-01 1.455859E+00 6.371615E-10 1.542924E-09 6.687381E-09 1.949859E-08 2.393283E-08 4.355875E-08 4.858459E-08 3.136707E-08 1.746032E-08
527 2.474286E+02 5.178571E-01 1.455859E+00 6.176009E-10 1.495557E-09 6.482082E-09 1.890000E-08 2.319810E-08 4.222152E-08 4.709306E-08 3.040412E-08 1.692430E-08
528 2.479464E+02 5.178571E-01 1.455859E+00 5.986415E-10 1.449646E-09 6.283091E-09 1.831979E-08 2.248596E-08 4.092538E-08 4.564738E-08 2.947075E-08 1.640475E-08
529 2.484643E+02 5.178571E-01 1.455859E+00 5.802647E-10 1.405145E-09 6.090216E-09 1.775742E-08 2.179569E-08 3.966908E-08 4.424612E-08 2.856608E-08 1.590116E-08
530 2.489821E+02 5.178571E-01 1.455859E+00 5.624526E-10 1.362012E-09 5.903268E-09 1.721233E-08 2.112664E-08 3.845138E-08 4.288792E-08 2.768920E-08 1.541305E-08
531 2.495000E+02 5.178571E-01 1.455859E+00 5.451879E-10 1.320204E-09 5.722064E-09 1.668399E-08 2.047815E-08 3.727109E-08 4.157145E-08 2.683927E-08 1.493994E-08
532 2.500179E+02 5.178571E-01 1.455859E+00 5.284536E-10 1.279681E-09 5.546428E-09 1.617188E-08 1.984958E-08 3.612707E-08 4.029543E-08 2.601545E-08 1.448137E-08
533 2.505357E+02 5.178571E-01 1.455859E+00 5.122335E-10 1.240403E-09 5.376188E-09 1.567551E-08 1.924033E-08 3.501820E-08 3.905862E-08 2.521694E-08 1.403688E-08
534 2.510536E+02 5.178571E-01 1.455859E+00 4.965116E-10 1.202332E-09 5.211179E-09 1.519439E-08 1.864979E-08 3.394340E-08 3.785981E-08 2.444296E-08 1.360605E-08
535 2.515714E+02 5.178571E-01 1.455859E+00 4.812728E-10 1.165430E-09 5.051239E-09 1.472805E-08 1.807740E-08 3.290162E-08 3.669783E-08 2.369277E-08 1.318846E-08
536 2.520893E+02 5.178571E-01 1.455859E+00 4.665022E-10 1.129662E-09 4.896212E-09 1.427603E-08 1.752259E-08 3.189184E-08 3.557154E-08 2.296562E-08 1.278369E-08
537 2.526071E+02 5.178571E-01 1.455859E+00 4.521852E-10 1.094993E-09 4.745947E-09 1.383790E-08 1.698482E-08 3.091308E-08 3.447985E-08 2.226080E-08 1.239136E-08
538 2.531250E+02 5.178571E-01 1.455859E+00 4.383080E-10 1.061389E-09 4.600298E-09 1.341322E-08 1.646357E-08 2.996438E-08 3.342169E-08 2.157764E-08 1.201108E-08
539 2.536429E+02 5.178571E-01 1.455859E+00 4.248571E-10 1.028816E-09 4.459123E-09 1.300160E-08 1.595833E-08 2.904483E-08 3.239604E-08 2.091546E-08 1.164248E-08
540 2.541607E+02 5.178571E-01 1.455859E+00 4.118193E-10 9.972447E-10 4.322284E-09 1.260261E-08 1.546861E-08 2.815352E-08 3.140189E-08 2.027361E-08 1.128521E-08
541 2.546786E+02 5.178571E-01 1.455859E+00 3.991820E-10 9.666426E-10 4.189648E-09 1.221588E-08 1.499393E-08 2.728958E-08 3.043827E-08 1.965148E-08 1.093890E-08
542 2.551964E+02 5.178571E-01 1.455859E+00 3.869328E-10 9.369803E-10 4.061085E-09 1.184102E-08 1.453383E-08 2.645218E-08 2.950424E-08 1.904846E-08 1.060323E-08
543 2.557143E+02 5.178571E-01 1.455859E+00 3.750597E-10 9.082290E-10 3.936470E-09 1.147768E-08 1.408786E-08 2.564049E-08 2.859890E-08 1.846396E-08 1.027787E-08
544 2.562321E+02 5.178571E-01 1.455859E+00 3.635512E-10 8.803607E-10 3.815682E-09 1.112550E-08 1.365558E-08 2.485373E-08 2.772137E-08 1.789740E-08 9.962500E-09
545 2.567500E+02 5.178571E-01 1.455859E+00 3.523962E-10 8.533481E-10 3.698603E-09 1.078413E-08 1.323658E-08 2.409113E-08 2.687078E-08 1.734825E-08 9.656815E-09
546 2.572679E+02 5.178571E-01 1.455859E+00 3.415837E-10 8.271649E-10 3.585120E-09 1.045324E-08 1.283044E-08 2.335194E-08 2.604630E-08 1.681596E-08 9.360517E-09
547 2.577857E+02 5.178571E-01 1.455859E+00 3.311032E-10 8.017858E-10 3.475121E-09 1.013251E-08 1.243678E-08 2.263546E-08 2.524715E-08 1.630001E-08 9.073317E-09
548 2.583036E+02 5.178571E-01 1.455859E+00 3.209445E-10 7.771859E-10 3.368499E-09 9.821632E-09 1.205520E-08 2.194097E-08 2.447253E-08 1.579990E-08 8.794935E-09
549 2.588214E+02 5.178571E-01 1.455859E+00 3.110977E-10 7.533412E-10 3.265151E-09 9.520297E-09 1.168534E-08 2.126781E-08 2.372170E-08 1.531515E-08 8.525100E-09
550 2.593393E+02 5.178571E-01 1.455859E+00 3.015532E-10 7.302287E-10 3.164976E-09 9.228214E-09 1.132683E-08 2.061531E-08 2.299391E-08 1.484528E-08 8.263550E-09
551 2.598571E+02 5.178571E-01 1.455859E+00 2.923017E-10 7.078258E-10 3.067877E-09 8.945099E-09 1.097933E-08 1.998284E-08 2.228848E-08 1.438983E-08 8.010029E-09
552 2.603750E+02 5.178571E-01 1.455859E+00 2.833343E-10 6.861106E-10 2.973758E-09 8.670675E-09 1.064250E-08 1.936980E-08 2.160469E-08 1.394837E-08 7.764292E-09
553 2.608929E+02 5.178571E-01 1.455859E+00 2.746421E-10 6.650620E-10 2.882529E-09 8.404675E-09 1.031601E-08 1.877557E-08 2.094190E-08 1.352046E-08 7.526098E-09
554 2.614107E+02 5.178571E-01 1.455859E+00 2.662168E-10 6.446596E-10 2.794101E-09 8.146841E-09 9.999540E-09 1.819958E-08 2.029946E-08 1.310569E-08 7.295217E-09
555 2.619286E+02 5.178571E-01 1.455859E+00 2.580501E-10 6.248835E-10 2.708387E-09 7.896922E-09 9.692786E-09 1.764128E-08 1.967674E-08 1.270365E-08 7.071423E-09
556 2.624464E+02 5.178571E-01 1.455859E+00 2.501341E-10 6.057145E-10 2.625303E-09 7.654674E-09 9.395448E-09 1.710011E-08 1.907313E-08 1.231395E-08 6.854498E-09
557 2.629643E+02 5.178571E-01 1.455859E+00 2.424611E-10 5.871338E-10 2.544771E-09 7.419862E-09 9.107236E-09 1.657555E-08 1.848805E-08 1.193621E-08 6.644232E-09
558 2.634821E+02 5.178571E-01 1.455859E+00 2.350236E-10 5.691234E-10 2.466710E-09 7.192258E-09 8.827872E-09 1.606710E-08 1.792093E-08 1.157007E-08 6.440420E-09
559 2.640000E+02 5.178571E-01 1.455859E+00 2.278144E-10 5.516659E-10 2.391045E-09 6.971639E-09 8.557081E-09 1.557425E-08 1.737121E-08 1.121516E-08 6.242864E-09
560 2.645179E+02 5.178571E-01 1.455859E+00 2.208264E-10 5.347441E-10 2.317702E-09 6.757791E-09 8.294602E-09 1.509652E-08 1.683837E-08 1.087115E-08 6.051370E-09
561 2.650357E+02 5.178571E-01 1.455859E+00 2.140529E-10 5.183417E-10 2.246610E-09 6.550507E-09 8.040179E-09 1.463346E-08 1.632188E-08 1.053769E-08 5.865755E-09
562 2.655536E+02 5.178571E-01 1.455859E+00 2.074873E-10 5.024427E-10 2.177700E-09 6.349585E-09 7.793563E-09 1.418461E-08 1.582124E-08 1.021447E-08 5.685835E-09
563 2.660714E+02 5.178571E-01 1.455859E+00 2.011232E-10 4.870316E-10 2.110905E-09 6.154828E-09 7.554517E-09 1.374954E-08 1.533597E-08 9.901172E-09 5.511437E-09
564 2.665893E+02 5.178571E-01 1.455859E+00 1.949544E-10 4.720935E-10 2.046160E-09 5.966048E-09 7.322806E-09 1.332781E-08 1.486559E-08 9.597485E-09 5.342392E-09
565 2.671071E+02 5.178571E-01 1.455859E+00 1.889749E-10 4.576138E-10 1.983402E-09 5.783062E-09 7.098206E-09 1.291903E-08 1.440964E-08 9.303118E-09 5.178534E-09
566 2.676250E+02 5.178571E-01 1.455859E+00 1.831789E-10 4.435784E-10 1.922569E-09 5.605691E-09 6.880499E-09 1.252280E-08 1.396768E-08 9.017784E-09 5.019704E-09
567 2.681429E+02 5.178571E-01 1.455859E+00 1.775607E-10 4.299737E-10 1.863603E-09 5.433763E-09 6.669472E-09 1.213872E-08 1.353929E-08 8.741206E-09 4.865748E-09
568 2.686607E+02 5.178571E-01 1.455859E+00 1.721150E-10 4.167865E-10 1.806447E-09 5.267110E-09 6.464920E-09 1.176643E-08 1.312404E-08 8.473114E-09 4.716516E-09
569 2.691786E+02 5.178571E-01 1.455859E+00 1.668363E-10 4.040039E-10 1.751044E-09 5.105571E-09 6.266645E-09 1.140556E-08 1.272154E-08 8.213249E-09 4.571864E-09
570 2.696964E+02 5.178571E-01 1.455859E+00 1.617196E-10 3.916135E-10 1.697342E-09 4.948989E-09 6.074454E-09 1.105576E-08 1.233138E-08 7.961358E-09 4.431650E-09
571 2.702143E+02 5.178571E-01 1.455859E+00 1.567599E-10 3.796034E-10 1.645287E-09 4.797211E-09 5.888160E-09 1.071670E-08 1.195320E-08 7.717195E-09 4.295738E-09
572 2.707321E+02 5.178571E-01 1.455859E+00 1.519524E-10 3.679617E-10 1.594829E-09 4.650090E-09 5.707581E-09 1.038804E-08 1.158662E-08 7.480524E-09 4.163996E-09
573 2.712500E+02 5.178571E-01 1.455859E+00 1.472924E-10 3.566772E-10 1.545920E-09 4.507483E-09 5.532544E-09 1.006946E-08 1.123128E-08 7.251114E-09 4.036296E-09
574 2.717679E+02 5.178571E-01 1.455859E+00 1.427754E-10 3.457389E-10 1.498511E-09 4.369251E-09 5.362876E-09 9.760660E-09 1.088685E-08 7.028743E-09 3.912515E-09
575 2.722857E+02 5.178571E-01 1.455859E+00 1.383969E-10 3.351362E-10 1.452556E-09 4.235260E-09 5.198414E-09 9.461332E-09 1.055299E-08 6.813195E-09 3.792530E-09
576 2.728036E+02 5.178571E-01 1.455859E+00 1.341528E-10 3.248588E-10 1.408012E-09 4.105380E-09 5.038998E-09 9.171187E-09 1.022936E-08 6.604259E-09 3.676227E-09
577 2.733214E+02 5.178571E-01 1.455859E+00 1.300389E-10 3.148967E-10 1.364833E-09 3.979485E-09 4.884472E-09 8.889944E-09 9.915671E-09 6.401733E-09 3.563492E-09
578 2.738393E+02 5.178571E-01 1.455859E+00 1.260511E-10 3.052402E-10 1.322980E-09 3.857452E-09 4.734687E-09 8.617329E-09 9.611601E-09 6.205420E-09 3.454216E-09
579 2.743571E+02 5.178571E-01 1.455859E+00 1.221858E-10 2.958800E-10 1.282411E-09 3.739163E-09 4.589497E-09 8.353077E-09 9.316860E-09 6.015130E-09 3.348292E-09
580 2.748750E+02 5.178571E-01 1.455859E+00 1.184390E-10 2.868069E-10 1.243086E-09 3.624502E-09 4.448761E-09 8.096932E-09 9.031160E-09 5.830677E-09 3.245617E-09
581 2.753929E+02 5.178571E-01 1.455859E+00 1.148071E-10 2.780121E-10 1.204967E-09 3.513359E-09 4.312342E-09 7.848644E-09 8.754225E-09 5.651883E-09 3.146092E-09
582 2.759107E+02 5.178571E-01 1.455859E+00 1.112866E-10 2.694871E-10 1.168018E-09 3.405625E-09 4.180108E-09 7.607973E-09 8.485785E-09 5.478573E-09 3.049620E-09
583 2.764286E+02 5.178571E-01 1.455859E+00 1.078742E-10 2.612236E-10 1.132202E-09 3.301196E-09 4.051931E-09 7.374684E-09 8.225579E-09 5.310580E-09 2.956107E-09
584 2.769464E+02 5.178571E-01 1.455859E+00 1.045664E-10 2.532136E-10 1.097485E-09 3.199970E-09 3.927685E-09 7.148551E-09 7.973355E-09 5.147739E-09 2.865463E-09
585 2.774643E+02 5.178571E-01 1.455859E+00 1.013601E-10 2.454493E-10 1.063833E-09 3.101849E-09 3.807250E-09 6.929355E-09 7.728868E-09 4.989894E-09 2.777599E-09
586 2.779821E+02 5.178571E-01 1.455859E+00 9.825209E-11 2.379232E-10 1.031213E-09 3.006738E-09 3.690510E-09 6.716882E-09 7.491880E-09 4.836890E-09 2.692431E-09
587 2.785000E+02 5.178571E-01 1.455859E+00 9.523945E-11 2.306279E-10 9.995935E-10 2.914544E-09 3.577350E-09 6.510927E-09 7.262161E-09 4.688580E-09 2.609874E-09
588 2.790179E+02 5.178571E-01 1.455859E+00 9.231921E-11 2.235564E-10 9.689439E-10 2.825178E-09 3.467661E-09 6.311288E-09 7.039488E-09 4.544818E-09 2.529850E-09
589 2.795357E+02 5.178571E-01 1.455859E+00 8.948855E-11 2.167018E-10 9.392344E-10 2.738553E-09 3.361336E-09 6.117773E-09 6.823645E-09 4.405466E-09 2.452281E-09
590 2.800536E+02 5.178571E-01 1.455859E+00 8.674470E-11 2.100574E-10 9.104361E-10 2.654585E-09 3.258273E-09 5.930193E-09 6.614422E-09 4.270388E-09 2.377090E-09
