0 -2.548214E+01 5.178571E-01 0.000000E+00 0.000000E+00 0.000000E+00 0.000000E+00 0.000000E+00 3.760293E-09 0.000000E+00 0.000000E+00 0.000000E+00 0.000000E+00
1 -2.496429E+01 5.178571E-01 0.000000E+00 0.000000E+00 0.000000E+00 0.000000E+00 0.000000E+00 6.405463E-09 0.000000E+00 0.000000E+00 0.000000E+00 0.000000E+00
2 -2.444643E+01 5.178571E-01 1.689209E-01 2.097932E-15 5.080265E-15 2.201902E-14 6.420149E-14 8.219603E-09 3.499509E-13 8.766393E-13 8.923383E-13 8.152115E-13
3 -2.392857E+01 5.178571E-01 3.468894E+00 4.318090E-14 1.045651E-13 4.532087E-13 1.321434E-12 9.418079E-09 7.202900E-12 1.804352E-11 1.836665E-11 1.677918E-11
4 -2.341071E+01 5.178571E-01 8.093230E+00 2.502383E-13 6.059667E-13 2.626397E-12 7.657862E-12 1.016749E-08 4.174164E-11 1.045643E-10 1.064368E-10 9.723726E-11
5 -2.289286E+01 5.178571E-01 9.522322E+00 8.035815E-13 1.945920E-12 8.434056E-12 2.459142E-11 1.059702E-08 1.340435E-10 3.357836E-10 3.417969E-10 3.122546E-10
6 -2.237500E+01 5.178571E-01 9.099507E+00 1.856871E-12 4.496521E-12 1.948894E-11 5.682448E-11 1.080448E-08 3.097401E-10 7.759098E-10 7.898049E-10 7.215403E-10
7 -2.185714E+01 5.178571E-01 5.812589E+00 3.496530E-12 8.467053E-12 3.669812E-11 1.070018E-10 1.086181E-08 5.832477E-10 1.461056E-09 1.487221E-09 1.358677E-09
8 -2.133929E+01 5.178571E-01 3.978590E+00 5.705999E-12 1.381741E-11 5.988778E-11 1.746166E-10 1.081902E-08 9.518037E-10 2.384302E-09 2.427000E-09 2.217229E-09
9 -2.082143E+01 5.178571E-01 4.759281E+00 8.428038E-12 2.040899E-11 8.845717E-11 2.579172E-10 1.071136E-08 1.405861E-09 3.521730E-09 3.584798E-09 3.274956E-09
10 -2.030357E+01 5.178571E-01 4.781279E+00 1.166402E-11 2.824511E-11 1.224207E-10 3.569456E-10 1.056713E-08 1.945647E-09 4.873913E-09 4.961196E-09 4.532389E-09
11 -1.978571E+01 5.178571E-01 4.000323E+00 1.544590E-11 3.740316E-11 1.621137E-10 4.726798E-10 1.040886E-08 2.576493E-09 6.454206E-09 6.569789E-09 6.001948E-09
12 -1.926786E+01 5.178571E-01 3.002535E+00 1.977287E-11 4.788115E-11 2.075277E-10 6.050947E-10 1.025202E-08 3.298264E-09 8.262266E-09 8.410228E-09 7.683314E-09
13 -1.875000E+01 5.178571E-01 1.816319E+00 2.457587E-11 5.951191E-11 2.579381E-10 7.520776E-10 1.010475E-08 4.099441E-09 1.026924E-08 1.045315E-08 9.549659E-09
14 -1.823214E+01 5.178571E-01 1.559247E+00 2.971922E-11 7.196683E-11 3.119205E-10 9.094757E-10 9.968978E-09 4.957390E-09 1.241844E-08 1.264083E-08 1.154825E-08
15 -1.771429E+01 5.178571E-01 1.966781E+00 3.509197E-11 8.497727E-11 3.683107E-10 1.073894E-09 9.845462E-09 5.853607E-09 1.466349E-08 1.492609E-08 1.363599E-08
16 -1.719643E+01 5.178571E-01 2.015504E+00 4.066628E-11 9.847579E-11 4.268163E-10 1.244481E-09 9.737182E-09 6.783444E-09 1.699276E-08 1.729707E-08 1.580205E-08
17 -1.667857E+01 5.178571E-01 1.837508E+00 4.644826E-11 1.124772E-10 4.875016E-10 1.421423E-09 9.647429E-09 7.747922E-09 1.940882E-08 1.975639E-08 1.804880E-08
18 -1.616071E+01 5.178571E-01 1.141606E+00 5.241297E-11 1.269211E-10 5.501047E-10 1.603956E-09 9.577064E-09 8.742880E-09 2.190122E-08 2.229343E-08 2.036656E-08
19 -1.564286E+01 5.178571E-01 2.494869E-01 5.842984E-11 1.414913E-10 6.132552E-10 1.788086E-09 9.521237E-09 9.746539E-09 2.441542E-08 2.485266E-08 2.270459E-08
20 -1.512500E+01 5.178571E-01 5.196387E-01 6.429213E-11 1.556872E-10 6.747833E-10 1.967486E-09 9.470963E-09 1.072441E-08 2.686503E-08 2.734614E-08 2.498255E-08
21 -1.460714E+01 5.178571E-01 1.213893E+00 6.990718E-11 1.692843E-10 7.337166E-10 2.139319E-09 9.422271E-09 1.166105E-08 2.921133E-08 2.973445E-08 2.716444E-08
22 -1.408929E+01 5.178571E-01 1.855092E+00 7.536397E-11 1.824983E-10 7.909887E-10 2.306309E-09 9.379502E-09 1.257128E-08 3.149150E-08 3.205545E-08 2.928483E-08
23 -1.357143E+01 5.178571E-01 2.431703E+00 8.088615E-11 1.958706E-10 8.489473E-10 2.475301E-09 9.353170E-09 1.349242E-08 3.379899E-08 3.440427E-08 3.143063E-08
24 -1.305357E+01 5.178571E-01 1.417508E+00 8.670085E-11 2.099512E-10 9.099759E-10 2.653243E-09 9.353805E-09 1.446236E-08 3.622871E-08 3.687750E-08 3.369010E-08
25 -1.253571E+01 5.178571E-01 1.479046E+00 9.283331E-11 2.248013E-10 9.743397E-10 2.840911E-09 9.382283E-09 1.548530E-08 3.879122E-08 3.948590E-08 3.607304E-08
26 -1.201786E+01 5.178571E-01 1.464872E+00 9.927267E-11 2.403946E-10 1.041924E-09 3.037970E-09 9.437704E-09 1.655943E-08 4.148196E-08 4.222483E-08 3.857524E-08
27 -1.150000E+01 5.178571E-01 1.416098E+00 1.060185E-10 2.567301E-10 1.112726E-09 3.244409E-09 9.519616E-09 1.768469E-08 4.430078E-08 4.509413E-08 4.119654E-08
28 -1.098214E+01 5.178571E-01 1.361035E+00 1.130661E-10 2.737963E-10 1.186695E-09 3.460081E-09 9.627336E-09 1.886029E-08 4.724568E-08 4.809177E-08 4.393509E-08
29 -1.046429E+01 5.178571E-01 1.318894E+00 1.204044E-10 2.915664E-10 1.263715E-09 3.684650E-09 9.759872E-09 2.008437E-08 5.031205E-08 5.121305E-08 4.678660E-08
30 -9.946429E+00 5.178571E-01 1.340837E+00 1.280246E-10 3.100191E-10 1.343693E-09 3.917845E-09 9.916331E-09 2.135547E-08 5.349621E-08 5.445423E-08 4.974763E-08
31 -9.428571E+00 5.178571E-01 1.447778E+00 1.356383E-10 3.284561E-10 1.423603E-09 4.150841E-09 1.008260E-08 2.262550E-08 5.667766E-08 5.769266E-08 5.270615E-08
32 -8.910714E+00 5.178571E-01 1.529898E+00 1.430331E-10 3.463630E-10 1.501216E-09 4.377138E-09 1.024815E-08 2.385900E-08 5.976763E-08 6.083796E-08 5.557960E-08
33 -8.392857E+00 5.178571E-01 1.553286E+00 1.499910E-10 3.632121E-10 1.574243E-09 4.590067E-09 1.040222E-08 2.501964E-08 6.267507E-08 6.379747E-08 5.828331E-08
34 -7.875000E+00 5.178571E-01 1.520767E+00 1.563840E-10 3.786931E-10 1.641342E-09 4.785708E-09 1.053832E-08 2.608604E-08 6.534645E-08 6.651669E-08 6.076750E-08
35 -7.357143E+00 5.178571E-01 1.432925E+00 1.621420E-10 3.926365E-10 1.701775E-09 4.961916E-09 1.065271E-08 2.704652E-08 6.775248E-08 6.896580E-08 6.300494E-08
36 -6.839286E+00 5.178571E-01 1.443251E+00 1.672331E-10 4.049648E-10 1.755209E-09 5.117715E-09 1.074346E-08 2.789575E-08 6.987984E-08 7.113126E-08 6.498323E-08
37 -6.321429E+00 5.178571E-01 1.438639E+00 1.716559E-10 4.156747E-10 1.801628E-09 5.253060E-09 1.081013E-08 2.863350E-08 7.172791E-08 7.301243E-08 6.670180E-08
38 -5.803571E+00 5.178571E-01 1.436477E+00 1.754296E-10 4.248132E-10 1.841236E-09 5.368547E-09 1.085325E-08 2.926299E-08 7.330482E-08 7.461758E-08 6.816822E-08
39 -5.285714E+00 5.178571E-01 1.438731E+00 1.785871E-10 4.324592E-10 1.874376E-09 5.465173E-09 1.087403E-08 2.978968E-08 7.462420E-08 7.596059E-08 6.939514E-08
40 -4.767857E+00 5.178571E-01 1.446275E+00 1.811691E-10 4.387117E-10 1.901476E-09 5.544188E-09 1.087405E-08 3.022038E-08 7.570311E-08 7.705882E-08 7.039846E-08
41 -4.250000E+00 5.178571E-01 1.458259E+00 1.832212E-10 4.436808E-10 1.923013E-09 5.606985E-09 1.085514E-08 3.056268E-08 7.656058E-08 7.793164E-08 7.119584E-08
42 -3.732143E+00 5.178571E-01 1.468803E+00 1.847909E-10 4.474819E-10 1.939488E-09 5.655021E-09 1.081925E-08 3.082451E-08 7.721648E-08 7.859929E-08 7.180578E-08
43 -3.214286E+00 5.178571E-01 1.469851E+00 1.859255E-10 4.502296E-10 1.951397E-09 5.689745E-09 1.076832E-08 3.101379E-08 7.769062E-08 7.908192E-08 7.224670E-08
44 -2.696429E+00 5.178571E-01 1.463741E+00 1.866704E-10 4.520334E-10 1.959215E-09 5.712541E-09 1.070422E-08 3.113804E-08 7.800188E-08 7.939876E-08 7.253615E-08
45 -2.178571E+00 5.178571E-01 1.455398E+00 1.870674E-10 4.529946E-10 1.963381E-09 5.724688E-09 1.062867E-08 3.120425E-08 7.816775E-08 7.956760E-08 7.269039E-08
46 -1.660714E+00 5.178571E-01 1.449695E+00 1.871546E-10 4.532059E-10 1.964297E-09 5.727358E-09 1.054322E-08 3.121881E-08 7.820421E-08 7.960471E-08 7.272430E-08
47 -1.142857E+00 5.178571E-01 1.451943E+00 1.869673E-10 4.527522E-10 1.962330E-09 5.721624E-09 1.044928E-08 3.118755E-08 7.812591E-08 7.952501E-08 7.265149E-08
48 -6.250000E-01 5.178571E-01 1.452587E+00 1.865376E-10 4.517117E-10 1.957820E-09 5.708475E-09 1.034818E-08 3.111588E-08 7.794636E-08 7.934225E-08 7.248452E-08
49 -1.071429E-01 5.178571E-01 1.453917E+00 1.858952E-10 4.501562E-10 1.951079E-09 5.688818E-09 1.024108E-08 3.100873E-08 7.767796E-08 7.906903E-08 7.223492E-08
50 4.107143E-01 5.178571E-01 1.455528E+00 1.850673E-10 4.481512E-10 1.942389E-09 5.663480E-09 1.012907E-08 3.087062E-08 7.733199E-08 7.871687E-08 7.191319E-08
51 9.285714E-01 5.178571E-01 1.457047E+00 1.840782E-10 4.457561E-10 1.932008E-09 5.633212E-09 1.001310E-08 3.070563E-08 7.691869E-08 7.829617E-08 7.152885E-08
52 1.446429E+00 5.178571E-01 1.457972E+00 1.829501E-10 4.430243E-10 1.920168E-09 5.598689E-09 9.894049E-09 3.051746E-08 7.644730E-08 7.781633E-08 7.109049E-08
53 1.964286E+00 5.178571E-01 1.457851E+00 1.817027E-10 4.400038E-10 1.907076E-09 5.560518E-09 9.772666E-09 3.030939E-08 7.592609E-08 7.728579E-08 7.060581E-08
54 2.482143E+00 5.178571E-01 1.456768E+00 1.803538E-10 4.367373E-10 1.892918E-09 5.519237E-09 9.649620E-09 3.008438E-08 7.536242E-08 7.671202E-08 7.008163E-08
55 3.000000E+00 5.178571E-01 1.455568E+00 1.789188E-10 4.332623E-10 1.877857E-09 5.475322E-09 9.525489E-09 2.984501E-08 7.476279E-08 7.610165E-08 6.952402E-08
56 3.517857E+00 5.178571E-01 1.454871E+00 1.774114E-10 4.296122E-10 1.862036E-09 5.429194E-09 9.400772E-09 2.959357E-08 7.413293E-08 7.546052E-08 6.893830E-08
57 4.035714E+00 5.178571E-01 1.454888E+00 1.758439E-10 4.258164E-10 1.845584E-09 5.381225E-09 9.275900E-09 2.933210E-08 7.347793E-08 7.479379E-08 6.832919E-08
58 4.553571E+00 5.178571E-01 1.455405E+00 1.742270E-10 4.219008E-10 1.828614E-09 5.331742E-09 9.151247E-09 2.906238E-08 7.280227E-08 7.410603E-08 6.770088E-08
59 5.071429E+00 5.178571E-01 1.455700E+00 1.725701E-10 4.178887E-10 1.811224E-09 5.281040E-09 9.027135E-09 2.878601E-08 7.210995E-08 7.340132E-08 6.705708E-08
60 5.589286E+00 5.178571E-01 1.455982E+00 1.708819E-10 4.138005E-10 1.793505E-09 5.229375E-09 8.903842E-09 2.850439E-08 7.140450E-08 7.268323E-08 6.640106E-08
61 6.107143E+00 5.178571E-01 1.456160E+00 1.691697E-10 4.096542E-10 1.775534E-09 5.176977E-09 8.781604E-09 2.821878E-08 7.068903E-08 7.195494E-08 6.573572E-08
62 6.625000E+00 5.178571E-01 1.456205E+00 1.674400E-10 4.054657E-10 1.757380E-09 5.124044E-09 8.660619E-09 2.793025E-08 6.996626E-08 7.121923E-08 6.506359E-08
63 7.142857E+00 5.178571E-01 1.456116E+00 1.656985E-10 4.012487E-10 1.739102E-09 5.070752E-09 8.541052E-09 2.763977E-08 6.923858E-08 7.047852E-08 6.438691E-08
64 7.660714E+00 5.178571E-01 1.455940E+00 1.639503E-10 3.970153E-10 1.720754E-09 5.017253E-09 8.423040E-09 2.734815E-08 6.850808E-08 6.973493E-08 6.370759E-08
65 8.178571E+00 5.178571E-01 1.455766E+00 1.621996E-10 3.927759E-10 1.702380E-09 4.963678E-09 8.306691E-09 2.705612E-08 6.777654E-08 6.899030E-08 6.302731E-08
66 8.696429E+00 5.178571E-01 1.455683E+00 1.604502E-10 3.885396E-10 1.684018E-09 4.910142E-09 8.192092E-09 2.676431E-08 6.704553E-08 6.824619E-08 6.234752E-08
67 9.214286E+00 5.178571E-01 1.455703E+00 1.587052E-10 3.843141E-10 1.665704E-09 4.856742E-09 8.079309E-09 2.647324E-08 6.631638E-08 6.750399E-08 6.166947E-08
68 9.732143E+00 5.178571E-01 1.455785E+00 1.569675E-10 3.801061E-10 1.647466E-09 4.803564E-09 7.968394E-09 2.618337E-08 6.559027E-08 6.676487E-08 6.099424E-08
69 1.025000E+01 5.178571E-01 1.455866E+00 1.552395E-10 3.759215E-10 1.629329E-09 4.750682E-09 7.859382E-09 2.589512E-08 6.486818E-08 6.602985E-08 6.032275E-08
70 1.076786E+01 5.178571E-01 1.455904E+00 1.535231E-10 3.717651E-10 1.611314E-09 4.698156E-09 7.752296E-09 2.560881E-08 6.415097E-08 6.529980E-08 5.965579E-08
71 1.128571E+01 5.178571E-01 1.455921E+00 1.518201E-10 3.676412E-10 1.593440E-09 4.646041E-09 7.647149E-09 2.532474E-08 6.343936E-08 6.457545E-08 5.899405E-08
72 1.180357E+01 5.178571E-01 1.455913E+00 1.501320E-10 3.635533E-10 1.575722E-09 4.594380E-09 7.543945E-09 2.504315E-08 6.273396E-08 6.385741E-08 5.833807E-08
73 1.232143E+01 5.178571E-01 1.455889E+00 1.484599E-10 3.595043E-10 1.558173E-09 4.543211E-09 7.442677E-09 2.476423E-08 6.203527E-08 6.314621E-08 5.768834E-08
74 1.283929E+01 5.178571E-01 1.455860E+00 1.468049E-10 3.554966E-10 1.540803E-09 4.492564E-09 7.343334E-09 2.448816E-08 6.134371E-08 6.244227E-08 5.704524E-08
75 1.335714E+01 5.178571E-01 1.455837E+00 1.451677E-10 3.515322E-10 1.523620E-09 4.442464E-09 7.245897E-09 2.421508E-08 6.065962E-08 6.174592E-08 5.640909E-08
76 1.387500E+01 5.178571E-01 1.455829E+00 1.435491E-10 3.476126E-10 1.506632E-09 4.392930E-09 7.150343E-09 2.394508E-08 5.998326E-08 6.105745E-08 5.578012E-08
77 1.439286E+01 5.178571E-01 1.455836E+00 1.419495E-10 3.437390E-10 1.489843E-09 4.343978E-09 7.056645E-09 2.367825E-08 5.931485E-08 6.037707E-08 5.515855E-08
78 1.491071E+01 5.178571E-01 1.455851E+00 1.403693E-10 3.399125E-10 1.473257E-09 4.295620E-09 6.964773E-09 2.341466E-08 5.865454E-08 5.970494E-08 5.454451E-08
79 1.542857E+01 5.178571E-01 1.455864E+00 1.388087E-10 3.361335E-10 1.456878E-09 4.247863E-09 6.874694E-09 2.315435E-08 5.800245E-08 5.904117E-08 5.393811E-08
80 1.594643E+01 5.178571E-01 1.455871E+00 1.372680E-10 3.324025E-10 1.440708E-09 4.200714E-09 6.786372E-09 2.289734E-08 5.735864E-08 5.838583E-08 5.333942E-08
81 1.646429E+01 5.178571E-01 1.455870E+00 1.357472E-10 3.287198E-10 1.424746E-09 4.154174E-09 6.699772E-09 2.264366E-08 5.672317E-08 5.773898E-08 5.274847E-08
82 1.698214E+01 5.178571E-01 1.455867E+00 1.342464E-10 3.250855E-10 1.408994E-09 4.108245E-09 6.614853E-09 2.239331E-08 5.609603E-08 5.710061E-08 5.216528E-08
83 1.750000E+01 5.178571E-01 1.455862E+00 1.327655E-10 3.214994E-10 1.393451E-09 4.062926E-09 6.531579E-09 2.214629E-08 5.547722E-08 5.647072E-08 5.158983E-08
84 1.801786E+01 5.178571E-01 1.455857E+00 1.313044E-10 3.179613E-10 1.378116E-09 4.018214E-09 6.449909E-09 2.190257E-08 5.486671E-08 5.584927E-08 5.102209E-08
85 1.853571E+01 5.178571E-01 1.455855E+00 1.298631E-10 3.144710E-10 1.362988E-09 3.974105E-09 6.369804E-09 2.166214E-08 5.426442E-08 5.523620E-08 5.046201E-08
86 1.905357E+01 5.178571E-01 1.455854E+00 1.284412E-10 3.110280E-10 1.348066E-09 3.930594E-09 6.291223E-09 2.142497E-08 5.367030E-08 5.463144E-08 4.990952E-08
87 1.957143E+01 5.178571E-01 1.455856E+00 1.272378E-10 3.081139E-10 1.335435E-09 3.893768E-09 6.223550E-09 2.122423E-08 5.316745E-08 5.411958E-08 4.944191E-08
88 2.008929E+01 5.178571E-01 1.455859E+00 1.263952E-10 3.060733E-10 1.326591E-09 3.867980E-09 6.173490E-09 2.108367E-08 5.281533E-08 5.376116E-08 4.911446E-08
89 2.060714E+01 5.178571E-01 1.455861E+00 1.260598E-10 3.052612E-10 1.323071E-09 3.857717E-09 6.147953E-09 2.102773E-08 5.267519E-08 5.361851E-08 4.898414E-08
90 2.112500E+01 5.178571E-01 1.455861E+00 1.263160E-10 3.058816E-10 1.325760E-09 3.865558E-09 6.150902E-09 2.107047E-08 5.278225E-08 5.372749E-08 4.908370E-08
91 2.164286E+01 5.178571E-01 1.455861E+00 1.272067E-10 3.080385E-10 1.335109E-09 3.892816E-09 6.184344E-09 2.121904E-08 5.315445E-08 5.410635E-08 4.942982E-08
92 2.216071E+01 5.178571E-01 1.455860E+00 1.287481E-10 3.117710E-10 1.351286E-09 3.939984E-09 6.249017E-09 2.147615E-08 5.379851E-08 5.476195E-08 5.002875E-08
93 2.267857E+01 5.178571E-01 1.455859E+00 1.309394E-10 3.170775E-10 1.374285E-09 4.007044E-09 6.344872E-09 2.184168E-08 5.471419E-08 5.569402E-08 5.088026E-08
94 2.319643E+01 5.178571E-01 1.455859E+00 1.337703E-10 3.239327E-10 1.403998E-09 4.093677E-09 6.471393E-09 2.231390E-08 5.589711E-08 5.689813E-08 5.198030E-08
95 2.371429E+01 5.178571E-01 1.455858E+00 1.372252E-10 3.322989E-10 1.440259E-09 4.199404E-09 6.627822E-09 2.289021E-08 5.734077E-08 5.836764E-08 5.332279E-08
96 2.423214E+01 5.178571E-01 1.455859E+00 1.412865E-10 3.421335E-10 1.482884E-09 4.323688E-09 6.813306E-09 2.356766E-08 5.903780E-08 6.009506E-08 5.490091E-08
97 2.475000E+01 5.178571E-01 1.455859E+00 1.459366E-10 3.533940E-10 1.531689E-09 4.465992E-09 7.026997E-09 2.434333E-08 6.098088E-08 6.207294E-08 5.670784E-08
98 2.526786E+01 5.178571E-01 1.455859E+00 1.511593E-10 3.660412E-10 1.586505E-09 4.625820E-09 7.268114E-09 2.521452E-08 6.316326E-08 6.429440E-08 5.873729E-08
99 2.578571E+01 5.178571E-01 1.455860E+00 1.569408E-10 3.800413E-10 1.647185E-09 4.802746E-09 7.535979E-09 2.617891E-08 6.557909E-08 6.675350E-08 6.098385E-08
100 2.630357E+01 5.178571E-01 1.455860E+00 1.632697E-10 3.953670E-10 1.713610E-09 4.996423E-09 7.830041E-09 2.723461E-08 6.822366E-08 6.944543E-08 6.344310E-08
101 2.682143E+01 5.178571E-01 1.455860E+00 1.701375E-10 4.119980E-10 1.785692E-09 5.206595E-09 8.149889E-09 2.838022E-08 7.109346E-08 7.236661E-08 6.611181E-08
102 2.733929E+01 5.178571E-01 1.455859E+00 1.775390E-10 4.299210E-10 1.863375E-09 5.433097E-09 8.495253E-09 2.961484E-08 7.418622E-08 7.551476E-08 6.898785E-08
103 2.785714E+01 5.178571E-01 1.455859E+00 1.854716E-10 4.491304E-10 1.946633E-09 5.675854E-09 8.866006E-09 3.093807E-08 7.750095E-08 7.888885E-08 7.207031E-08
104 2.837500E+01 5.178571E-01 1.455859E+00 1.939360E-10 4.696274E-10 2.035471E-09 5.934883E-09 9.262160E-09 3.234999E-08 8.103786E-08 8.248910E-08 7.535938E-08
105 2.889286E+01 5.178571E-01 1.455859E+00 2.029354E-10 4.914200E-10 2.129925E-09 6.210286E-09 9.683861E-09 3.385116E-08 8.479834E-08 8.631693E-08 7.885636E-08
106 2.941071E+01 5.178571E-01 1.455859E+00 2.124759E-10 5.145229E-10 2.230059E-09 6.502248E-09 1.013139E-08 3.544259E-08 8.878494E-08 9.037492E-08 8.256361E-08
107 2.992857E+01 5.178571E-01 1.455859E+00 2.225662E-10 5.389572E-10 2.335962E-09 6.811034E-09 1.060513E-08 3.712573E-08 9.300126E-08 9.466675E-08 8.648449E-08
108 3.044643E+01 5.178571E-01 1.455859E+00 2.332175E-10 5.647499E-10 2.447754E-09 7.136987E-09 1.110562E-08 3.890244E-08 9.745199E-08 9.919718E-08 9.062335E-08
109 3.096429E+01 5.178571E-01 1.455859E+00 2.444433E-10 5.919337E-10 2.565575E-09 7.480521E-09 1.163348E-08 4.077499E-08 1.021428E-07 1.039720E-07 9.498544E-08
110 3.148214E+01 5.178571E-01 1.455859E+00 2.562594E-10 6.205471E-10 2.689592E-09 7.842121E-09 1.218945E-08 4.274601E-08 1.070802E-07 1.089979E-07 9.957693E-08
111 3.200000E+01 5.178571E-01 1.455859E+00 2.686840E-10 6.506340E-10 2.819995E-09 8.222341E-09 1.277438E-08 4.481852E-08 1.122720E-07 1.142825E-07 1.044049E-07
112 3.251786E+01 5.178571E-01 1.455859E+00 2.817372E-10 6.822432E-10 2.956996E-09 8.621801E-09 1.338922E-08 4.699590E-08 1.177264E-07 1.198346E-07 1.094771E-07
113 3.303571E+01 5.178571E-01 1.455859E+00 2.954415E-10 7.154290E-10 3.100831E-09 9.041184E-09 1.403503E-08 4.928188E-08 1.234528E-07 1.256637E-07 1.148023E-07
114 3.355357E+01 5.178571E-01 1.455859E+00 3.098214E-10 7.502506E-10 3.251756E-09 9.481240E-09 1.471294E-08 5.168055E-08 1.294616E-07 1.317800E-07 1.203900E-07
115 3.407143E+01 5.178571E-01 1.455859E+00 3.249032E-10 7.867721E-10 3.410048E-09 9.942777E-09 1.542422E-08 5.419631E-08 1.357637E-07 1.381949E-07 1.262504E-07
116 3.458929E+01 5.178571E-01 1.455859E+00 3.407155E-10 8.250626E-10 3.576008E-09 1.042667E-08 1.617019E-08 5.683393E-08 1.423710E-07 1.449206E-07 1.323948E-07
117 3.510714E+01 5.178571E-01 1.455859E+00 3.572890E-10 8.651962E-10 3.749956E-09 1.093386E-08 1.695231E-08 5.959851E-08 1.492963E-07 1.519700E-07 1.388349E-07
118 3.562500E+01 5.178571E-01 1.455859E+00 3.746562E-10 9.072519E-10 3.932235E-09 1.146533E-08 1.777210E-08 6.249549E-08 1.565534E-07 1.593570E-07 1.455834E-07
119 3.614286E+01 5.178571E-01 1.455859E+00 3.928519E-10 9.513138E-10 4.123209E-09 1.202216E-08 1.863122E-08 6.553066E-08 1.641566E-07 1.670964E-07 1.526538E-07
120 3.666071E+01 5.178571E-01 1.455859E+00 4.119128E-10 9.974710E-10 4.323265E-09 1.260547E-08 1.953139E-08 6.871017E-08 1.721214E-07 1.752038E-07 1.600605E-07
121 3.717857E+01 5.178571E-01 1.455859E+00 4.318779E-10 1.045818E-09 4.532811E-09 1.321645E-08 2.047445E-08 7.204051E-08 1.804640E-07 1.836958E-07 1.678185E-07
122 3.769643E+01 5.178571E-01 1.455859E+00 4.527885E-10 1.096454E-09 4.752279E-09 1.385636E-08 2.146234E-08 7.552854E-08 1.892016E-07 1.925899E-07 1.759439E-07
123 3.821429E+01 5.178571E-01 1.455859E+00 4.746878E-10 1.149484E-09 4.982125E-09 1.452653E-08 2.249713E-08 7.918151E-08 1.983525E-07 2.019046E-07 1.844535E-07
124 3.873214E+01 5.178571E-01 1.455859E+00 4.976216E-10 1.205020E-09 5.222829E-09 1.522835E-08 2.358095E-08 8.300705E-08 2.079356E-07 2.116593E-07 1.933651E-07
125 3.925000E+01 5.178571E-01 1.455859E+00 5.216380E-10 1.263177E-09 5.474895E-09 1.596331E-08 2.471609E-08 8.701317E-08 2.179710E-07 2.218745E-07 2.026974E-07
126 3.976786E+01 5.178571E-01 1.455859E+00 5.467877E-10 1.324078E-09 5.738855E-09 1.673295E-08 2.590495E-08 9.120832E-08 2.284800E-07 2.325717E-07 2.124700E-07
127 4.028571E+01 5.178571E-01 1.455859E+00 5.731236E-10 1.387852E-09 6.015266E-09 1.753889E-08 2.715001E-08 9.560135E-08 2.394847E-07 2.437735E-07 2.227036E-07
128 4.080357E+01 5.178571E-01 1.455859E+00 6.007017E-10 1.454634E-09 6.304714E-09 1.838284E-08 2.845394E-08 1.002016E-07 2.510085E-07 2.555036E-07 2.334199E-07
129 4.132143E+01 5.178571E-01 1.455859E+00 6.295805E-10 1.524566E-09 6.607814E-09 1.926660E-08 2.981949E-08 1.050188E-07 2.630757E-07 2.677870E-07 2.446415E-07
130 4.183929E+01 5.178571E-01 1.455859E+00 6.598214E-10 1.597796E-09 6.925209E-09 2.019204E-08 3.124956E-08 1.100632E-07 2.757122E-07 2.806497E-07 2.563925E-07
131 4.235714E+01 5.178571E-01 1.455859E+00 6.914888E-10 1.674481E-09 7.257577E-09 2.116113E-08 3.274721E-08 1.153456E-07 2.889447E-07 2.941191E-07 2.686978E-07
132 4.287500E+01 5.178571E-01 1.455859E+00 7.246502E-10 1.754783E-09 7.605626E-09 2.217595E-08 3.431562E-08 1.208771E-07 3.028015E-07 3.082241E-07 2.815836E-07
133 4.339286E+01 5.178571E-01 1.455859E+00 7.593764E-10 1.838875E-09 7.970098E-09 2.323865E-08 3.595814E-08 1.266697E-07 3.173121E-07 3.229946E-07 2.950775E-07
134 4.391071E+01 5.178571E-01 1.455859E+00 7.957416E-10 1.926935E-09 8.351772E-09 2.435151E-08 3.767828E-08 1.327357E-07 3.325076E-07 3.384623E-07 3.092082E-07
135 4.442857E+01 5.178571E-01 1.455859E+00 8.338234E-10 2.019152E-09 8.751463E-09 2.551690E-08 3.947971E-08 1.390881E-07 3.484205E-07 3.546600E-07 3.240060E-07
136 4.494643E+01 5.178571E-01 1.455859E+00 8.737033E-10 2.115724E-09 9.170025E-09 2.673731E-08 4.136628E-08 1.457403E-07 3.650846E-07 3.716226E-07 3.395024E-07
137 4.546429E+01 5.178571E-01 1.455859E+00 9.154663E-10 2.216855E-09 9.608352E-09 2.801535E-08 4.334202E-08 1.527067E-07 3.825357E-07 3.893862E-07 3.557307E-07
138 4.598214E+01 5.178571E-01 1.455859E+00 9.592018E-10 2.322764E-09 1.006738E-08 2.935376E-08 4.541116E-08 1.600021E-07 4.008109E-07 4.079887E-07 3.727254E-07
139 4.650000E+01 5.178571E-01 1.455859E+00 1.005003E-09 2.433674E-09 1.054810E-08 3.075539E-08 4.757811E-08 1.676422E-07 4.199495E-07 4.274700E-07 3.905228E-07
140 4.701786E+01 5.178571E-01 1.455859E+00 1.052969E-09 2.549825E-09 1.105152E-08 3.222324E-08 4.984750E-08 1.756431E-07 4.399922E-07 4.478716E-07 4.091611E-07
141 4.753571E+01 5.178571E-01 1.455859E+00 1.103200E-09 2.671463E-09 1.157873E-08 3.376043E-08 5.222419E-08 1.840221E-07 4.609818E-07 4.692372E-07 4.286800E-07
142 4.805357E+01 5.178571E-01 1.455859E+00 1.155805E-09 2.798849E-09 1.213085E-08 3.537026E-08 5.471323E-08 1.927970E-07 4.829632E-07 4.916122E-07 4.491211E-07
143 4.857143E+01 5.178571E-01 1.455859E+00 1.210895E-09 2.932254E-09 1.270905E-08 3.705616E-08 5.731995E-08 2.019865E-07 5.059833E-07 5.150446E-07 4.705281E-07
144 4.908929E+01 5.178571E-01 1.455859E+00 1.268589E-09 3.071963E-09 1.331458E-08 3.882172E-08 6.004990E-08 2.116103E-07 5.300912E-07 5.395842E-07 4.929467E-07
145 4.960714E+01 5.178571E-01 1.455859E+00 1.329009E-09 3.218274E-09 1.394873E-08 4.067071E-08 6.290891E-08 2.216888E-07 5.553382E-07 5.652833E-07 5.164246E-07
146 5.012500E+01 5.178571E-01 1.455859E+00 1.392284E-09 3.371498E-09 1.461283E-08 4.260707E-08 6.590306E-08 2.322435E-07 5.817782E-07 5.921968E-07 5.410119E-07
147 5.064286E+01 5.178571E-01 1.455859E+00 1.458549E-09 3.531961E-09 1.530832E-08 4.463492E-08 6.903873E-08 2.432970E-07 6.094674E-07 6.203819E-07 5.667609E-07
148 5.116071E+01 5.178571E-01 1.455859E+00 1.527944E-09 3.700006E-09 1.603666E-08 4.675857E-08 7.232258E-08 2.548726E-07 6.384648E-07 6.498986E-07 5.937264E-07
149 5.167857E+01 5.178571E-01 1.455859E+00 1.600617E-09 3.875989E-09 1.679941E-08 4.898253E-08 7.576161E-08 2.669951E-07 6.688320E-07 6.808096E-07 6.219657E-07
150 5.219643E+01 5.178571E-01 1.455859E+00 1.676723E-09 4.060283E-09 1.759818E-08 5.131154E-08 7.936311E-08 2.796901E-07 7.006335E-07 7.131806E-07 6.515388E-07
151 5.271429E+01 5.178571E-01 1.455859E+00 1.756423E-09 4.253281E-09 1.843468E-08 5.375054E-08 8.313472E-08 2.929846E-07 7.339367E-07 7.470802E-07 6.825084E-07
152 5.323214E+01 5.178571E-01 1.455859E+00 1.839885E-09 4.455391E-09 1.931067E-08 5.630469E-08 8.708444E-08 3.069068E-07 7.688123E-07 7.825804E-07 7.149402E-07
153 5.375000E+01 5.178571E-01 1.455859E+00 1.927288E-09 4.667041E-09 2.022801E-08 5.897940E-08 9.122065E-08 3.214862E-07 8.053342E-07 8.197563E-07 7.489029E-07
154 5.426786E+01 5.178571E-01 1.455859E+00 2.018815E-09 4.888679E-09 2.118864E-08 6.178034E-08 9.555208E-08 3.367536E-07 8.435796E-07 8.586866E-07 7.844684E-07
155 5.478571E+01 5.178571E-01 1.455859E+00 2.114660E-09 5.120774E-09 2.219459E-08 6.471342E-08 1.000879E-07 3.527413E-07 8.836294E-07 8.994536E-07 8.217118E-07
156 5.530357E+01 5.178571E-01 1.455859E+00 2.215026E-09 5.363815E-09 2.324799E-08 6.778484E-08 1.048377E-07 3.694831E-07 9.255680E-07 9.421433E-07 8.607118E-07
157 5.582143E+01 5.178571E-01 1.455859E+00 2.320124E-09 5.618315E-09 2.435105E-08 7.100106E-08 1.098114E-07 3.870142E-07 9.694840E-07 9.868458E-07 9.015505E-07
158 5.633929E+01 5.178571E-01 1.455859E+00 2.430175E-09 5.884810E-09 2.550610E-08 7.436888E-08 1.150196E-07 4.053715E-07 1.015470E-06 1.033655E-06 9.443140E-07
159 5.685714E+01 5.178571E-01 1.455859E+00 2.545410E-09 6.163860E-09 2.671556E-08 7.789536E-08 1.204732E-07 4.245937E-07 1.063622E-06 1.082670E-06 9.890921E-07
160 5.737500E+01 5.178571E-01 1.455859E+00 2.666073E-09 6.456052E-09 2.798199E-08 8.158791E-08 1.261836E-07 4.447211E-07 1.114042E-06 1.133993E-06 1.035979E-06
161 5.789286E+01 5.178571E-01 1.455859E+00 2.792415E-09 6.761998E-09 2.930803E-08 8.545427E-08 1.321629E-07 4.657960E-07 1.166835E-06 1.187731E-06 1.085073E-06
162 5.841071E+01 5.178571E-01 1.455859E+00 2.924702E-09 7.082338E-09 3.069645E-08 8.950255E-08 1.384235E-07 4.878624E-07 1.222113E-06 1.243998E-06 1.136477E-06
163 5.892857E+01 5.178571E-01 1.455859E+00 3.063210E-09 7.417742E-09 3.215017E-08 9.374120E-08 1.449785E-07 5.109666E-07 1.279989E-06 1.302911E-06 1.190298E-06
164 5.944643E+01 5.178571E-01 1.455859E+00 3.208227E-09 7.768910E-09 3.367221E-08 9.817906E-08 1.518416E-07 5.351566E-07 1.340586E-06 1.364593E-06 1.246649E-06
165 5.996429E+01 5.178571E-01 1.455859E+00 3.360056E-09 8.136574E-09 3.526575E-08 1.028254E-07 1.590272E-07 5.604828E-07 1.404029E-06 1.429173E-06 1.305646E-06
166 6.048214E+01 5.178571E-01 1.455859E+00 3.519013E-09 8.521497E-09 3.693409E-08 1.076898E-07 1.665500E-07 5.869980E-07 1.470451E-06 1.496784E-06 1.367413E-06
167 6.100000E+01 5.178571E-01 1.455859E+00 3.685427E-09 8.924478E-09 3.868071E-08 1.127825E-07 1.744259E-07 6.147572E-07 1.539988E-06 1.567567E-06 1.432078E-06
168 6.151786E+01 5.178571E-01 1.455859E+00 3.859643E-09 9.346353E-09 4.050921E-08 1.181139E-07 1.826709E-07 6.438177E-07 1.612786E-06 1.641668E-06 1.499775E-06
169 6.203571E+01 5.178571E-01 1.455859E+00 4.042021E-09 9.787992E-09 4.242337E-08 1.236951E-07 1.913023E-07 6.742398E-07 1.688994E-06 1.719241E-06 1.570643E-06
170 6.255357E+01 5.178571E-01 1.455859E+00 4.232937E-09 1.025031E-08 4.442714E-08 1.295375E-07 2.003378E-07 7.060860E-07 1.768770E-06 1.800446E-06 1.644829E-06
171 6.307143E+01 5.178571E-01 1.455859E+00 4.432784E-09 1.073425E-08 4.652465E-08 1.356533E-07 2.097959E-07 7.394218E-07 1.852278E-06 1.885449E-06 1.722485E-06
172 6.358929E+01 5.178571E-01 1.455859E+00 4.641970E-09 1.124080E-08 4.872018E-08 1.420549E-07 2.196961E-07 7.743157E-07 1.939688E-06 1.974424E-06 1.803771E-06
173 6.410714E+01 5.178571E-01 1.455859E+00 4.860925E-09 1.177102E-08 5.101824E-08 1.487554E-07 2.300586E-07 8.108391E-07 2.031180E-06 2.067555E-06 1.888852E-06
174 6.462500E+01 5.178571E-01 1.455859E+00 5.090095E-09 1.232596E-08 5.342352E-08 1.557685E-07 2.409046E-07 8.490664E-07 2.126941E-06 2.165031E-06 1.977902E-06
175 6.514286E+01 5.178571E-01 1.455859E+00 5.329947E-09 1.290678E-08 5.594090E-08 1.631085E-07 2.522561E-07 8.890755E-07 2.227165E-06 2.267050E-06 2.071104E-06
176 6.566071E+01 5.178571E-01 1.455859E+00 5.580966E-09 1.351464E-08 5.857549E-08 1.707903E-07 2.641361E-07 9.309474E-07 2.332056E-06 2.373819E-06 2.168644E-06
177 6.617857E+01 5.178571E-01 1.455859E+00 5.843661E-09 1.415077E-08 6.133263E-08 1.788293E-07 2.765687E-07 9.747669E-07 2.441825E-06 2.485554E-06 2.270722E-06
178 6.669643E+01 5.178571E-01 1.455859E+00 6.118561E-09 1.481645E-08 6.421786E-08 1.872419E-07 2.895790E-07 1.020622E-06 2.556694E-06 2.602480E-06 2.377542E-06
179 6.721429E+01 5.178571E-01 1.455859E+00 6.406217E-09 1.551303E-08 6.723698E-08 1.960448E-07 3.031930E-07 1.068605E-06 2.676894E-06 2.724832E-06 2.489319E-06
180 6.773214E+01 5.178571E-01 1.455859E+00 6.707205E-09 1.624189E-08 7.039603E-08 2.052558E-07 3.174380E-07 1.118813E-06 2.802665E-06 2.852855E-06 2.606277E-06
181 6.825000E+01 5.178571E-01 1.455859E+00 7.022126E-09 1.700449E-08 7.370130E-08 2.148930E-07 3.323424E-07 1.171344E-06 2.934257E-06 2.986804E-06 2.728648E-06
182 6.876786E+01 5.178571E-01 1.455859E+00 7.351603E-09 1.780234E-08 7.715936E-08 2.249758E-07 3.479357E-07 1.226303E-06 3.071932E-06 3.126945E-06 2.856676E-06
183 6.928571E+01 5.178571E-01 1.455859E+00 7.696290E-09 1.863702E-08 8.077704E-08 2.355240E-07 3.642488E-07 1.283799E-06 3.215962E-06 3.273554E-06 2.990614E-06
184 6.980357E+01 5.178571E-01 1.455859E+00 8.056862E-09 1.951016E-08 8.456146E-08 2.465583E-07 3.813138E-07 1.343946E-06 3.366631E-06 3.426921E-06 3.130725E-06
185 7.032143E+01 5.178571E-01 1.455859E+00 8.434028E-09 2.042349E-08 8.852003E-08 2.581005E-07 3.991641E-07 1.406860E-06 3.524233E-06 3.587345E-06 3.277283E-06
186 7.083929E+01 5.178571E-01 1.455859E+00 8.828521E-09 2.137878E-08 9.266047E-08 2.701729E-07 4.178345E-07 1.472664E-06 3.689075E-06 3.755140E-06 3.430575E-06
187 7.135714E+01 5.178571E-01 1.455859E+00 9.241107E-09 2.237788E-08 9.699080E-08 2.827989E-07 4.373611E-07 1.541487E-06 3.861478E-06 3.930630E-06 3.590897E-06
188 7.187500E+01 5.178571E-01 1.455859E+00 9.672581E-09 2.342272E-08 1.015194E-07 2.960030E-07 4.577817E-07 1.613460E-06 4.041773E-06 4.114154E-06 3.758559E-06
189 7.239286E+01 5.178571E-01 1.455859E+00 1.012377E-08 2.451530E-08 1.062549E-07 3.098104E-07 4.791354E-07 1.688722E-06 4.230307E-06 4.306064E-06 3.933881E-06
190 7.291071E+01 5.178571E-01 1.455859E+00 1.059554E-08 2.565771E-08 1.112063E-07 3.242475E-07 5.014629E-07 1.767416E-06 4.427438E-06 4.506725E-06 4.117199E-06
191 7.342857E+01 5.178571E-01 1.455859E+00 1.108877E-08 2.685211E-08 1.163831E-07 3.393416E-07 5.248065E-07 1.849691E-06 4.633540E-06 4.716518E-06 4.308859E-06
192 7.394643E+01 5.178571E-01 1.455859E+00 1.160440E-08 2.810073E-08 1.217949E-07 3.551211E-07 5.492100E-07 1.935702E-06 4.849001E-06 4.935838E-06 4.509222E-06
193 7.446429E+01 5.178571E-01 1.455859E+00 1.214339E-08 2.940593E-08 1.274520E-07 3.716154E-07 5.747191E-07 2.025609E-06 5.074223E-06 5.165093E-06 4.718662E-06
194 7.498214E+01 5.178571E-01 1.455859E+00 1.270674E-08 3.077012E-08 1.333646E-07 3.888552E-07 6.013811E-07 2.119580E-06 5.309623E-06 5.404709E-06 4.937568E-06
195 7.550000E+01 5.178571E-01 1.455859E+00 1.329549E-08 3.219580E-08 1.395439E-07 4.068722E-07 6.292451E-07 2.217788E-06 5.555636E-06 5.655128E-06 5.166343E-06
196 7.601786E+01 5.178571E-01 1.455859E+00 1.391070E-08 3.368559E-08 1.460010E-07 4.256993E-07 6.583619E-07 2.320411E-06 5.812710E-06 5.916806E-06 5.405403E-06
197 7.653571E+01 5.178571E-01 1.455859E+00 1.455351E-08 3.524217E-08 1.527475E-07 4.453705E-07 6.887842E-07 2.427635E-06 6.081311E-06 6.190217E-06 5.655182E-06
198 7.705357E+01 5.178571E-01 1.455859E+00 1.522505E-08 3.686834E-08 1.597957E-07 4.659211E-07 7.205666E-07 2.539653E-06 6.361920E-06 6.475851E-06 5.916128E-06
199 7.757143E+01 5.178571E-01 1.455859E+00 1.592652E-08 3.856700E-08 1.671581E-07 4.873877E-07 7.537655E-07 2.656664E-06 6.655036E-06 6.774216E-06 6.188705E-06
200 7.808929E+01 5.178571E-01 1.455859E+00 1.665915E-08 4.034112E-08 1.748475E-07 5.098081E-07 7.884394E-07 2.778873E-06 6.961174E-06 7.085836E-06 6.473392E-06
201 7.860714E+01 5.178571E-01 1.455859E+00 1.742423E-08 4.219380E-08 1.828775E-07 5.332212E-07 8.246487E-07 2.906493E-06 7.280868E-06 7.411255E-06 6.770684E-06
202 7.912500E+01 5.178571E-01 1.455859E+00 1.822306E-08 4.412822E-08 1.912617E-07 5.576673E-07 8.624556E-07 3.039745E-06 7.614668E-06 7.751033E-06 7.081094E-06
203 7.964286E+01 5.178571E-01 1.455859E+00 1.905702E-08 4.614768E-08 2.000145E-07 5.831881E-07 9.019245E-07 3.178854E-06 7.963142E-06 8.105747E-06 7.405150E-06
204 8.016071E+01 5.178571E-01 1.455859E+00 1.992749E-08 4.825558E-08 2.091506E-07 6.098265E-07 9.431218E-07 3.324055E-06 8.326875E-06 8.475995E-06 7.743396E-06
205 8.067857E+01 5.178571E-01 1.455859E+00 2.083592E-08 5.045540E-08 2.186851E-07 6.376266E-07 9.861158E-07 3.475589E-06 8.706472E-06 8.862390E-06 8.096394E-06
206 8.119643E+01 5.178571E-01 1.455859E+00 2.178380E-08 5.275076E-08 2.286337E-07 6.666340E-07 1.030977E-06 3.633703E-06 9.102554E-06 9.265564E-06 8.464721E-06
207 8.171429E+01 5.178571E-01 1.455859E+00 2.277267E-08 5.514535E-08 2.390124E-07 6.968955E-07 1.077777E-06 3.798653E-06 9.515759E-06 9.686169E-06 8.848972E-06
208 8.223214E+01 5.178571E-01 1.455859E+00 2.380408E-08 5.764297E-08 2.498377E-07 7.284591E-07 1.126592E-06 3.970701E-06 9.946744E-06 1.012487E-05 9.249757E-06
209 8.275000E+01 5.178571E-01 1.455859E+00 2.487966E-08 6.024754E-08 2.611265E-07 7.613741E-07 1.177496E-06 4.150115E-06 1.039618E-05 1.058236E-05 9.667703E-06
210 8.326786E+01 5.178571E-01 1.455859E+00 2.600105E-08 6.296306E-08 2.728961E-07 7.956913E-07 1.230569E-06 4.337171E-06 1.086477E-05 1.105933E-05 1.010345E-05
211 8.378571E+01 5.178571E-01 1.455859E+00 2.716995E-08 6.579362E-08 2.851644E-07 8.314623E-07 1.285890E-06 4.532153E-06 1.135320E-05 1.155652E-05 1.055766E-05
212 8.430357E+01 5.178571E-01 1.455859E+00 2.838808E-08 6.874341E-08 2.979495E-07 8.687401E-07 1.343542E-06 4.735347E-06 1.186221E-05 1.207464E-05 1.103100E-05
213 8.482143E+01 5.178571E-01 1.455859E+00 2.965723E-08 7.181672E-08 3.112699E-07 9.075788E-07 1.403608E-06 4.947050E-06 1.239253E-05 1.261446E-05 1.152417E-05
214 8.533929E+01 5.178571E-01 1.455859E+00 3.097918E-08 7.501790E-08 3.251445E-07 9.480335E-07 1.466173E-06 5.167562E-06 1.294492E-05 1.317674E-05 1.203785E-05
215 8.585714E+01 5.178571E-01 1.455859E+00 3.235578E-08 7.835141E-08 3.395927E-07 9.901604E-07 1.531324E-06 5.397188E-06 1.352015E-05 1.376227E-05 1.257276E-05
216 8.637500E+01 5.178571E-01 1.455859E+00 3.378888E-08 8.182175E-08 3.546339E-07 1.034017E-06 1.599149E-06 5.636240E-06 1.411898E-05 1.437183E-05 1.312964E-05
217 8.689286E+01 5.178571E-01 1.455859E+00 3.528038E-08 8.543350E-08 3.702881E-07 1.079660E-06 1.669738E-06 5.885034E-06 1.474222E-05 1.500622E-05 1.370920E-05
218 8.741071E+01 5.178571E-01 1.455859E+00 3.683219E-08 8.919131E-08 3.865753E-07 1.127149E-06 1.743182E-06 6.143888E-06 1.539065E-05 1.566627E-05 1.431220E-05
219 8.792857E+01 5.178571E-01 1.455859E+00 3.844625E-08 9.309985E-08 4.035158E-07 1.176543E-06 1.819571E-06 6.413125E-06 1.606510E-05 1.635280E-05 1.493939E-05
220 8.844643E+01 5.178571E-01 1.455859E+00 4.012451E-08 9.716385E-08 4.211301E-07 1.227901E-06 1.898999E-06 6.693072E-06 1.676638E-05 1.706664E-05 1.559153E-05
221 8.896429E+01 5.178571E-01 1.455859E+00 4.186893E-08 1.013881E-07 4.394388E-07 1.281285E-06 1.981559E-06 6.984054E-06 1.749530E-05 1.780861E-05 1.626937E-05
222 8.948214E+01 5.178571E-01 1.455859E+00 4.368147E-08 1.057772E-07 4.584624E-07 1.336752E-06 2.067342E-06 7.286399E-06 1.825268E-05 1.857956E-05 1.697369E-05
223 9.000000E+01 5.178571E-01 1.455859E+00 4.556410E-08 1.103361E-07 4.782217E-07 1.394365E-06 2.156442E-06 7.600436E-06 1.903936E-05 1.938032E-05 1.770524E-05
224 9.051786E+01 5.178571E-01 1.455859E+00 4.751877E-08 1.150695E-07 4.987372E-07 1.454183E-06 2.248953E-06 7.926491E-06 1.985614E-05 2.021173E-05 1.846478E-05
225 9.103571E+01 5.178571E-01 1.455859E+00 4.954744E-08 1.199820E-07 5.200292E-07 1.516264E-06 2.344965E-06 8.264888E-06 2.070383E-05 2.107460E-05 1.925308E-05
226 9.155357E+01 5.178571E-01 1.455859E+00 5.165201E-08 1.250784E-07 5.421180E-07 1.580669E-06 2.444569E-06 8.615947E-06 2.158325E-05 2.196977E-05 2.007087E-05
227 9.207143E+01 5.178571E-01 1.455859E+00 5.383439E-08 1.303631E-07 5.650233E-07 1.647455E-06 2.547856E-06 8.979984E-06 2.249517E-05 2.289802E-05 2.091890E-05
228 9.258929E+01 5.178571E-01 1.455859E+00 5.609642E-08 1.358408E-07 5.887646E-07 1.716678E-06 2.654913E-06 9.357307E-06 2.344038E-05 2.386016E-05 2.179787E-05
229 9.310714E+01 5.178571E-01 1.455859E+00 5.843990E-08 1.415156E-07 6.133608E-07 1.788394E-06 2.765824E-06 9.748217E-06 2.441963E-05 2.485694E-05 2.270850E-05
230 9.362500E+01 5.178571E-01 1.455859E+00 6.086657E-08 1.473920E-07 6.388301E-07 1.862656E-06 2.880673E-06 1.015300E-05 2.543363E-05 2.588910E-05 2.365145E-05
231 9.414286E+01 5.178571E-01 1.455859E+00 6.337811E-08 1.534738E-07 6.651901E-07 1.939514E-06 2.999538E-06 1.057195E-05 2.648310E-05 2.695736E-05 2.462738E-05
232 9.466071E+01 5.178571E-01 1.455859E+00 6.597609E-08 1.597650E-07 6.924575E-07 2.019019E-06 3.122494E-06 1.100531E-05 2.756869E-05 2.806239E-05 2.563690E-05
233 9.517857E+01 5.178571E-01 1.455859E+00 6.866200E-08 1.662691E-07 7.206477E-07 2.101214E-06 3.249612E-06 1.145334E-05 2.869102E-05 2.920483E-05 2.668059E-05
234 9.569643E+01 5.178571E-01 1.455859E+00 7.143723E-08 1.729895E-07 7.497754E-07 2.186142E-06 3.380958E-06 1.191627E-05 2.985068E-05 3.038525E-05 2.775898E-05
235 9.621429E+01 5.178571E-01 1.455859E+00 7.430304E-08 1.799292E-07 7.798537E-07 2.273842E-06 3.516589E-06 1.239431E-05 3.104818E-05 3.160420E-05 2.887258E-05
236 9.673214E+01 5.178571E-01 1.455859E+00 7.726053E-08 1.870909E-07 8.108943E-07 2.364348E-06 3.656561E-06 1.288764E-05 3.228399E-05 3.286214E-05 3.002179E-05
237 9.725000E+01 5.178571E-01 1.455859E+00 8.031068E-08 1.944770E-07 8.429073E-07 2.457690E-06 3.800917E-06 1.339643E-05 3.355852E-05 3.415950E-05 3.120701E-05
238 9.776786E+01 5.178571E-01 1.455859E+00 8.345427E-08 2.020894E-07 8.759011E-07 2.553891E-06 3.949696E-06 1.392080E-05 3.487210E-05 3.549660E-05 3.242855E-05
239 9.828571E+01 5.178571E-01 1.455859E+00 8.669191E-08 2.099295E-07 9.098821E-07 2.652970E-06 4.102926E-06 1.446087E-05 3.622498E-05 3.687370E-05 3.368663E-05
240 9.880357E+01 5.178571E-01 1.455859E+00 9.002401E-08 2.179984E-07 9.448544E-07 2.754940E-06 4.260626E-06 1.501669E-05 3.761732E-05 3.829098E-05 3.498141E-05
241 9.932143E+01 5.178571E-01 1.455859E+00 9.345075E-08 2.262965E-07 9.808200E-07 2.859806E-06 4.422806E-06 1.558829E-05 3.904922E-05 3.974852E-05 3.631297E-05
242 9.983929E+01 5.178571E-01 1.455859E+00 9.697207E-08 2.348235E-07 1.017778E-06 2.967566E-06 4.589461E-06 1.617567E-05 4.052063E-05 4.124628E-05 3.768128E-05
243 1.003571E+02 5.178571E-01 1.455859E+00 1.005877E-07 2.435789E-07 1.055726E-06 3.078212E-06 4.760579E-06 1.677878E-05 4.203144E-05 4.278415E-05 3.908622E-05
244 1.008750E+02 5.178571E-01 1.455859E+00 1.042969E-07 2.525612E-07 1.094657E-06 3.191724E-06 4.936131E-06 1.739752E-05 4.358140E-05 4.436186E-05 4.052757E-05
245 1.013929E+02 5.178571E-01 1.455859E+00 1.080990E-07 2.617682E-07 1.134562E-06 3.308077E-06 5.116076E-06 1.803174E-05 4.517014E-05 4.597906E-05 4.200498E-05
246 1.019107E+02 5.178571E-01 1.455859E+00 1.119928E-07 2.711971E-07 1.175429E-06 3.427234E-06 5.300357E-06 1.868124E-05 4.679717E-05 4.763522E-05 4.351800E-05
247 1.024286E+02 5.178571E-01 1.455859E+00 1.159766E-07 2.808442E-07 1.217242E-06 3.549149E-06 5.488903E-06 1.934578E-05 4.846186E-05 4.932972E-05 4.506604E-05
248 1.029464E+02 5.178571E-01 1.455859E+00 1.200488E-07 2.907051E-07 1.259982E-06 3.673766E-06 5.681627E-06 2.002504E-05 5.016343E-05 5.106177E-05 4.664839E-05
249 1.034643E+02 5.178571E-01 1.455859E+00 1.242070E-07 3.007744E-07 1.303624E-06 3.801016E-06 5.878425E-06 2.071866E-05 5.190097E-05 5.283042E-05 4.826417E-05
250 1.039821E+02 5.178571E-01 1.455859E+00 1.284486E-07 3.110459E-07 1.348143E-06 3.930821E-06 6.079174E-06 2.142620E-05 5.367339E-05 5.463459E-05 4.991240E-05
251 1.045000E+02 5.178571E-01 1.455859E+00 1.327708E-07 3.215124E-07 1.393507E-06 4.063090E-06 6.283734E-06 2.214718E-05 5.547946E-05 5.647300E-05 5.159191E-05
252 1.050179E+02 5.178571E-01 1.455859E+00 1.371702E-07 3.321657E-07 1.439681E-06 4.197721E-06 6.491946E-06 2.288103E-05 5.731778E-05 5.834424E-05 5.330142E-05
253 1.055357E+02 5.178571E-01 1.455859E+00 1.416430E-07 3.429968E-07 1.486626E-06 4.334598E-06 6.703632E-06 2.362712E-05 5.918677E-05 6.024670E-05 5.503944E-05
254 1.060536E+02 5.178571E-01 1.455859E+00 1.461850E-07 3.539955E-07 1.534297E-06 4.473594E-06 6.918594E-06 2.438476E-05 6.108468E-05 6.217860E-05 5.680437E-05
255 1.065714E+02 5.178571E-01 1.455859E+00 1.507916E-07 3.651507E-07 1.582646E-06 4.614567E-06 7.136615E-06 2.515318E-05 6.300960E-05 6.413799E-05 5.859440E-05
256 1.070893E+02 5.178571E-01 1.455859E+00 1.554579E-07 3.764503E-07 1.631621E-06 4.757364E-06 7.357457E-06 2.593155E-05 6.495943E-05 6.612274E-05 6.040760E-05
257 1.076071E+02 5.178571E-01 1.455859E+00 1.601782E-07 3.878810E-07 1.681164E-06 4.901819E-06 7.580862E-06 2.671894E-05 6.693189E-05 6.813052E-05 6.224185E-05
258 1.081250E+02 5.178571E-01 1.455859E+00 1.649469E-07 3.994286E-07 1.731214E-06 5.047751E-06 7.806552E-06 2.751439E-05 6.892452E-05 7.015884E-05 6.409485E-05
259 1.086429E+02 5.178571E-01 1.455859E+00 1.697576E-07 4.110779E-07 1.781705E-06 5.194969E-06 8.034230E-06 2.831685E-05 7.093470E-05 7.220501E-05 6.596417E-05
260 1.091607E+02 5.178571E-01 1.455859E+00 1.746035E-07 4.228127E-07 1.832566E-06 5.343266E-06 8.263578E-06 2.912519E-05 7.295962E-05 7.426620E-05 6.784721E-05
261 1.096786E+02 5.178571E-01 1.455859E+00 1.794777E-07 4.346157E-07 1.883723E-06 5.492426E-06 8.494259E-06 2.993823E-05 7.499633E-05 7.633938E-05 6.974119E-05
262 1.101964E+02 5.178571E-01 1.455859E+00 1.843725E-07 4.464688E-07 1.935097E-06 5.642219E-06 8.725920E-06 3.075473E-05 7.704167E-05 7.842135E-05 7.164322E-05
263 1.107143E+02 5.178571E-01 1.455859E+00 1.892802E-07 4.583530E-07 1.986606E-06 5.792404E-06 8.958188E-06 3.157336E-05 7.909238E-05 8.050878E-05 7.355023E-05
264 1.112321E+02 5.178571E-01 1.455859E+00 1.941924E-07 4.702483E-07 2.038163E-06 5.942731E-06 9.190674E-06 3.239277E-05 8.114501E-05 8.259818E-05 7.545903E-05
265 1.117500E+02 5.178571E-01 1.455859E+00 1.991008E-07 4.821342E-07 2.089679E-06 6.092937E-06 9.422974E-06 3.321151E-05 8.319601E-05 8.468590E-05 7.736631E-05
266 1.122679E+02 5.178571E-01 1.455859E+00 2.039963E-07 4.939891E-07 2.141060E-06 6.242753E-06 9.654670E-06 3.402813E-05 8.524166E-05 8.676819E-05 7.926862E-05
267 1.127857E+02 5.178571E-01 1.455859E+00 2.088700E-07 5.057911E-07 2.192213E-06 6.391899E-06 9.885331E-06 3.484110E-05 8.727818E-05 8.884118E-05 8.116244E-05
268 1.133036E+02 5.178571E-01 1.455859E+00 2.137125E-07 5.175174E-07 2.243037E-06 6.540090E-06 1.011451E-05 3.564887E-05 8.930166E-05 9.090089E-05 8.304413E-05
269 1.138214E+02 5.178571E-01 1.455859E+00 2.185143E-07 5.291451E-07 2.293434E-06 6.687034E-06 1.034177E-05 3.644983E-05 9.130810E-05 9.294327E-05 8.490998E-05
270 1.143393E+02 5.178571E-01 1.455859E+00 2.232655E-07 5.406506E-07 2.343302E-06 6.832434E-06 1.056664E-05 3.724238E-05 9.329346E-05 9.496418E-05 8.675622E-05
271 1.148571E+02 5.178571E-01 1.455859E+00 2.279565E-07 5.520101E-07 2.392537E-06 6.975989E-06 1.078865E-05 3.802487E-05 9.525364E-05 9.695946E-05 8.857904E-05
272 1.153750E+02 5.178571E-01 1.455859E+00 2.325774E-07 5.631997E-07 2.441035E-06 7.117397E-06 1.100734E-05 3.879566E-05 9.718450E-05 9.892490E-05 9.037460E-05
273 1.158929E+02 5.178571E-01 1.455859E+00 2.371181E-07 5.741955E-07 2.488693E-06 7.256355E-06 1.122225E-05 3.955310E-05 9.908190E-05 1.008563E-04 9.213904E-05
274 1.164107E+02 5.178571E-01 1.455859E+00 2.415689E-07 5.849733E-07 2.535406E-06 7.392559E-06 1.143289E-05 4.029552E-05 1.009417E-04 1.027494E-04 9.386852E-05
275 1.169286E+02 5.178571E-01 1.455859E+00 2.459199E-07 5.955094E-07 2.581072E-06 7.525709E-06 1.163881E-05 4.102130E-05 1.027598E-04 1.046000E-04 9.555922E-05
276 1.174464E+02 5.178571E-01 1.455859E+00 2.501613E-07 6.057804E-07 2.625589E-06 7.655507E-06 1.183955E-05 4.172880E-05 1.045321E-04 1.064041E-04 9.720736E-05
277 1.179643E+02 5.178571E-01 1.455859E+00 2.542837E-07 6.157630E-07 2.668856E-06 7.781661E-06 1.203466E-05 4.241645E-05 1.062547E-04 1.081575E-04 9.880923E-05
278 1.184821E+02 5.178571E-01 1.455859E+00 2.582777E-07 6.254346E-07 2.710775E-06 7.903887E-06 1.222368E-05 4.308268E-05 1.079236E-04 1.098563E-04 1.003612E-04
279 1.190000E+02 5.178571E-01 1.455859E+00 2.621342E-07 6.347734E-07 2.751252E-06 8.021905E-06 1.240620E-05 4.372597E-05 1.095351E-04 1.114967E-04 1.018598E-04
280 1.195179E+02 5.178571E-01 1.455859E+00 2.658445E-07 6.437581E-07 2.790193E-06 8.135448E-06 1.258180E-05 4.434488E-05 1.110855E-04 1.130748E-04 1.033015E-04
281 1.200357E+02 5.178571E-01 1.455859E+00 2.694002E-07 6.523683E-07 2.827512E-06 8.244259E-06 1.275008E-05 4.493799E-05 1.125712E-04 1.145872E-04 1.046832E-04
282 1.205536E+02 5.178571E-01 1.455859E+00 2.727932E-07 6.605847E-07 2.863123E-06 8.348093E-06 1.291066E-05 4.550397E-05 1.139890E-04 1.160304E-04 1.060016E-04
283 1.210714E+02 5.178571E-01 1.455859E+00 2.760160E-07 6.683889E-07 2.896948E-06 8.446717E-06 1.306319E-05 4.604155E-05 1.153357E-04 1.174012E-04 1.072539E-04
284 1.215893E+02 5.178571E-01 1.455859E+00 2.790615E-07 6.757637E-07 2.928913E-06 8.539917E-06 1.320733E-05 4.654956E-05 1.166083E-04 1.186965E-04 1.084373E-04
285 1.221071E+02 5.178571E-01 1.455859E+00 2.819231E-07 6.826933E-07 2.958947E-06 8.627488E-06 1.334276E-05 4.702690E-05 1.178040E-04 1.199137E-04 1.095493E-04
286 1.226250E+02 5.178571E-01 1.455859E+00 2.845948E-07 6.891629E-07 2.986988E-06 8.709248E-06 1.346921E-05 4.747256E-05 1.189204E-04 1.210501E-04 1.105875E-04
287 1.231429E+02 5.178571E-01 1.455859E+00 2.870711E-07 6.951595E-07 3.012978E-06 8.785029E-06 1.358640E-05 4.788563E-05 1.199552E-04 1.221034E-04 1.115497E-04
288 1.236607E+02 5.178571E-01 1.455859E+00 2.893472E-07 7.006711E-07 3.036867E-06 8.854682E-06 1.369413E-05 4.826530E-05 1.209063E-04 1.230715E-04 1.124341E-04
289 1.241786E+02 5.178571E-01 1.455859E+00 2.914187E-07 7.056876E-07 3.058609E-06 8.918077E-06 1.379217E-05 4.861085E-05 1.217719E-04 1.239526E-04 1.132391E-04
290 1.246964E+02 5.178571E-01 1.455859E+00 2.932822E-07 7.102000E-07 3.078167E-06 8.975103E-06 1.388036E-05 4.892169E-05 1.225505E-04 1.247452E-04 1.139632E-04
291 1.252143E+02 5.178571E-01 1.455859E+00 2.949345E-07 7.142013E-07 3.095510E-06 9.025669E-06 1.395856E-05 4.919731E-05 1.232410E-04 1.254480E-04 1.146053E-04
292 1.257321E+02 5.178571E-01 1.455859E+00 2.963735E-07 7.176857E-07 3.110612E-06 9.069703E-06 1.402666E-05 4.943733E-05 1.238423E-04 1.260601E-04 1.151644E-04
293 1.262500E+02 5.178571E-01 1.455859E+00 2.975973E-07 7.206492E-07 3.123457E-06 9.107154E-06 1.408458E-05 4.964147E-05 1.243536E-04 1.265806E-04 1.156399E-04
294 1.267679E+02 5.178571E-01 1.455859E+00 2.986049E-07 7.230893E-07 3.134032E-06 9.137990E-06 1.413227E-05 4.980956E-05 1.247747E-04 1.270092E-04 1.160315E-04
295 1.272857E+02 5.178571E-01 1.455859E+00 2.993960E-07 7.250050E-07 3.142335E-06 9.162200E-06 1.416971E-05 4.994152E-05 1.251053E-04 1.273457E-04 1.163389E-04
296 1.278036E+02 5.178571E-01 1.455859E+00 2.999708E-07 7.263969E-07 3.148368E-06 9.179790E-06 1.419692E-05 5.003740E-05 1.253454E-04 1.275902E-04 1.165623E-04
297 1.283214E+02 5.178571E-01 1.455859E+00 3.003302E-07 7.272672E-07 3.152140E-06 9.190788E-06 1.421393E-05 5.009735E-05 1.254956E-04 1.277430E-04 1.167019E-04
298 1.288393E+02 5.178571E-01 1.455859E+00 3.004756E-07 7.276193E-07 3.153667E-06 9.195238E-06 1.422081E-05 5.012161E-05 1.255564E-04 1.278049E-04 1.167584E-04
299 1.293571E+02 5.178571E-01 1.455859E+00 3.004091E-07 7.274583E-07 3.152969E-06 9.193204E-06 1.421766E-05 5.011052E-05 1.255286E-04 1.277766E-04 1.167326E-04
300 1.298750E+02 5.178571E-01 1.455859E+00 3.001334E-07 7.267905E-07 3.150074E-06 9.184765E-06 1.420461E-05 5.006452E-05 1.254134E-04 1.276593E-04 1.166254E-04
301 1.303929E+02 5.178571E-01 1.455859E+00 2.996515E-07 7.256236E-07 3.145017E-06 9.170017E-06 1.418180E-05 4.998413E-05 1.252120E-04 1.274543E-04 1.164382E-04
302 1.309107E+02 5.178571E-01 1.455859E+00 2.989671E-07 7.239663E-07 3.137834E-06 9.149073E-06 1.414941E-05 4.986997E-05 1.249260E-04 1.271632E-04 1.161722E-04
303 1.314286E+02 5.178571E-01 1.455859E+00 2.980843E-07 7.218287E-07 3.128569E-06 9.122060E-06 1.410764E-05 4.972272E-05 1.245572E-04 1.267878E-04 1.158292E-04
304 1.319464E+02 5.178571E-01 1.455859E+00 2.970079E-07 7.192220E-07 3.117271E-06 9.089117E-06 1.405669E-05 4.954316E-05 1.241074E-04 1.263299E-04 1.154109E-04
305 1.324643E+02 5.178571E-01 1.455859E+00 2.957426E-07 7.161581E-07 3.103991E-06 9.050398E-06 1.399681E-05 4.933211E-05 1.235787E-04 1.257917E-04 1.149193E-04
306 1.329821E+02 5.178571E-01 1.455859E+00 2.942940E-07 7.126502E-07 3.088787E-06 9.006067E-06 1.392825E-05 4.909047E-05 1.229733E-04 1.251756E-04 1.143564E-04
307 1.335000E+02 5.178571E-01 1.455859E+00 2.926677E-07 7.087121E-07 3.071718E-06 8.956300E-06 1.385128E-05 4.881919E-05 1.222938E-04 1.244839E-04 1.137244E-04
308 1.340179E+02 5.178571E-01 1.455859E+00 2.908698E-07 7.043584E-07 3.052848E-06 8.901280E-06 1.376619E-05 4.851929E-05 1.215425E-04 1.237191E-04 1.130258E-04
309 1.345357E+02 5.178571E-01 1.455859E+00 2.889066E-07 6.996043E-07 3.032243E-06 8.841201E-06 1.367328E-05 4.819181E-05 1.207222E-04 1.228841E-04 1.122630E-04
310 1.350536E+02 5.178571E-01 1.455859E+00 2.867846E-07 6.944658E-07 3.009972E-06 8.776263E-06 1.357285E-05 4.783785E-05 1.198355E-04 1.219815E-04 1.114384E-04
311 1.355714E+02 5.178571E-01 1.455859E+00 2.845106E-07 6.889592E-07 2.986105E-06 8.706674E-06 1.346522E-05 4.745853E-05 1.188853E-04 1.210143E-04 1.105548E-04
312 1.360893E+02 5.178571E-01 1.455859E+00 2.820915E-07 6.831012E-07 2.960715E-06 8.632644E-06 1.335073E-05 4.705500E-05 1.178744E-04 1.199854E-04 1.096148E-04
313 1.366071E+02 5.178571E-01 1.455859E+00 2.795344E-07 6.769090E-07 2.933876E-06 8.554390E-06 1.322971E-05 4.662845E-05 1.168059E-04 1.188977E-04 1.086211E-04
314 1.371250E+02 5.178571E-01 1.455859E+00 2.768464E-07 6.703998E-07 2.905664E-06 8.472131E-06 1.310249E-05 4.618008E-05 1.156827E-04 1.177544E-04 1.075766E-04
315 1.376429E+02 5.178571E-01 1.455859E+00 2.740348E-07 6.635913E-07 2.876155E-06 8.386088E-06 1.296943E-05 4.571107E-05 1.145078E-04 1.165585E-04 1.064841E-04
316 1.381607E+02 5.178571E-01 1.455859E+00 2.711068E-07 6.565010E-07 2.845424E-06 8.296486E-06 1.283085E-05 4.522267E-05 1.132844E-04 1.153131E-04 1.053463E-04
317 1.386786E+02 5.178571E-01 1.455859E+00 2.680698E-07 6.491467E-07 2.813549E-06 8.203546E-06 1.268712E-05 4.471607E-05 1.120153E-04 1.140213E-04 1.041662E-04
318 1.391964E+02 5.178571E-01 1.455859E+00 2.649310E-07 6.415460E-07 2.780605E-06 8.107492E-06 1.253857E-05 4.419250E-05 1.107038E-04 1.126863E-04 1.029465E-04
319 1.397143E+02 5.178571E-01 1.455859E+00 2.616977E-07 6.337164E-07 2.746670E-06 8.008547E-06 1.238554E-05 4.365316E-05 1.093527E-04 1.113110E-04 1.016902E-04
320 1.402321E+02 5.178571E-01 1.455859E+00 2.583771E-07 6.256754E-07 2.711819E-06 7.906929E-06 1.222839E-05 4.309926E-05 1.079652E-04 1.098986E-04 1.003998E-04
321 1.407500E+02 5.178571E-01 1.455859E+00 2.549763E-07 6.174402E-07 2.676125E-06 7.802857E-06 1.206743E-05 4.253198E-05 1.065441E-04 1.084521E-04 9.907837E-05
322 1.412679E+02 5.178571E-01 1.455859E+00 2.515024E-07 6.090277E-07 2.639664E-06 7.696545E-06 1.190302E-05 4.195250E-05 1.050925E-04 1.069745E-04 9.772845E-05
323 1.417857E+02 5.178571E-01 1.455859E+00 2.479621E-07 6.004547E-07 2.602506E-06 7.588204E-06 1.173547E-05 4.136195E-05 1.036131E-04 1.054687E-04 9.635277E-05
324 1.423036E+02 5.178571E-01 1.455859E+00 2.443622E-07 5.917374E-07 2.564724E-06 7.478040E-06 1.156509E-05 4.076146E-05 1.021089E-04 1.039375E-04 9.495394E-05
325 1.428214E+02 5.178571E-01 1.455859E+00 2.407094E-07 5.828919E-07 2.526385E-06 7.366255E-06 1.139221E-05 4.015215E-05 1.005825E-04 1.023838E-04 9.353453E-05
326 1.433393E+02 5.178571E-01 1.455859E+00 2.370100E-07 5.739337E-07 2.487558E-06 7.253046E-06 1.121713E-05 3.953506E-05 9.903672E-05 1.008103E-04 9.209703E-05
327 1.438571E+02 5.178571E-01 1.455859E+00 2.332704E-07 5.648779E-07 2.448308E-06 7.138605E-06 1.104014E-05 3.891126E-05 9.747407E-05 9.921966E-05 9.064388E-05
328 1.443750E+02 5.178571E-01 1.455859E+00 2.294965E-07 5.557392E-07 2.408699E-06 7.023115E-06 1.086153E-05 3.828175E-05 9.589712E-05 9.761447E-05 8.917744E-05
329 1.448929E+02 5.178571E-01 1.455859E+00 2.256942E-07 5.465318E-07 2.368792E-06 6.906758E-06 1.068158E-05 3.764751E-05 9.430832E-05 9.599722E-05 8.769996E-05
330 1.454107E+02 5.178571E-01 1.455859E+00 2.218693E-07 5.372695E-07 2.328647E-06 6.789705E-06 1.050055E-05 3.700947E-05 9.271003E-05 9.437030E-05 8.621367E-05
331 1.459286E+02 5.178571E-01 1.455859E+00 2.180271E-07 5.279653E-07 2.288321E-06 6.672125E-06 1.031871E-05 3.636856E-05 9.110453E-05 9.273605E-05 8.472066E-05
332 1.464464E+02 5.178571E-01 1.455859E+00 2.141728E-07 5.186320E-07 2.247868E-06 6.554176E-06 1.013630E-05 3.572565E-05 8.949399E-05 9.109667E-05 8.322299E-05
333 1.469643E+02 5.178571E-01 1.455859E+00 2.103115E-07 5.092817E-07 2.207342E-06 6.436012E-06 9.953554E-06 3.508156E-05 8.788053E-05 8.945431E-05 8.172258E-05
334 1.474821E+02 5.178571E-01 1.455859E+00 2.064480E-07 4.999260E-07 2.166793E-06 6.317781E-06 9.770704E-06 3.443710E-05 8.626613E-05 8.781101E-05 8.022130E-05
335 1.480000E+02 5.178571E-01 1.455859E+00 2.025869E-07 4.905760E-07 2.126267E-06 6.199620E-06 9.587964E-06 3.379302E-05 8.465271E-05 8.616869E-05 7.872094E-05
336 1.485179E+02 5.178571E-01 1.455859E+00 1.987324E-07 4.812421E-07 2.085812E-06 6.081664E-06 9.405540E-06 3.315007E-05 8.304208E-05 8.452921E-05 7.722317E-05
337 1.490357E+02 5.178571E-01 1.455859E+00 1.948887E-07 4.719344E-07 2.045470E-06 5.964038E-06 9.223627E-06 3.250891E-05 8.143596E-05 8.289433E-05 7.572959E-05
338 1.495536E+02 5.178571E-01 1.455859E+00 1.910597E-07 4.626623E-07 2.005283E-06 5.846862E-06 9.042410E-06 3.187020E-05 7.983598E-05 8.126570E-05 7.424172E-05
339 1.500714E+02 5.178571E-01 1.455859E+00 1.872491E-07 4.534346E-07 1.965288E-06 5.730249E-06 8.862062E-06 3.123456E-05 7.824368E-05 7.964488E-05 7.276100E-05
340 1.505893E+02 5.178571E-01 1.455859E+00 1.834603E-07 4.442599E-07 1.925523E-06 5.614303E-06 8.682748E-06 3.060257E-05 7.666050E-05 7.803336E-05 7.128876E-05
341 1.511071E+02 5.178571E-01 1.455859E+00 1.796966E-07 4.351459E-07 1.886021E-06 5.499126E-06 8.504621E-06 2.997476E-05 7.508781E-05 7.643250E-05 6.982627E-05
342 1.516250E+02 5.178571E-01 1.455859E+00 1.759611E-07 4.261001E-07 1.846814E-06 5.384810E-06 8.327826E-06 2.935164E-05 7.352688E-05 7.484362E-05 6.837472E-05
343 1.521429E+02 5.178571E-01 1.455859E+00 1.722565E-07 4.171292E-07 1.807932E-06 5.271441E-06 8.152497E-06 2.873369E-05 7.197889E-05 7.326790E-05 6.693520E-05
344 1.526607E+02 5.178571E-01 1.455859E+00 1.685855E-07 4.082397E-07 1.769403E-06 5.159101E-06 7.978759E-06 2.812134E-05 7.044494E-05 7.170649E-05 6.550874E-05
345 1.531786E+02 5.178571E-01 1.455859E+00 1.649506E-07 3.994376E-07 1.731253E-06 5.047865E-06 7.806727E-06 2.751501E-05 6.892607E-05 7.016041E-05 6.409629E-05
346 1.536964E+02 5.178571E-01 1.455859E+00 1.613540E-07 3.907282E-07 1.693505E-06 4.937801E-06 7.636509E-06 2.691507E-05 6.742320E-05 6.863063E-05 6.269873E-05
347 1.542143E+02 5.178571E-01 1.455859E+00 1.577978E-07 3.821167E-07 1.656180E-06 4.828973E-06 7.468203E-06 2.632187E-05 6.593721E-05 6.711803E-05 6.131687E-05
348 1.547321E+02 5.178571E-01 1.455859E+00 1.542839E-07 3.736076E-07 1.619300E-06 4.721440E-06 7.301898E-06 2.573573E-05 6.446890E-05 6.562342E-05 5.995144E-05
349 1.552500E+02 5.178571E-01 1.455859E+00 1.508140E-07 3.652051E-07 1.582881E-06 4.615253E-06 7.137677E-06 2.515692E-05 6.301898E-05 6.414754E-05 5.860312E-05
350 1.557679E+02 5.178571E-01 1.455859E+00 1.473898E-07 3.569129E-07 1.546941E-06 4.510462E-06 6.975613E-06 2.458573E-05 6.158811E-05 6.269104E-05 5.727252E-05
351 1.562857E+02 5.178571E-01 1.455859E+00 1.440125E-07 3.487346E-07 1.511495E-06 4.407110E-06 6.815774E-06 2.402237E-05 6.017688E-05 6.125454E-05 5.596017E-05
352 1.568036E+02 5.178571E-01 1.455859E+00 1.406834E-07 3.406732E-07 1.476555E-06 4.305234E-06 6.658219E-06 2.346706E-05 5.878582E-05 5.983857E-05 5.466659E-05
353 1.573214E+02 5.178571E-01 1.455859E+00 1.374038E-07 3.327314E-07 1.442133E-06 4.204869E-06 6.503001E-06 2.291999E-05 5.741539E-05 5.844359E-05 5.339218E-05
354 1.578393E+02 5.178571E-01 1.455859E+00 1.341745E-07 3.249114E-07 1.408240E-06 4.106045E-06 6.350166E-06 2.238132E-05 5.606600E-05 5.707004E-05 5.213735E-05
355 1.583571E+02 5.178571E-01 1.455859E+00 1.309964E-07 3.172155E-07 1.374884E-06 4.008789E-06 6.199754E-06 2.185119E-05 5.473800E-05 5.571826E-05 5.090241E-05
356 1.588750E+02 5.178571E-01 1.455859E+00 1.278702E-07 3.096453E-07 1.342073E-06 3.913121E-06 6.051800E-06 2.132972E-05 5.343171E-05 5.438857E-05 4.968765E-05
357 1.593929E+02 5.178571E-01 1.455859E+00 1.247966E-07 3.022023E-07 1.309813E-06 3.819061E-06 5.906332E-06 2.081702E-05 5.214736E-05 5.308123E-05 4.849330E-05
358 1.599107E+02 5.178571E-01 1.455859E+00 1.217760E-07 2.948877E-07 1.278110E-06 3.726623E-06 5.763374E-06 2.031316E-05 5.088517E-05 5.179644E-05 4.731956E-05
359 1.604286E+02 5.178571E-01 1.455859E+00 1.188088E-07 2.877025E-07 1.246968E-06 3.635820E-06 5.622943E-06 1.981821E-05 4.964530E-05 5.053436E-05 4.616657E-05
360 1.609464E+02 5.178571E-01 1.455859E+00 1.158953E-07 2.806473E-07 1.216389E-06 3.546660E-06 5.485054E-06 1.933221E-05 4.842787E-05 4.929513E-05 4.503444E-05
361 1.614643E+02 5.178571E-01 1.455859E+00 1.130357E-07 2.737226E-07 1.186375E-06 3.459150E-06 5.349715E-06 1.885521E-05 4.723296E-05 4.807882E-05 4.392326E-05
362 1.619821E+02 5.178571E-01 1.455859E+00 1.102301E-07 2.669286E-07 1.156929E-06 3.373292E-06 5.216932E-06 1.838721E-05 4.606061E-05 4.688547E-05 4.283306E-05
363 1.625000E+02 5.178571E-01 1.455859E+00 1.074785E-07 2.602655E-07 1.128049E-06 3.289087E-06 5.086706E-06 1.792822E-05 4.491083E-05 4.571510E-05 4.176385E-05
364 1.630179E+02 5.178571E-01 1.455859E+00 1.047809E-07 2.537330E-07 1.099736E-06 3.206533E-06 4.959033E-06 1.747824E-05 4.378360E-05 4.456769E-05 4.071560E-05
365 1.635357E+02 5.178571E-01 1.455859E+00 1.021371E-07 2.473309E-07 1.071988E-06 3.125626E-06 4.833908E-06 1.703723E-05 4.267886E-05 4.344317E-05 3.968828E-05
366 1.640536E+02 5.178571E-01 1.455859E+00 9.954689E-08 2.410586E-07 1.044803E-06 3.046361E-06 4.711322E-06 1.660517E-05 4.159654E-05 4.234146E-05 3.868180E-05
367 1.645714E+02 5.178571E-01 1.455859E+00 9.701010E-08 2.349156E-07 1.018177E-06 2.968730E-06 4.591261E-06 1.618202E-05 4.053652E-05 4.126246E-05 3.769605E-05
368 1.650893E+02 5.178571E-01 1.455859E+00 9.452637E-08 2.289011E-07 9.921093E-07 2.892722E-06 4.473712E-06 1.576771E-05 3.949867E-05 4.020603E-05 3.673093E-05
369 1.656071E+02 5.178571E-01 1.455859E+00 9.209533E-08 2.230142E-07 9.665941E-07 2.818327E-06 4.358657E-06 1.536220E-05 3.848284E-05 3.917200E-05 3.578628E-05
370 1.661250E+02 5.178571E-01 1.455859E+00 8.971656E-08 2.172539E-07 9.416275E-07 2.745531E-06 4.246075E-06 1.496540E-05 3.748885E-05 3.816021E-05 3.486194E-05
371 1.666429E+02 5.178571E-01 1.455859E+00 8.738958E-08 2.116190E-07 9.172046E-07 2.674320E-06 4.135945E-06 1.457724E-05 3.651651E-05 3.717045E-05 3.395773E-05
372 1.671607E+02 5.178571E-01 1.455859E+00 8.511391E-08 2.061083E-07 8.933200E-07 2.604679E-06 4.028242E-06 1.419764E-05 3.556559E-05 3.620251E-05 3.307345E-05
373 1.676786E+02 5.178571E-01 1.455859E+00 8.288897E-08 2.007205E-07 8.699680E-07 2.536591E-06 3.922941E-06 1.382651E-05 3.463589E-05 3.525615E-05 3.220889E-05
374 1.681964E+02 5.178571E-01 1.455859E+00 8.071420E-08 1.954542E-07 8.471426E-07 2.470039E-06 3.820015E-06 1.346374E-05 3.372714E-05 3.433113E-05 3.136382E-05
375 1.687143E+02 5.178571E-01 1.455859E+00 7.858899E-08 1.903078E-07 8.248372E-07 2.405002E-06 3.719433E-06 1.310924E-05 3.283910E-05 3.342719E-05 3.053800E-05
376 1.692321E+02 5.178571E-01 1.455859E+00 7.651269E-08 1.852800E-07 8.030452E-07 2.341462E-06 3.621167E-06 1.276289E-05 3.197150E-05 3.254405E-05 2.973120E-05
377 1.697500E+02 5.178571E-01 1.455859E+00 7.448463E-08 1.803689E-07 7.817596E-07 2.279399E-06 3.525184E-06 1.242460E-05 3.112406E-05 3.168143E-05 2.894314E-05
378 1.702679E+02 5.178571E-01 1.455859E+00 7.250413E-08 1.755730E-07 7.609731E-07 2.218792E-06 3.431451E-06 1.209424E-05 3.029649E-05 3.083905E-05 2.817356E-05
379 1.707857E+02 5.178571E-01 1.455859E+00 7.057049E-08 1.708906E-07 7.406784E-07 2.159618E-06 3.339936E-06 1.177169E-05 2.948850E-05 3.001659E-05 2.742219E-05
380 1.713036E+02 5.178571E-01 1.455859E+00 6.868297E-08 1.663198E-07 7.208678E-07 2.101855E-06 3.250605E-06 1.145684E-05 2.869978E-05 2.921375E-05 2.668874E-05
381 1.718214E+02 5.178571E-01 1.455859E+00 6.684084E-08 1.618590E-07 7.015336E-07 2.045482E-06 3.163421E-06 1.114956E-05 2.793003E-05 2.843021E-05 2.597292E-05
382 1.723393E+02 5.178571E-01 1.455859E+00 6.504335E-08 1.575063E-07 6.826678E-07 1.990475E-06 3.078350E-06 1.084972E-05 2.717893E-05 2.766566E-05 2.527446E-05
383 1.728571E+02 5.178571E-01 1.455859E+00 6.328973E-08 1.532598E-07 6.642625E-07 1.936810E-06 2.995355E-06 1.055721E-05 2.644617E-05 2.691977E-05 2.459304E-05
384 1.733750E+02 5.178571E-01 1.455859E+00 6.157921E-08 1.491177E-07 6.463097E-07 1.884464E-06 2.914400E-06 1.027188E-05 2.573141E-05 2.619222E-05 2.392837E-05
385 1.738929E+02 5.178571E-01 1.455859E+00 5.991101E-08 1.450780E-07 6.288010E-07 1.833414E-06 2.835448E-06 9.993610E-06 2.503434E-05 2.548267E-05 2.328014E-05
386 1.744107E+02 5.178571E-01 1.455859E+00 5.828436E-08 1.411390E-07 6.117284E-07 1.783634E-06 2.758463E-06 9.722273E-06 2.435463E-05 2.479078E-05 2.264806E-05
387 1.749286E+02 5.178571E-01 1.455859E+00 5.669847E-08 1.372987E-07 5.950835E-07 1.735102E-06 2.683406E-06 9.457734E-06 2.369195E-05 2.411624E-05 2.203182E-05
388 1.754464E+02 5.178571E-01 1.455859E+00 5.515255E-08 1.335551E-07 5.788581E-07 1.687794E-06 2.610241E-06 9.199862E-06 2.304598E-05 2.345869E-05 2.143110E-05
389 1.759643E+02 5.178571E-01 1.455859E+00 5.364580E-08 1.299065E-07 5.630439E-07 1.641684E-06 2.538930E-06 8.948525E-06 2.241637E-05 2.281781E-05 2.084561E-05
390 1.764821E+02 5.178571E-01 1.455859E+00 5.217745E-08 1.263508E-07 5.476327E-07 1.596749E-06 2.469437E-06 8.703593E-06 2.180281E-05 2.219326E-05 2.027504E-05
391 1.770000E+02 5.178571E-01 1.455859E+00 5.074671E-08 1.228861E-07 5.326163E-07 1.552965E-06 2.401723E-06 8.464935E-06 2.120496E-05 2.158470E-05 1.971909E-05
392 1.775179E+02 5.178571E-01 1.455859E+00 4.935279E-08 1.195107E-07 5.179863E-07 1.510308E-06 2.335752E-06 8.232419E-06 2.062250E-05 2.099181E-05 1.917744E-05
393 1.780357E+02 5.178571E-01 1.455859E+00 4.799492E-08 1.162225E-07 5.037347E-07 1.468754E-06 2.271488E-06 8.005916E-06 2.005510E-05 2.041425E-05 1.864980E-05
394 1.785536E+02 5.178571E-01 1.455859E+00 4.667233E-08 1.130198E-07 4.898533E-07 1.428280E-06 2.208892E-06 7.785297E-06 1.950244E-05 1.985170E-05 1.813587E-05
395 1.790714E+02 5.178571E-01 1.455859E+00 4.538424E-08 1.099006E-07 4.763340E-07 1.388861E-06 2.147930E-06 7.570434E-06 1.896420E-05 1.930382E-05 1.763535E-05
396 1.795893E+02 5.178571E-01 1.455859E+00 4.412989E-08 1.068631E-07 4.631690E-07 1.350475E-06 2.088565E-06 7.361200E-06 1.844006E-05 1.877029E-05 1.714794E-05
397 1.801071E+02 5.178571E-01 1.455859E+00 4.290854E-08 1.039056E-07 4.503502E-07 1.313099E-06 2.030761E-06 7.157470E-06 1.792971E-05 1.825080E-05 1.667334E-05
398 1.806250E+02 5.178571E-01 1.455859E+00 4.171944E-08 1.010261E-07 4.378698E-07 1.276710E-06 1.974484E-06 6.959118E-06 1.743283E-05 1.774503E-05 1.621128E-05
399 1.811429E+02 5.178571E-01 1.455859E+00 4.056185E-08 9.822289E-08 4.257202E-07 1.241285E-06 1.919697E-06 6.766023E-06 1.694912E-05 1.725265E-05 1.576147E-05
400 1.816607E+02 5.178571E-01 1.455859E+00 3.943503E-08 9.549424E-08 4.138936E-07 1.206802E-06 1.866368E-06 6.578062E-06 1.647828E-05 1.677337E-05 1.532361E-05
401 1.821786E+02 5.178571E-01 1.455859E+00 3.833828E-08 9.283840E-08 4.023826E-07 1.173239E-06 1.814461E-06 6.395115E-06 1.601999E-05 1.630688E-05 1.489744E-05
402 1.826964E+02 5.178571E-01 1.455859E+00 3.727089E-08 9.025364E-08 3.911797E-07 1.140574E-06 1.763944E-06 6.217066E-06 1.557397E-05 1.585287E-05 1.448267E-05
403 1.832143E+02 5.178571E-01 1.455859E+00 3.623215E-08 8.773827E-08 3.802775E-07 1.108786E-06 1.714783E-06 6.043796E-06 1.513992E-05 1.541105E-05 1.407904E-05
404 1.837321E+02 5.178571E-01 1.455859E+00 3.522137E-08 8.529062E-08 3.696688E-07 1.077854E-06 1.666945E-06 5.875192E-06 1.471756E-05 1.498113E-05 1.368627E-05
405 1.842500E+02 5.178571E-01 1.455859E+00 3.423789E-08 8.290907E-08 3.593466E-07 1.047758E-06 1.620400E-06 5.711140E-06 1.430661E-05 1.456281E-05 1.330411E-05
406 1.847679E+02 5.178571E-01 1.455859E+00 3.328104E-08 8.059199E-08 3.493039E-07 1.018476E-06 1.575114E-06 5.551529E-06 1.390677E-05 1.415582E-05 1.293230E-05
407 1.852857E+02 5.178571E-01 1.455859E+00 3.235015E-08 7.833779E-08 3.395337E-07 9.899884E-07 1.531057E-06 5.396250E-06 1.351780E-05 1.375988E-05 1.257058E-05
408 1.858036E+02 5.178571E-01 1.455859E+00 3.144460E-08 7.614493E-08 3.300294E-07 9.622763E-07 1.488199E-06 5.245197E-06 1.313940E-05 1.337470E-05 1.221870E-05
409 1.863214E+02 5.178571E-01 1.455859E+00 3.056374E-08 7.401188E-08 3.207842E-07 9.353199E-07 1.446510E-06 5.098262E-06 1.277133E-05 1.300004E-05 1.187642E-05
410 1.868393E+02 5.178571E-01 1.455859E+00 2.970695E-08 7.193712E-08 3.117917E-07 9.091003E-07 1.405961E-06 4.955344E-06 1.241331E-05 1.263561E-05 1.154349E-05
411 1.873571E+02 5.178571E-01 1.455859E+00 2.887363E-08 6.991919E-08 3.030456E-07 8.835989E-07 1.366522E-06 4.816340E-06 1.206510E-05 1.228117E-05 1.121968E-05
412 1.878750E+02 5.178571E-01 1.455859E+00 2.806319E-08 6.795665E-08 2.945395E-07 8.587974E-07 1.328165E-06 4.681152E-06 1.172645E-05 1.193645E-05 1.090476E-05
413 1.883929E+02 5.178571E-01 1.455859E+00 2.727503E-08 6.604808E-08 2.862673E-07 8.346780E-07 1.290863E-06 4.549681E-06 1.139711E-05 1.160121E-05 1.059849E-05
414 1.889107E+02 5.178571E-01 1.455859E+00 2.650858E-08 6.419209E-08 2.782230E-07 8.112230E-07 1.254589E-06 4.421832E-06 1.107684E-05 1.127521E-05 1.030067E-05
415 1.894286E+02 5.178571E-01 1.455859E+00 2.576329E-08 6.238732E-08 2.704008E-07 7.884154E-07 1.219316E-06 4.297512E-06 1.076542E-05 1.095821E-05 1.001107E-05
416 1.899464E+02 5.178571E-01 1.455859E+00 2.503860E-08 6.063245E-08 2.627947E-07 7.662383E-07 1.185019E-06 4.176629E-06 1.046260E-05 1.064997E-05 9.729467E-06
417 1.904643E+02 5.178571E-01 1.455859E+00 2.433398E-08 5.892617E-08 2.553993E-07 7.446753E-07 1.151671E-06 4.059093E-06 1.016817E-05 1.035026E-05 9.455667E-06
418 1.909821E+02 5.178571E-01 1.455859E+00 2.364890E-08 5.726721E-08 2.482090E-07 7.237103E-07 1.119247E-06 3.944816E-06 9.881903E-06 1.005887E-05 9.189460E-06
419 1.915000E+02 5.178571E-01 1.455859E+00 2.298285E-08 5.565432E-08 2.412184E-07 7.033276E-07 1.087725E-06 3.833713E-06 9.603586E-06 9.775570E-06 8.930645E-06
420 1.920179E+02 5.178571E-01 1.455859E+00 2.233532E-08 5.408629E-08 2.344222E-07 6.835117E-07 1.057079E-06 3.725701E-06 9.333011E-06 9.500148E-06 8.679029E-06
421 1.925357E+02 5.178571E-01 1.455859E+00 2.170582E-08 5.256193E-08 2.278153E-07 6.642477E-07 1.027286E-06 3.620696E-06 9.069970E-06 9.232397E-06 8.434420E-06
422 1.930536E+02 5.178571E-01 1.455859E+00 2.109388E-08 5.108006E-08 2.213925E-07 6.455207E-07 9.983240E-07 3.518619E-06 8.814263E-06 8.972111E-06 8.196631E-06
423 1.935714E+02 5.178571E-01 1.455859E+00 2.049902E-08 4.963957E-08 2.151491E-07 6.273166E-07 9.701705E-07 3.419391E-06 8.565694E-06 8.719091E-06 7.965480E-06
424 1.940893E+02 5.178571E-01 1.455859E+00 1.992078E-08 4.823933E-08 2.090802E-07 6.096212E-07 9.428039E-07 3.322936E-06 8.324072E-06 8.473142E-06 7.740789E-06
425 1.946071E+02 5.178571E-01 1.455859E+00 1.935872E-08 4.687827E-08 2.031810E-07 5.924209E-07 9.162029E-07 3.229181E-06 8.089210E-06 8.234074E-06 7.522384E-06
426 1.951250E+02 5.178571E-01 1.455859E+00 1.881240E-08 4.555532E-08 1.974471E-07 5.757022E-07 8.903468E-07 3.138050E-06 7.860926E-06 8.001701E-06 7.310096E-06
427 1.956429E+02 5.178571E-01 1.455859E+00 1.828139E-08 4.426946E-08 1.918738E-07 5.594522E-07 8.652155E-07 3.049474E-06 7.639040E-06 7.775842E-06 7.103758E-06
428 1.961607E+02 5.178571E-01 1.455859E+00 1.776528E-08 4.301968E-08 1.864570E-07 5.436582E-07 8.407894E-07 2.963384E-06 7.423380E-06 7.556320E-06 6.903210E-06
429 1.966786E+02 5.178571E-01 1.455859E+00 1.726367E-08 4.180499E-08 1.811923E-07 5.283076E-07 8.170491E-07 2.879711E-06 7.213776E-06 7.342962E-06 6.708293E-06
430 1.971964E+02 5.178571E-01 1.455859E+00 1.677615E-08 4.062443E-08 1.760755E-07 5.133885E-07 7.939761E-07 2.798389E-06 7.010062E-06 7.135600E-06 6.518854E-06
431 1.977143E+02 5.178571E-01 1.455859E+00 1.630235E-08 3.947709E-08 1.711026E-07 4.988889E-07 7.715519E-07 2.719355E-06 6.812078E-06 6.934071E-06 6.334744E-06
432 1.982321E+02 5.178571E-01 1.455859E+00 1.584187E-08 3.836203E-08 1.662697E-07 4.847975E-07 7.497589E-07 2.642545E-06 6.619667E-06 6.738213E-06 6.155814E-06
433 1.987500E+02 5.178571E-01 1.455859E+00 1.539437E-08 3.727838E-08 1.615729E-07 4.711029E-07 7.285797E-07 2.567898E-06 6.432674E-06 6.547872E-06 5.981925E-06
434 1.992679E+02 5.178571E-01 1.455859E+00 1.495948E-08 3.622526E-08 1.570085E-07 4.577942E-07 7.079973E-07 2.495355E-06 6.250951E-06 6.362895E-06 5.812935E-06
435 1.997857E+02 5.178571E-01 1.455859E+00 1.453685E-08 3.520185E-08 1.525728E-07 4.448609E-07 6.879954E-07 2.424857E-06 6.074352E-06 6.183133E-06 5.648711E-06
436 2.003036E+02 5.178571E-01 1.455859E+00 1.412615E-08 3.420730E-08 1.482622E-07 4.322924E-07 6.685577E-07 2.356349E-06 5.902736E-06 6.008444E-06 5.489121E-06
437 2.008214E+02 5.178571E-01 1.455859E+00 1.372704E-08 3.324083E-08 1.440733E-07 4.200787E-07 6.496688E-07 2.289774E-06 5.735965E-06 5.838686E-06 5.334035E-06
438 2.013393E+02 5.178571E-01 1.455859E+00 1.333920E-08 3.230166E-08 1.400027E-07 4.082100E-07 6.313133E-07 2.225080E-06 5.573903E-06 5.673722E-06 5.183329E-06
439 2.018571E+02 5.178571E-01 1.455859E+00 1.296232E-08 3.138902E-08 1.360471E-07 3.966766E-07 6.134764E-07 2.162213E-06 5.416420E-06 5.513419E-06 5.036882E-06
440 2.023750E+02 5.178571E-01 1.455859E+00 1.259609E-08 3.050218E-08 1.322033E-07 3.854692E-07 5.961437E-07 2.101124E-06 5.263389E-06 5.357647E-06 4.894573E-06
441 2.028929E+02 5.178571E-01 1.455859E+00 1.224022E-08 2.964042E-08 1.284683E-07 3.745787E-07 5.793011E-07 2.041762E-06 5.114685E-06 5.206279E-06 4.756289E-06
442 2.034107E+02 5.178571E-01 1.455859E+00 1.189442E-08 2.880303E-08 1.248388E-07 3.639963E-07 5.629350E-07 1.984079E-06 4.970187E-06 5.059194E-06 4.621917E-06
443 2.039286E+02 5.178571E-01 1.455859E+00 1.155840E-08 2.798933E-08 1.213121E-07 3.537133E-07 5.470319E-07 1.928028E-06 4.829778E-06 4.916270E-06 4.491346E-06
444 2.044464E+02 5.178571E-01 1.455859E+00 1.123189E-08 2.719867E-08 1.178852E-07 3.437213E-07 5.315790E-07 1.873564E-06 4.693343E-06 4.777392E-06 4.364471E-06
445 2.049643E+02 5.178571E-01 1.455859E+00 1.091462E-08 2.643039E-08 1.145553E-07 3.340123E-07 5.165635E-07 1.820641E-06 4.560770E-06 4.642446E-06 4.241189E-06
446 2.054821E+02 5.178571E-01 1.455859E+00 1.060634E-08 2.568387E-08 1.113197E-07 3.245782E-07 5.019733E-07 1.769218E-06 4.431952E-06 4.511321E-06 4.121397E-06
447 2.060000E+02 5.178571E-01 1.455859E+00 1.030679E-08 2.495850E-08 1.081758E-07 3.154113E-07 4.877963E-07 1.719251E-06 4.306783E-06 4.383910E-06 4.004999E-06
448 2.065179E+02 5.178571E-01 1.455859E+00 1.001573E-08 2.425367E-08 1.051209E-07 3.065041E-07 4.740210E-07 1.670699E-06 4.185160E-06 4.260109E-06 3.891898E-06
449 2.070357E+02 5.178571E-01 1.455859E+00 9.732912E-09 2.356882E-08 1.021526E-07 2.978493E-07 4.606360E-07 1.623523E-06 4.066983E-06 4.139815E-06 3.782002E-06
450 2.075536E+02 5.178571E-01 1.455859E+00 9.458111E-09 2.290337E-08 9.926839E-08 2.894397E-07 4.476303E-07 1.577684E-06 3.952155E-06 4.022931E-06 3.675220E-06
451 2.080714E+02 5.178571E-01 1.455859E+00 9.191099E-09 2.225679E-08 9.646594E-08 2.812686E-07 4.349932E-07 1.533145E-06 3.840582E-06 3.909360E-06 3.571465E-06
452 2.085893E+02 5.178571E-01 1.455859E+00 8.931656E-09 2.162853E-08 9.374293E-08 2.733290E-07 4.227144E-07 1.489868E-06 3.732171E-06 3.799007E-06 3.470651E-06
453 2.091071E+02 5.178571E-01 1.455859E+00 8.679567E-09 2.101808E-08 9.109711E-08 2.656145E-07 4.107836E-07 1.447817E-06 3.626833E-06 3.691784E-06 3.372694E-06
454 2.096250E+02 5.178571E-01 1.455859E+00 8.434625E-09 2.042494E-08 8.852631E-08 2.581187E-07 3.991911E-07 1.406959E-06 3.524482E-06 3.587600E-06 3.277515E-06
455 2.101429E+02 5.178571E-01 1.455859E+00 8.196628E-09 1.984862E-08 8.602839E-08 2.508355E-07 3.879273E-07 1.367260E-06 3.425033E-06 3.486369E-06 3.185035E-06
456 2.106607E+02 5.178571E-01 1.455859E+00 7.965379E-09 1.928863E-08 8.360129E-08 2.437587E-07 3.769828E-07 1.328685E-06 3.328404E-06 3.388009E-06 3.095176E-06
457 2.111786E+02 5.178571E-01 1.455859E+00 7.740687E-09 1.874453E-08 8.124302E-08 2.368826E-07 3.663486E-07 1.291205E-06 3.234514E-06 3.292438E-06 3.007866E-06
458 2.116964E+02 5.178571E-01 1.455859E+00 7.522365E-09 1.821585E-08 7.895161E-08 2.302015E-07 3.560160E-07 1.254787E-06 3.143287E-06 3.199577E-06 2.923031E-06
459 2.122143E+02 5.178571E-01 1.455859E+00 7.310234E-09 1.770216E-08 7.672517E-08 2.237098E-07 3.459763E-07 1.219402E-06 3.054646E-06 3.109349E-06 2.840601E-06
460 2.127321E+02 5.178571E-01 1.455859E+00 7.104118E-09 1.720304E-08 7.456185E-08 2.174022E-07 3.362213E-07 1.185021E-06 2.968518E-06 3.021679E-06 2.760509E-06
461 2.132500E+02 5.178571E-01 1.455859E+00 6.903845E-09 1.671807E-08 7.245988E-08 2.112734E-07 3.267429E-07 1.151614E-06 2.884832E-06 2.936495E-06 2.682687E-06
462 2.137679E+02 5.178571E-01 1.455859E+00 6.709251E-09 1.624684E-08 7.041749E-08 2.053184E-07 3.175332E-07 1.119154E-06 2.803519E-06 2.853725E-06 2.607072E-06
463 2.142857E+02 5.178571E-01 1.455859E+00 6.520173E-09 1.578898E-08 6.843301E-08 1.995321E-07 3.085845E-07 1.087614E-06 2.724511E-06 2.773303E-06 2.533600E-06
464 2.148036E+02 5.178571E-01 1.455859E+00 6.336454E-09 1.534410E-08 6.650478E-08 1.939099E-07 2.998896E-07 1.056969E-06 2.647743E-06 2.695160E-06 2.462211E-06
465 2.153214E+02 5.178571E-01 1.455859E+00 6.157944E-09 1.491182E-08 6.463121E-08 1.884471E-07 2.914411E-07 1.027192E-06 2.573151E-06 2.619231E-06 2.392845E-06
466 2.158393E+02 5.178571E-01 1.455859E+00 5.984492E-09 1.449180E-08 6.281073E-08 1.831391E-07 2.832320E-07 9.982586E-07 2.500673E-06 2.545455E-06 2.325446E-06
467 2.163571E+02 5.178571E-01 1.455859E+00 5.815957E-09 1.408368E-08 6.104185E-08 1.779815E-07 2.752556E-07 9.701456E-07 2.430249E-06 2.473770E-06 2.259957E-06
468 2.168750E+02 5.178571E-01 1.455859E+00 5.652197E-09 1.368713E-08 5.932310E-08 1.729701E-07 2.675053E-07 9.428292E-07 2.361820E-06 2.404116E-06 2.196323E-06
469 2.173929E+02 5.178571E-01 1.455859E+00 5.493077E-09 1.330181E-08 5.765304E-08 1.681007E-07 2.599745E-07 9.162868E-07 2.295330E-06 2.336436E-06 2.134492E-06
470 2.179107E+02 5.178571E-01 1.455859E+00 5.338464E-09 1.292740E-08 5.603029E-08 1.633692E-07 2.526571E-07 8.904963E-07 2.230724E-06 2.270673E-06 2.074413E-06
471 2.184286E+02 5.178571E-01 1.455859E+00 5.188232E-09 1.256361E-08 5.445351E-08 1.587717E-07 2.455469E-07 8.654363E-07 2.167948E-06 2.206772E-06 2.016036E-06
472 2.189464E+02 5.178571E-01 1.455859E+00 5.042254E-09 1.221011E-08 5.292139E-08 1.543045E-07 2.386381E-07 8.410861E-07 2.106950E-06 2.144682E-06 1.959312E-06
473 2.194643E+02 5.178571E-01 1.455859E+00 4.900410E-09 1.186663E-08 5.143265E-08 1.499637E-07 2.319249E-07 8.174254E-07 2.047679E-06 2.084350E-06 1.904195E-06
474 2.199821E+02 5.178571E-01 1.455859E+00 4.762582E-09 1.153287E-08 4.998607E-08 1.457458E-07 2.254019E-07 7.944346E-07 1.990087E-06 2.025726E-06 1.850638E-06
475 2.205000E+02 5.178571E-01 1.455859E+00 4.628655E-09 1.120856E-08 4.858043E-08 1.416474E-07 2.190634E-07 7.720947E-07 1.934124E-06 1.968761E-06 1.798597E-06
476 2.210179E+02 5.178571E-01 1.455859E+00 4.498519E-09 1.089343E-08 4.721458E-08 1.376649E-07 2.129044E-07 7.503871E-07 1.879746E-06 1.913409E-06 1.748029E-06
477 2.215357E+02 5.178571E-01 1.455859E+00 4.372067E-09 1.058722E-08 4.588738E-08 1.337952E-07 2.069197E-07 7.292938E-07 1.826906E-06 1.859623E-06 1.698892E-06
478 2.220536E+02 5.178571E-01 1.455859E+00 4.249191E-09 1.028967E-08 4.459774E-08 1.300349E-07 2.011043E-07 7.087973E-07 1.775562E-06 1.807359E-06 1.651145E-06
479 2.225714E+02 5.178571E-01 1.455859E+00 4.129792E-09 1.000053E-08 4.334458E-08 1.263811E-07 1.954534E-07 6.888806E-07 1.725670E-06 1.756574E-06 1.604749E-06
480 2.230893E+02 5.178571E-01 1.455859E+00 4.013770E-09 9.719580E-09 4.212686E-08 1.228305E-07 1.899624E-07 6.695272E-07 1.677189E-06 1.707225E-06 1.559665E-06
481 2.236071E+02 5.178571E-01 1.455859E+00 3.901029E-09 9.446571E-09 4.094357E-08 1.193804E-07 1.846266E-07 6.507212E-07 1.630079E-06 1.659271E-06 1.515857E-06
482 2.241250E+02 5.178571E-01 1.455859E+00 3.791475E-09 9.181280E-09 3.979374E-08 1.160278E-07 1.794417E-07 6.324468E-07 1.584301E-06 1.612673E-06 1.473286E-06
483 2.246429E+02 5.178571E-01 1.455859E+00 3.685019E-09 8.923488E-09 3.867642E-08 1.127700E-07 1.744033E-07 6.146890E-07 1.539817E-06 1.567393E-06 1.431920E-06
484 2.251607E+02 5.178571E-01 1.455859E+00 3.581570E-09 8.672982E-09 3.759067E-08 1.096042E-07 1.695074E-07 5.974330E-07 1.496591E-06 1.523392E-06 1.391722E-06
485 2.256786E+02 5.178571E-01 1.455859E+00 3.481045E-09 8.429555E-09 3.653560E-08 1.065279E-07 1.647497E-07 5.806646E-07 1.454585E-06 1.480634E-06 1.352660E-06
486 2.261964E+02 5.178571E-01 1.455859E+00 3.383360E-09 8.193004E-09 3.551033E-08 1.035385E-07 1.601265E-07 5.643700E-07 1.413767E-06 1.439085E-06 1.314701E-06
487 2.267143E+02 5.178571E-01 1.455859E+00 3.288433E-09 7.963134E-09 3.451402E-08 1.006336E-07 1.556339E-07 5.485355E-07 1.374101E-06 1.398708E-06 1.277815E-06
488 2.272321E+02 5.178571E-01 1.455859E+00 3.196187E-09 7.739755E-09 3.354585E-08 9.781062E-08 1.512681E-07 5.331482E-07 1.335555E-06 1.359472E-06 1.241970E-06
489 2.277500E+02 5.178571E-01 1.455859E+00 3.106546E-09 7.522683E-09 3.260501E-08 9.506738E-08 1.470256E-07 5.181954E-07 1.298098E-06 1.321344E-06 1.207137E-06
490 2.282679E+02 5.178571E-01 1.455859E+00 3.019435E-09 7.311738E-09 3.169073E-08 9.240158E-08 1.429028E-07 5.036645E-07 1.261697E-06 1.284292E-06 1.173288E-06
491 2.287857E+02 5.178571E-01 1.455859E+00 2.934782E-09 7.106746E-09 3.080224E-08 8.981100E-08 1.388964E-07 4.895438E-07 1.226324E-06 1.248286E-06 1.140393E-06
492 2.293036E+02 5.178571E-01 1.455859E+00 2.852517E-09 6.907537E-09 2.993883E-08 8.729352E-08 1.350030E-07 4.758214E-07 1.191949E-06 1.213295E-06 1.108427E-06
493 2.298214E+02 5.178571E-01 1.455859E+00 2.772573E-09 6.713948E-09 2.909977E-08 8.484704E-08 1.312194E-07 4.624861E-07 1.158544E-06 1.179291E-06 1.077363E-06
494 2.303393E+02 5.178571E-01 1.455859E+00 2.694883E-09 6.525818E-09 2.828437E-08 8.246956E-08 1.275425E-07 4.495269E-07 1.126081E-06 1.146247E-06 1.047174E-06
495 2.308571E+02 5.178571E-01 1.455859E+00 2.619384E-09 6.342992E-09 2.749196E-08 8.015912E-08 1.239693E-07 4.369331E-07 1.094533E-06 1.114134E-06 1.017837E-06
496 2.313750E+02 5.178571E-01 1.455859E+00 2.546013E-09 6.165320E-09 2.672189E-08 7.791380E-08 1.204969E-07 4.246942E-07 1.063874E-06 1.082926E-06 9.893263E-07
497 2.318929E+02 5.178571E-01 1.455859E+00 2.474710E-09 5.992655E-09 2.597352E-08 7.573176E-08 1.171222E-07 4.128003E-07 1.034079E-06 1.052598E-06 9.616195E-07
498 2.324107E+02 5.178571E-01 1.455859E+00 2.405416E-09 5.824856E-09 2.524624E-08 7.361121E-08 1.138427E-07 4.012416E-07 1.005124E-06 1.023124E-06 9.346933E-07
499 2.329286E+02 5.178571E-01 1.455859E+00 2.338074E-09 5.661783E-09 2.453945E-08 7.155039E-08 1.106556E-07 3.900084E-07 9.769848E-07 9.944808E-07 9.085256E-07
500 2.334464E+02 5.178571E-01 1.455859E+00 2.272629E-09 5.503303E-09 2.385256E-08 6.954761E-08 1.075582E-07 3.790916E-07 9.496378E-07 9.666442E-07 8.830949E-07
501 2.339643E+02 5.178571E-01 1.455859E+00 2.209026E-09 5.349286E-09 2.318501E-08 6.760123E-08 1.045480E-07 3.684822E-07 9.230609E-07 9.395913E-07 8.583803E-07
502 2.344821E+02 5.178571E-01 1.455859E+00 2.147214E-09 5.199604E-09 2.253626E-08 6.570963E-08 1.016226E-07 3.581715E-07 8.972322E-07 9.133000E-07 8.343615E-07
503 2.350000E+02 5.178571E-01 1.455859E+00 2.087141E-09 5.054135E-09 2.190577E-08 6.387128E-08 9.877953E-08 3.481510E-07 8.721304E-07 8.877487E-07 8.110186E-07
504 2.355179E+02 5.178571E-01 1.455859E+00 2.028759E-09 4.912760E-09 2.129301E-08 6.208466E-08 9.601645E-08 3.384124E-07 8.477350E-07 8.629164E-07 7.883326E-07
505 2.360357E+02 5.178571E-01 1.455859E+00 1.972020E-09 4.775362E-09 2.069750E-08 6.034830E-08 9.333110E-08 3.289478E-07 8.240259E-07 8.387827E-07 7.662848E-07
506 2.365536E+02 5.178571E-01 1.455859E+00 1.916876E-09 4.641828E-09 2.011873E-08 5.866078E-08 9.072128E-08 3.197495E-07 8.009836E-07 8.153278E-07 7.448572E-07
507 2.370714E+02 5.178571E-01 1.455859E+00 1.863283E-09 4.512050E-09 1.955624E-08 5.702071E-08 8.818484E-08 3.108097E-07 7.785893E-07 7.925325E-07 7.240321E-07
508 2.375893E+02 5.178571E-01 1.455859E+00 1.811197E-09 4.385920E-09 1.900957E-08 5.542675E-08 8.571972E-08 3.021214E-07 7.568246E-07 7.703780E-07 7.037925E-07
509 2.381071E+02 5.178571E-01 1.455859E+00 1.760575E-09 4.263335E-09 1.847826E-08 5.387760E-08 8.332389E-08 2.936772E-07 7.356717E-07 7.488462E-07 6.841218E-07
510 2.386250E+02 5.178571E-01 1.455859E+00 1.711375E-09 4.144195E-09 1.796188E-08 5.237198E-08 8.099539E-08 2.854703E-07 7.151132E-07 7.279196E-07 6.650039E-07
511 2.391429E+02 5.178571E-01 1.455859E+00 1.663558E-09 4.028403E-09 1.746001E-08 5.090866E-08 7.873231E-08 2.774940E-07 6.951323E-07 7.075809E-07 6.464231E-07
512 2.396607E+02 5.178571E-01 1.455859E+00 1.617084E-09 3.915863E-09 1.697224E-08 4.948645E-08 7.653280E-08 2.697418E-07 6.757127E-07 6.878135E-07 6.283643E-07
513 2.401786E+02 5.178571E-01 1.455859E+00 1.571915E-09 3.806484E-09 1.649816E-08 4.810418E-08 7.439506E-08 2.622073E-07 6.568385E-07 6.686013E-07 6.108126E-07
514 2.406964E+02 5.178571E-01 1.455859E+00 1.528014E-09 3.700176E-09 1.603740E-08 4.676072E-08 7.231735E-08 2.548843E-07 6.384942E-07 6.499285E-07 5.937537E-07
515 2.412143E+02 5.178571E-01 1.455859E+00 1.485346E-09 3.596853E-09 1.558957E-08 4.545497E-08 7.029796E-08 2.477670E-07 6.206649E-07 6.317799E-07 5.771738E-07
516 2.417321E+02 5.178571E-01 1.455859E+00 1.443875E-09 3.496429E-09 1.515431E-08 4.418588E-08 6.833525E-08 2.408493E-07 6.033360E-07 6.141407E-07 5.610592E-07
517 2.422500E+02 5.178571E-01 1.455859E+00 1.403568E-09 3.398823E-09 1.473127E-08 4.295239E-08 6.642761E-08 2.341258E-07 5.864934E-07 5.969964E-07 5.453967E-07
518 2.427679E+02 5.178571E-01 1.455859E+00 1.364392E-09 3.303956E-09 1.432009E-08 4.175351E-08 6.457350E-08 2.275909E-07 5.701233E-07 5.803332E-07 5.301737E-07
519 2.432857E+02 5.178571E-01 1.455859E+00 1.326315E-09 3.211749E-09 1.392045E-08 4.058826E-08 6.277139E-08 2.212394E-07 5.542123E-07 5.641373E-07 5.153777E-07
520 2.438036E+02 5.178571E-01 1.455859E+00 1.289305E-09 3.122129E-09 1.353201E-08 3.945568E-08 6.101981E-08 2.150659E-07 5.387476E-07 5.483956E-07 5.009966E-07
521 2.443214E+02 5.178571E-01 1.455859E+00 1.253334E-09 3.035021E-09 1.315447E-08 3.835486E-08 5.931735E-08 2.090655E-07 5.237165E-07 5.330953E-07 4.870187E-07
522 2.448393E+02 5.178571E-01 1.455859E+00 1.218370E-09 2.950355E-09 1.278750E-08 3.728490E-08 5.766261E-08 2.032334E-07 5.091067E-07 5.182239E-07 4.734326E-07
523 2.453571E+02 5.178571E-01 1.455859E+00 1.184387E-09 2.868062E-09 1.243083E-08 3.624493E-08 5.605425E-08 1.975646E-07 4.949064E-07 5.037693E-07 4.602274E-07
524 2.458750E+02 5.178571E-01 1.455859E+00 1.151355E-09 2.788075E-09 1.208415E-08 3.523410E-08 5.449096E-08 1.920548E-07 4.811040E-07 4.897197E-07 4.473921E-07
525 2.463929E+02 5.178571E-01 1.455859E+00 1.119250E-09 2.710328E-09 1.174718E-08 3.425159E-08 5.297147E-08 1.866993E-07 4.676883E-07 4.760637E-07 4.349165E-07
526 2.469107E+02 5.178571E-01 1.455859E+00 1.088043E-09 2.634760E-09 1.141965E-08 3.329659E-08 5.149453E-08 1.814938E-07 4.546483E-07 4.627903E-07 4.227903E-07
527 2.474286E+02 5.178571E-01 1.455859E+00 1.057710E-09 2.561308E-09 1.110129E-08 3.236835E-08 5.005896E-08 1.764341E-07 4.419736E-07 4.498886E-07 4.110037E-07
528 2.479464E+02 5.178571E-01 1.455859E+00 1.028227E-09 2.489912E-09 1.079184E-08 3.146609E-08 4.866359E-08 1.715161E-07 4.296538E-07 4.373481E-07 3.995471E-07
529 2.484643E+02 5.178571E-01 1.455859E+00 9.995693E-10 2.420516E-09 1.049106E-08 3.058910E-08 4.730728E-08 1.667357E-07 4.176788E-07 4.251587E-07 3.884113E-07
530 2.489821E+02 5.178571E-01 1.455859E+00 9.717135E-10 2.353061E-09 1.019870E-08 2.973665E-08 4.598893E-08 1.620892E-07 4.060390E-07 4.133105E-07 3.775871E-07
531 2.495000E+02 5.178571E-01 1.455859E+00 9.446373E-10 2.287495E-09 9.914519E-09 2.890805E-08 4.470748E-08 1.575726E-07 3.947250E-07 4.017938E-07 3.670659E-07
532 2.500179E+02 5.178571E-01 1.455859E+00 9.183187E-10 2.223763E-09 9.638290E-09 2.810264E-08 4.346188E-08 1.531825E-07 3.837275E-07 3.905994E-07 3.568390E-07
533 2.505357E+02 5.178571E-01 1.455859E+00 8.927363E-10 2.161813E-09 9.369788E-09 2.731977E-08 4.225112E-08 1.489152E-07 3.730377E-07 3.797182E-07 3.468983E-07
534 2.510536E+02 5.178571E-01 1.455859E+00 8.678695E-10 2.101597E-09 9.108796E-09 2.655878E-08 4.107424E-08 1.447672E-07 3.626469E-07 3.691413E-07 3.372356E-07
535 2.515714E+02 5.178571E-01 1.455859E+00 8.436981E-10 2.043064E-09 8.855103E-09 2.581908E-08 3.993026E-08 1.407352E-07 3.525467E-07 3.588601E-07 3.278431E-07
536 2.520893E+02 5.178571E-01 1.455859E+00 8.202025E-10 1.986168E-09 8.608503E-09 2.510006E-08 3.881827E-08 1.368160E-07 3.427288E-07 3.488665E-07 3.187132E-07
537 2.526071E+02 5.178571E-01 1.455859E+00 7.973637E-10 1.930863E-09 8.368797E-09 2.440115E-08 3.773736E-08 1.330063E-07 3.331855E-07 3.391522E-07 3.098385E-07
538 2.531250E+02 5.178571E-01 1.455859E+00 7.751634E-10 1.877104E-09 8.135791E-09 2.372176E-08 3.668667E-08 1.293031E-07 3.239088E-07 3.297095E-07 3.012119E-07
539 2.536429E+02 5.178571E-01 1.455859E+00 7.535834E-10 1.824846E-09 7.909297E-09 2.306137E-08 3.566534E-08 1.257034E-07 3.148915E-07 3.205306E-07 2.928264E-07
540 2.541607E+02 5.178571E-01 1.455859E+00 7.326064E-10 1.774049E-09 7.689131E-09 2.241943E-08 3.467255E-08 1.222043E-07 3.061260E-07 3.116082E-07 2.846752E-07
541 2.546786E+02 5.178571E-01 1.455859E+00 7.122155E-10 1.724672E-09 7.475116E-09 2.179542E-08 3.370749E-08 1.188029E-07 2.976055E-07 3.029351E-07 2.767517E-07
542 2.551964E+02 5.178571E-01 1.455859E+00 6.923941E-10 1.676673E-09 7.267079E-09 2.118884E-08 3.276940E-08 1.154966E-07 2.893230E-07 2.945042E-07 2.690496E-07
543 2.557143E+02 5.178571E-01 1.455859E+00 6.731263E-10 1.630015E-09 7.064853E-09 2.059920E-08 3.185750E-08 1.122826E-07 2.812718E-07 2.863088E-07 2.615625E-07
544 2.562321E+02 5.178571E-01 1.455859E+00 6.543966E-10 1.584660E-09 6.868273E-09 2.002603E-08 3.097106E-08 1.091583E-07 2.734454E-07 2.783423E-07 2.542845E-07
545 2.567500E+02 5.178571E-01 1.455859E+00 6.361898E-10 1.540571E-09 6.677182E-09 1.946886E-08 3.010937E-08 1.061213E-07 2.658375E-07 2.705982E-07 2.472098E-07
546 2.572679E+02 5.178571E-01 1.455859E+00 6.184912E-10 1.497713E-09 6.491425E-09 1.892724E-08 2.927174E-08 1.031690E-07 2.584420E-07 2.630702E-07 2.403325E-07
547 2.577857E+02 5.178571E-01 1.455859E+00 6.012866E-10 1.456051E-09 6.310853E-09 1.840074E-08 2.845749E-08 1.002992E-07 2.512529E-07 2.557524E-07 2.336471E-07
548 2.583036E+02 5.178571E-01 1.455859E+00 5.845622E-10 1.415552E-09 6.135321E-09 1.788893E-08 2.766596E-08 9.750939E-08 2.442645E-07 2.486388E-07 2.271484E-07
549 2.588214E+02 5.178571E-01 1.455859E+00 5.683044E-10 1.376182E-09 5.964686E-09 1.739141E-08 2.689652E-08 9.479748E-08 2.374710E-07 2.417237E-07 2.208310E-07
550 2.593393E+02 5.178571E-01 1.455859E+00 5.525002E-10 1.337912E-09 5.798812E-09 1.690777E-08 2.614855E-08 9.216122E-08 2.308671E-07 2.350015E-07 2.146898E-07
551 2.598571E+02 5.178571E-01 1.455859E+00 5.371369E-10 1.300709E-09 5.637565E-09 1.643761E-08 2.542144E-08 8.959850E-08 2.244474E-07 2.284668E-07 2.087199E-07
552 2.603750E+02 5.178571E-01 1.455859E+00 5.222021E-10 1.264543E-09 5.480815E-09 1.598057E-08 2.471461E-08 8.710726E-08 2.182067E-07 2.221144E-07 2.029166E-07
553 2.608929E+02 5.178571E-01 1.455859E+00 5.076838E-10 1.229386E-09 5.328437E-09 1.553628E-08 2.402749E-08 8.468550E-08 2.121401E-07 2.159392E-07 1.972751E-07
554 2.614107E+02 5.178571E-01 1.455859E+00 4.935703E-10 1.195209E-09 5.180308E-09 1.510438E-08 2.335953E-08 8.233126E-08 2.062427E-07 2.099361E-07 1.917909E-07
555 2.619286E+02 5.178571E-01 1.455859E+00 4.798503E-10 1.161986E-09 5.036309E-09 1.468451E-08 2.271020E-08 8.004267E-08 2.005097E-07 2.041005E-07 1.864596E-07
556 2.624464E+02 5.178571E-01 1.455859E+00 4.665128E-10 1.129688E-09 4.896324E-09 1.427635E-08 2.207896E-08 7.781787E-08 1.949365E-07 1.984275E-07 1.812769E-07
557 2.629643E+02 5.178571E-01 1.455859E+00 4.535471E-10 1.098291E-09 4.760241E-09 1.387957E-08 2.146532E-08 7.565508E-08 1.895186E-07 1.929126E-07 1.762387E-07
558 2.634821E+02 5.178571E-01 1.455859E+00 4.409426E-10 1.067768E-09 4.627950E-09 1.349385E-08 2.086879E-08 7.355257E-08 1.842518E-07 1.875514E-07 1.713409E-07
559 2.640000E+02 5.178571E-01 1.455859E+00 4.286895E-10 1.038097E-09 4.499346E-09 1.311887E-08 2.028887E-08 7.150865E-08 1.791317E-07 1.823396E-07 1.665796E-07
560 2.645179E+02 5.178571E-01 1.455859E+00 4.167777E-10 1.009252E-09 4.374325E-09 1.275435E-08 1.972512E-08 6.952167E-08 1.741542E-07 1.772730E-07 1.619509E-07
561 2.650357E+02 5.178571E-01 1.455859E+00 4.051978E-10 9.812102E-10 4.252787E-09 1.239998E-08 1.917706E-08 6.759006E-08 1.693155E-07 1.723476E-07 1.574512E-07
562 2.655536E+02 5.178571E-01 1.455859E+00 3.939404E-10 9.539499E-10 4.134634E-09 1.205548E-08 1.864428E-08 6.571225E-08 1.646115E-07 1.675594E-07 1.530769E-07
563 2.660714E+02 5.178571E-01 1.455859E+00 3.829967E-10 9.274489E-10 4.019773E-09 1.172057E-08 1.812634E-08 6.388674E-08 1.600385E-07 1.629045E-07 1.488243E-07
564 2.665893E+02 5.178571E-01 1.455859E+00 3.723576E-10 9.016859E-10 3.908110E-09 1.139499E-08 1.762282E-08 6.211207E-08 1.555929E-07 1.583793E-07 1.446902E-07
565 2.671071E+02 5.178571E-01 1.455859E+00 3.620149E-10 8.766403E-10 3.799557E-09 1.107848E-08 1.713332E-08 6.038682E-08 1.512711E-07 1.539801E-07 1.406713E-07
566 2.676250E+02 5.178571E-01 1.455859E+00 3.519601E-10 8.522920E-10 3.694026E-09 1.077078E-08 1.665745E-08 5.870961E-08 1.470696E-07 1.497034E-07 1.367642E-07
567 2.681429E+02 5.178571E-01 1.455859E+00 3.421852E-10 8.286216E-10 3.591433E-09 1.047165E-08 1.619483E-08 5.707909E-08 1.429851E-07 1.455457E-07 1.329659E-07
568 2.686607E+02 5.178571E-01 1.455859E+00 3.326825E-10 8.056102E-10 3.491697E-09 1.018084E-08 1.574509E-08 5.549396E-08 1.390143E-07 1.415038E-07 1.292733E-07
569 2.691786E+02 5.178571E-01 1.455859E+00 3.234442E-10 7.832392E-10 3.394736E-09 9.898131E-09 1.530786E-08 5.395295E-08 1.351540E-07 1.375744E-07 1.256835E-07
570 2.696964E+02 5.178571E-01 1.455859E+00 3.144631E-10 7.614909E-10 3.300474E-09 9.623288E-09 1.488280E-08 5.245483E-08 1.314012E-07 1.337543E-07 1.221937E-07
571 2.702143E+02 5.178571E-01 1.455859E+00 3.057319E-10 7.403477E-10 3.208834E-09 9.356093E-09 1.446958E-08 5.099839E-08 1.277528E-07 1.300406E-07 1.188009E-07
572 2.707321E+02 5.178571E-01 1.455859E+00 2.972437E-10 7.197929E-10 3.119745E-09 9.096333E-09 1.406785E-08 4.958249E-08 1.242059E-07 1.264302E-07 1.155025E-07
573 2.712500E+02 5.178571E-01 1.455859E+00 2.889916E-10 6.998100E-10 3.033135E-09 8.843800E-09 1.367730E-08 4.820598E-08 1.207577E-07 1.229202E-07 1.122960E-07
574 2.717679E+02 5.178571E-01 1.455859E+00 2.809690E-10 6.803830E-10 2.948934E-09 8.598293E-09 1.329761E-08 4.686776E-08 1.174054E-07 1.195079E-07 1.091786E-07
575 2.722857E+02 5.178571E-01 1.455859E+00 2.731697E-10 6.614964E-10 2.867075E-09 8.359615E-09 1.292848E-08 4.556677E-08 1.141464E-07 1.161905E-07 1.061479E-07
576 2.728036E+02 5.178571E-01 1.455859E+00 2.655873E-10 6.431352E-10 2.787493E-09 8.127576E-09 1.256963E-08 4.430197E-08 1.109780E-07 1.129654E-07 1.032016E-07
577 2.733214E+02 5.178571E-01 1.455859E+00 2.582158E-10 6.252846E-10 2.710125E-09 7.901990E-09 1.222075E-08 4.307234E-08 1.078977E-07 1.098300E-07 1.003371E-07
578 2.738393E+02 5.178571E-01 1.455859E+00 2.510492E-10 6.079304E-10 2.634908E-09 7.682678E-09 1.188157E-08 4.187691E-08 1.049031E-07 1.067818E-07 9.755237E-08
579 2.743571E+02 5.178571E-01 1.455859E+00 2.440820E-10 5.910588E-10 2.561783E-09 7.469464E-09 1.155183E-08 4.071472E-08 1.019918E-07 1.038183E-07 9.484505E-08
580 2.748750E+02 5.178571E-01 1.455859E+00 2.373084E-10 5.746563E-10 2.490690E-09 7.262179E-09 1.123125E-08 3.958484E-08 9.916142E-08 1.009372E-07 9.221300E-08
581 2.753929E+02 5.178571E-01 1.455859E+00 2.307232E-10 5.587098E-10 2.421575E-09 7.060657E-09 1.091959E-08 3.848638E-08 9.640973E-08 9.813626E-08 8.965412E-08
582 2.759107E+02 5.178571E-01 1.455859E+00 2.243211E-10 5.432067E-10 2.354381E-09 6.864736E-09 1.061659E-08 3.741845E-08 9.373454E-08 9.541316E-08 8.716639E-08
583 2.764286E+02 5.178571E-01 1.455859E+00 2.180969E-10 5.281345E-10 2.289054E-09 6.674262E-09 1.032202E-08 3.638021E-08 9.113371E-08 9.276575E-08 8.474780E-08
584 2.769464E+02 5.178571E-01 1.455859E+00 2.120457E-10 5.134812E-10 2.225543E-09 6.489082E-09 1.003563E-08 3.537083E-08 8.860517E-08 9.019193E-08 8.239645E-08
585 2.774643E+02 5.178571E-01 1.455859E+00 2.061627E-10 4.992351E-10 2.163798E-09 6.309049E-09 9.757200E-09 3.438950E-08 8.614691E-08 8.768965E-08 8.011044E-08
586 2.779821E+02 5.178571E-01 1.455859E+00 2.004432E-10 4.853850E-10 2.103768E-09 6.134019E-09 9.486509E-09 3.343545E-08 8.375696E-08 8.525690E-08 7.788796E-08
587 2.785000E+02 5.178571E-01 1.455859E+00 1.948827E-10 4.719198E-10 2.045407E-09 5.963853E-09 9.223341E-09 3.250790E-08 8.143343E-08 8.289176E-08 7.572724E-08
588 2.790179E+02 5.178571E-01 1.455859E+00 1.894766E-10 4.588287E-10 1.988667E-09 5.798415E-09 8.967484E-09 3.160613E-08 7.917446E-08 8.059233E-08 7.362656E-08
589 2.795357E+02 5.178571E-01 1.455859E+00 1.842207E-10 4.461013E-10 1.933504E-09 5.637574E-09 8.718737E-09 3.072941E-08 7.697825E-08 7.835679E-08 7.158424E-08
590 2.800536E+02 5.178571E-01 1.455859E+00 1.791109E-10 4.337275E-10 1.879873E-09 5.481201E-09 8.476900E-09 2.987705E-08 7.484306E-08 7.618336E-08 6.959867E-08
