0 -2.548214E+01 5.178571E-01 0.000000E+00 0.000000E+00 0.000000E+00 0.000000E+00 0.000000E+00 0.000000E+00 0.000000E+00 0.000000E+00 0.000000E+00 0.000000E+00
1 -2.496429E+01 5.178571E-01 0.000000E+00 0.000000E+00 0.000000E+00 0.000000E+00 0.000000E+00 0.000000E+00 0.000000E+00 0.000000E+00 0.000000E+00 0.000000E+00
2 -2.444643E+01 5.178571E-01 1.689209E-01 3.373295E-08 2.722877E-08 2.950391E-08 3.225953E-08 2.585846E-08 2.260893E-08 1.549513E-08 6.833960E-09 3.386058E-09
3 -2.392857E+01 5.178571E-01 3.468894E+00 5.607629E-07 4.526401E-07 4.904611E-07 5.362695E-07 4.298607E-07 3.758418E-07 2.575848E-07 1.136050E-07 5.628846E-08
4 -2.341071E+01 5.178571E-01 8.093230E+00 1.526304E-06 1.232011E-06 1.334954E-06 1.459636E-06 1.170009E-06 1.022979E-06 7.011030E-07 3.092139E-07 1.532078E-07
5 -2.289286E+01 5.178571E-01 9.522322E+00 2.524154E-06 2.037462E-06 2.207705E-06 2.413902E-06 1.934926E-06 1.691771E-06 1.159463E-06 5.113685E-07 2.533704E-07
6 -2.237500E+01 5.178571E-01 9.099507E+00 3.493725E-06 2.820087E-06 3.055724E-06 3.341124E-06 2.678164E-06 2.341610E-06 1.604832E-06 7.077941E-07 3.506944E-07
7 -2.185714E+01 5.178571E-01 5.812589E+00 4.093113E-06 3.303905E-06 3.579967E-06 3.914331E-06 3.137633E-06 2.743339E-06 1.880159E-06 8.292241E-07 4.108600E-07
8 -2.133929E+01 5.178571E-01 3.978590E+00 4.481346E-06 3.617281E-06 3.919528E-06 4.285607E-06 3.435239E-06 3.003546E-06 2.058493E-06 9.078763E-07 4.498302E-07
9 -2.082143E+01 5.178571E-01 4.759281E+00 5.171995E-06 4.174763E-06 4.523592E-06 4.946089E-06 3.964666E-06 3.466441E-06 2.375741E-06 1.047795E-06 5.191564E-07
10 -2.030357E+01 5.178571E-01 4.781279E+00 6.021502E-06 4.860473E-06 5.266597E-06 5.758490E-06 4.615867E-06 4.035809E-06 2.765959E-06 1.219896E-06 6.044284E-07
11 -1.978571E+01 5.178571E-01 4.000323E+00 6.786496E-06 5.477966E-06 5.935685E-06 6.490070E-06 5.202283E-06 4.548533E-06 3.117356E-06 1.374877E-06 6.812172E-07
12 -1.926786E+01 5.178571E-01 3.002535E+00 7.324503E-06 5.912238E-06 6.406244E-06 7.004578E-06 5.614701E-06 4.909123E-06 3.364489E-06 1.483872E-06 7.352216E-07
13 -1.875000E+01 5.178571E-01 1.816319E+00 7.455656E-06 6.018103E-06 6.520955E-06 7.130002E-06 5.715238E-06 4.997026E-06 3.424734E-06 1.510442E-06 7.483865E-07
14 -1.823214E+01 5.178571E-01 1.559247E+00 7.547689E-06 6.092390E-06 6.601449E-06 7.218015E-06 5.785787E-06 5.058709E-06 3.467008E-06 1.529087E-06 7.576246E-07
15 -1.771429E+01 5.178571E-01 1.966781E+00 7.947487E-06 6.415102E-06 6.951126E-06 7.600350E-06 6.092258E-06 5.326667E-06 3.650655E-06 1.610082E-06 7.977557E-07
16 -1.719643E+01 5.178571E-01 2.015504E+00 8.449092E-06 6.819991E-06 7.389845E-06 8.080046E-06 6.476770E-06 5.662859E-06 3.881065E-06 1.711702E-06 8.481059E-07
17 -1.667857E+01 5.178571E-01 1.837508E+00 8.899131E-06 7.183256E-06 7.783463E-06 8.510427E-06 6.821754E-06 5.964490E-06 4.087789E-06 1.802876E-06 8.932801E-07
18 -1.616071E+01 5.178571E-01 1.141606E+00 8.899900E-06 7.183877E-06 7.784136E-06 8.511163E-06 6.822343E-06 5.965006E-06 4.088143E-06 1.803031E-06 8.933573E-07
19 -1.564286E+01 5.178571E-01 2.494869E-01 8.254007E-06 6.662520E-06 7.219217E-06 7.893481E-06 6.327225E-06 5.532107E-06 3.791453E-06 1.672180E-06 8.285236E-07
20 -1.512500E+01 5.178571E-01 5.196387E-01 7.905105E-06 6.380892E-06 6.914057E-06 7.559820E-06 6.059770E-06 5.298262E-06 3.631187E-06 1.601496E-06 7.935015E-07
21 -1.460714E+01 5.178571E-01 1.213893E+00 8.211166E-06 6.627940E-06 7.181747E-06 7.852512E-06 6.294384E-06 5.503394E-06 3.771775E-06 1.663501E-06 8.242233E-07
22 -1.408929E+01 5.178571E-01 1.855092E+00 9.117343E-06 7.359394E-06 7.974319E-06 8.719109E-06 6.989028E-06 6.110743E-06 4.188024E-06 1.847083E-06 9.151839E-07
23 -1.357143E+01 5.178571E-01 2.431703E+00 1.058449E-05 8.543654E-06 9.257532E-06 1.012217E-05 8.113689E-06 7.094073E-06 4.861954E-06 2.144313E-06 1.062454E-06
24 -1.305357E+01 5.178571E-01 1.417508E+00 1.103216E-05 8.905007E-06 9.649078E-06 1.055029E-05 8.456856E-06 7.394116E-06 5.067589E-06 2.235006E-06 1.107390E-06
25 -1.253571E+01 5.178571E-01 1.479046E+00 1.160229E-05 9.365209E-06 1.014773E-05 1.109552E-05 8.893899E-06 7.776237E-06 5.329477E-06 2.350509E-06 1.164619E-06
26 -1.201786E+01 5.178571E-01 1.464872E+00 1.220694E-05 9.853273E-06 1.067658E-05 1.167375E-05 9.357401E-06 8.181492E-06 5.607221E-06 2.473005E-06 1.225312E-06
27 -1.150000E+01 5.178571E-01 1.416098E+00 1.280187E-05 1.033350E-05 1.119693E-05 1.224270E-05 9.813457E-06 8.580238E-06 5.880503E-06 2.593533E-06 1.285031E-06
28 -1.098214E+01 5.178571E-01 1.361035E+00 1.337586E-05 1.079681E-05 1.169895E-05 1.279161E-05 1.025345E-05 8.964938E-06 6.144159E-06 2.709816E-06 1.342646E-06
29 -1.046429E+01 5.178571E-01 1.318894E+00 1.394308E-05 1.125466E-05 1.219506E-05 1.333406E-05 1.068826E-05 9.345112E-06 6.404713E-06 2.824730E-06 1.399583E-06
30 -9.946429E+00 5.178571E-01 1.340837E+00 1.431064E-05 1.155135E-05 1.251654E-05 1.368557E-05 1.063221E-05 9.296099E-06 6.371122E-06 2.809915E-06 1.392243E-06
31 -9.428571E+00 5.178571E-01 1.447778E+00 1.458428E-05 1.177223E-05 1.275588E-05 1.394726E-05 9.648569E-06 8.436070E-06 5.781697E-06 2.549956E-06 1.263440E-06
32 -8.910714E+00 5.178571E-01 1.529898E+00 1.499747E-05 1.210575E-05 1.311726E-05 1.434240E-05 8.760631E-06 7.659717E-06 5.249620E-06 2.315289E-06 1.147168E-06
33 -8.392857E+00 5.178571E-01 1.553286E+00 1.546459E-05 1.248280E-05 1.352582E-05 1.478911E-05 7.958249E-06 6.958166E-06 4.768809E-06 2.103232E-06 1.042099E-06
34 -7.875000E+00 5.178571E-01 1.520767E+00 1.590643E-05 1.283945E-05 1.391227E-05 1.521165E-05 7.232209E-06 6.323365E-06 4.333746E-06 1.911352E-06 9.470275E-07
35 -7.357143E+00 5.178571E-01 1.432925E+00 1.624703E-05 1.311438E-05 1.421017E-05 1.553738E-05 6.574111E-06 5.747968E-06 3.939395E-06 1.737428E-06 8.608523E-07
36 -6.839286E+00 5.178571E-01 1.443251E+00 1.661600E-05 1.341221E-05 1.453289E-05 1.589024E-05 5.979298E-06 5.227903E-06 3.582966E-06 1.580229E-06 7.829641E-07
37 -6.321429E+00 5.178571E-01 1.438639E+00 1.698814E-05 1.371259E-05 1.485837E-05 1.624612E-05 5.441437E-06 4.757632E-06 3.260664E-06 1.438081E-06 7.125334E-07
38 -5.803571E+00 5.178571E-01 1.436477E+00 1.736413E-05 1.401608E-05 1.518722E-05 1.660568E-05 4.955142E-06 4.332449E-06 2.969263E-06 1.309561E-06 6.488552E-07
39 -5.285714E+00 5.178571E-01 1.438731E+00 1.774818E-05 1.432608E-05 1.552312E-05 1.697296E-05 4.515595E-06 3.948138E-06 2.705873E-06 1.193396E-06 5.912983E-07
40 -4.767857E+00 5.178571E-01 1.446275E+00 1.814623E-05 1.464739E-05 1.587127E-05 1.735363E-05 4.118464E-06 3.600912E-06 2.467901E-06 1.088441E-06 5.392956E-07
41 -4.250000E+00 5.178571E-01 1.458259E+00 1.856332E-05 1.498405E-05 1.623607E-05 1.775249E-05 3.759821E-06 3.287339E-06 2.252992E-06 9.936579E-07 4.923328E-07
42 -3.732143E+00 5.178571E-01 1.468803E+00 1.899596E-05 1.533328E-05 1.661447E-05 1.816624E-05 3.435994E-06 3.004206E-06 2.058946E-06 9.080759E-07 4.499291E-07
43 -3.214286E+00 5.178571E-01 1.469851E+00 1.942894E-05 1.568277E-05 1.699317E-05 1.858031E-05 3.143479E-06 2.748450E-06 1.883662E-06 8.307689E-07 4.116254E-07
44 -2.696429E+00 5.178571E-01 1.463741E+00 1.985145E-05 1.602382E-05 1.736271E-05 1.898436E-05 2.879146E-06 2.517335E-06 1.725266E-06 7.609102E-07 3.770121E-07
45 -2.178571E+00 5.178571E-01 1.455398E+00 2.026084E-05 1.635427E-05 1.772078E-05 1.937587E-05 2.640271E-06 2.308478E-06 1.582126E-06 6.977795E-07 3.457324E-07
46 -1.660714E+00 5.178571E-01 1.449695E+00 2.066229E-05 1.667831E-05 1.807190E-05 1.975979E-05 2.424498E-06 2.119821E-06 1.452828E-06 6.407544E-07 3.174779E-07
47 -1.142857E+00 5.178571E-01 1.451943E+00 2.106937E-05 1.700690E-05 1.842794E-05 2.014908E-05 2.229828E-06 1.949615E-06 1.336177E-06 5.893064E-07 2.919867E-07
48 -6.250000E-01 5.178571E-01 1.452587E+00 2.147929E-05 1.733778E-05 1.878647E-05 2.054110E-05 2.054228E-06 1.796081E-06 1.230952E-06 5.428981E-07 2.689926E-07
49 -1.071429E-01 5.178571E-01 1.453917E+00 2.189333E-05 1.767200E-05 1.914861E-05 2.093706E-05 1.895912E-06 1.657660E-06 1.136085E-06 5.010579E-07 2.482618E-07
50 4.107143E-01 5.178571E-01 1.455528E+00 2.231211E-05 1.801003E-05 1.951488E-05 2.133754E-05 1.753257E-06 1.532932E-06 1.050602E-06 4.633566E-07 2.295817E-07
51 9.285714E-01 5.178571E-01 1.457047E+00 2.273561E-05 1.835187E-05 1.988529E-05 2.174254E-05 1.624785E-06 1.420605E-06 9.736175E-07 4.294035E-07 2.127588E-07
52 1.446429E+00 5.178571E-01 1.457972E+00 2.316297E-05 1.869683E-05 2.025907E-05 2.215124E-05 1.509145E-06 1.319497E-06 9.043229E-07 3.988419E-07 1.976163E-07
53 1.964286E+00 5.178571E-01 1.457851E+00 2.359261E-05 1.904363E-05 2.063485E-05 2.256211E-05 1.405103E-06 1.228529E-06 8.419779E-07 3.713453E-07 1.839924E-07
54 2.482143E+00 5.178571E-01 1.456768E+00 2.402313E-05 1.939114E-05 2.101140E-05 2.297383E-05 1.311542E-06 1.146726E-06 7.859136E-07 3.466187E-07 1.717410E-07
55 3.000000E+00 5.178571E-01 1.455568E+00 2.445480E-05 1.973958E-05 2.138895E-05 2.338664E-05 1.227474E-06 1.073222E-06 7.355373E-07 3.244008E-07 1.607326E-07
56 3.517857E+00 5.178571E-01 1.454871E+00 2.488898E-05 2.009004E-05 2.176870E-05 2.380186E-05 1.152020E-06 1.007250E-06 6.903231E-07 3.044596E-07 1.508522E-07
57 4.035714E+00 5.178571E-01 1.454888E+00 2.532739E-05 2.044392E-05 2.215214E-05 2.422112E-05 1.084393E-06 9.481215E-07 6.497992E-07 2.865870E-07 1.419967E-07
58 4.553571E+00 5.178571E-01 1.455405E+00 2.577125E-05 2.080220E-05 2.254036E-05 2.464560E-05 1.023875E-06 8.952089E-07 6.135353E-07 2.705932E-07 1.340722E-07
59 5.071429E+00 5.178571E-01 1.455700E+00 2.622032E-05 2.116468E-05 2.293313E-05 2.507505E-05 9.697970E-07 8.479264E-07 5.811300E-07 2.563012E-07 1.269909E-07
60 5.589286E+00 5.178571E-01 1.455982E+00 2.667479E-05 2.153152E-05 2.333062E-05 2.550967E-05 9.215579E-07 8.057493E-07 5.522238E-07 2.435524E-07 1.206742E-07
61 6.107143E+00 5.178571E-01 1.456160E+00 2.713469E-05 2.190275E-05 2.373287E-05 2.594948E-05 8.786125E-07 7.682007E-07 5.264896E-07 2.322026E-07 1.150506E-07
62 6.625000E+00 5.178571E-01 1.456205E+00 2.759998E-05 2.227833E-05 2.413982E-05 2.639445E-05 8.404660E-07 7.348479E-07 5.036312E-07 2.221211E-07 1.100555E-07
63 7.142857E+00 5.178571E-01 1.456116E+00 2.807064E-05 2.265823E-05 2.455147E-05 2.684454E-05 8.066707E-07 7.052995E-07 4.833801E-07 2.131896E-07 1.056302E-07
64 7.660714E+00 5.178571E-01 1.455940E+00 2.854672E-05 2.304252E-05 2.496787E-05 2.729983E-05 7.768227E-07 6.792024E-07 4.654943E-07 2.053013E-07 1.017217E-07
65 8.178571E+00 5.178571E-01 1.455766E+00 2.902849E-05 2.343140E-05 2.538925E-05 2.776056E-05 7.505595E-07 6.562396E-07 4.497566E-07 1.983603E-07 9.828262E-08
66 8.696429E+00 5.178571E-01 1.455683E+00 2.951641E-05 2.382524E-05 2.581600E-05 2.822717E-05 7.275557E-07 6.361266E-07 4.359721E-07 1.922808E-07 9.527038E-08
67 9.214286E+00 5.178571E-01 1.455703E+00 3.001093E-05 2.422441E-05 2.624852E-05 2.870009E-05 7.075180E-07 6.186070E-07 4.239650E-07 1.869852E-07 9.264652E-08
68 9.732143E+00 5.178571E-01 1.455785E+00 3.051239E-05 2.462918E-05 2.668711E-05 2.917965E-05 6.901796E-07 6.034474E-07 4.135753E-07 1.824029E-07 9.037613E-08
69 1.025000E+01 5.178571E-01 1.455866E+00 3.102099E-05 2.503972E-05 2.713195E-05 2.966603E-05 6.752973E-07 5.904353E-07 4.046574E-07 1.784698E-07 8.842735E-08
70 1.076786E+01 5.178571E-01 1.455904E+00 3.153682E-05 2.545609E-05 2.758311E-05 3.015933E-05 6.626497E-07 5.793770E-07 3.970786E-07 1.751272E-07 8.677120E-08
71 1.128571E+01 5.178571E-01 1.455921E+00 3.206003E-05 2.587842E-05 2.804073E-05 3.065969E-05 6.520372E-07 5.700982E-07 3.907193E-07 1.723225E-07 8.538155E-08
72 1.180357E+01 5.178571E-01 1.455913E+00 3.259076E-05 2.630681E-05 2.850491E-05 3.116723E-05 6.432796E-07 5.624411E-07 3.854714E-07 1.700080E-07 8.423477E-08
73 1.232143E+01 5.178571E-01 1.455889E+00 3.312915E-05 2.674140E-05 2.897581E-05 3.168211E-05 6.362138E-07 5.562632E-07 3.812374E-07 1.681407E-07 8.330953E-08
74 1.283929E+01 5.178571E-01 1.455860E+00 3.367541E-05 2.718233E-05 2.945359E-05 3.220451E-05 6.306930E-07 5.514362E-07 3.779292E-07 1.666816E-07 8.258661E-08
75 1.335714E+01 5.178571E-01 1.455837E+00 3.422973E-05 2.762977E-05 2.993842E-05 3.273462E-05 6.265850E-07 5.478445E-07 3.754676E-07 1.655959E-07 8.204868E-08
76 1.387500E+01 5.178571E-01 1.455829E+00 3.479236E-05 2.808391E-05 3.043050E-05 3.327267E-05 6.237706E-07 5.453838E-07 3.737811E-07 1.648521E-07 8.168015E-08
77 1.439286E+01 5.178571E-01 1.455836E+00 3.536350E-05 2.854493E-05 3.093004E-05 3.381886E-05 6.221423E-07 5.439600E-07 3.728054E-07 1.644218E-07 8.146692E-08
78 1.491071E+01 5.178571E-01 1.455851E+00 3.594337E-05 2.901299E-05 3.143722E-05 3.437341E-05 6.216025E-07 5.434881E-07 3.724819E-07 1.642792E-07 8.139625E-08
79 1.542857E+01 5.178571E-01 1.455864E+00 3.653214E-05 2.948824E-05 3.195218E-05 3.493646E-05 6.220632E-07 5.438909E-07 3.727580E-07 1.644009E-07 8.145657E-08
80 1.594643E+01 5.178571E-01 1.455871E+00 3.712998E-05 2.997081E-05 3.247507E-05 3.550819E-05 6.234443E-07 5.450985E-07 3.735856E-07 1.647659E-07 8.163742E-08
81 1.646429E+01 5.178571E-01 1.455870E+00 3.773705E-05 3.046083E-05 3.300603E-05 3.608874E-05 6.256738E-07 5.470478E-07 3.749216E-07 1.653551E-07 8.192937E-08
82 1.698214E+01 5.178571E-01 1.455867E+00 3.835352E-05 3.095843E-05 3.354521E-05 3.667828E-05 6.286869E-07 5.496822E-07 3.767271E-07 1.661514E-07 8.232392E-08
83 1.750000E+01 5.178571E-01 1.455862E+00 3.897956E-05 3.146377E-05 3.409277E-05 3.727698E-05 6.324252E-07 5.529507E-07 3.789672E-07 1.671394E-07 8.281343E-08
84 1.801786E+01 5.178571E-01 1.455857E+00 3.961537E-05 3.197698E-05 3.464887E-05 3.788502E-05 6.368361E-07 5.568074E-07 3.816103E-07 1.683051E-07 8.339102E-08
85 1.853571E+01 5.178571E-01 1.455855E+00 4.026114E-05 3.249823E-05 3.521367E-05 3.850258E-05 6.418725E-07 5.612109E-07 3.846283E-07 1.696362E-07 8.405052E-08
86 1.905357E+01 5.178571E-01 1.455854E+00 4.091704E-05 3.302767E-05 3.578735E-05 3.912983E-05 6.474919E-07 5.661241E-07 3.879956E-07 1.711213E-07 8.478636E-08
87 1.957143E+01 5.178571E-01 1.455856E+00 4.158328E-05 3.356545E-05 3.637006E-05 3.976697E-05 6.536562E-07 5.715138E-07 3.916894E-07 1.727504E-07 8.559354E-08
88 2.008929E+01 5.178571E-01 1.455859E+00 4.226004E-05 3.411172E-05 3.696198E-05 4.041417E-05 6.603310E-07 5.773498E-07 3.956892E-07 1.745145E-07 8.646759E-08
89 2.060714E+01 5.178571E-01 1.455861E+00 4.294750E-05 3.466663E-05 3.756325E-05 4.107160E-05 6.674856E-07 5.836053E-07 3.999764E-07 1.764053E-07 8.740444E-08
90 2.112500E+01 5.178571E-01 1.455861E+00 4.364584E-05 3.523032E-05 3.817405E-05 4.173945E-05 6.750921E-07 5.902559E-07 4.045344E-07 1.784156E-07 8.840049E-08
91 2.164286E+01 5.178571E-01 1.455861E+00 4.435526E-05 3.580295E-05 3.879452E-05 4.241788E-05 6.831259E-07 5.972801E-07 4.093485E-07 1.805388E-07 8.945248E-08
92 2.216071E+01 5.178571E-01 1.455860E+00 4.507593E-05 3.638467E-05 3.942485E-05 4.310707E-05 6.915649E-07 6.046586E-07 4.144054E-07 1.827690E-07 9.055753E-08
93 2.267857E+01 5.178571E-01 1.455859E+00 4.580806E-05 3.697563E-05 4.006519E-05 4.380722E-05 7.003893E-07 6.123741E-07 4.196932E-07 1.851012E-07 9.171304E-08
94 2.319643E+01 5.178571E-01 1.455859E+00 4.655183E-05 3.757599E-05 4.071571E-05 4.451850E-05 7.095816E-07 6.204112E-07 4.252015E-07 1.875306E-07 9.291674E-08
95 2.371429E+01 5.178571E-01 1.455858E+00 4.730744E-05 3.818591E-05 4.137659E-05 4.524111E-05 7.191263E-07 6.287565E-07 4.309210E-07 1.900531E-07 9.416658E-08
96 2.423214E+01 5.178571E-01 1.455859E+00 4.807509E-05 3.880555E-05 4.204801E-05 4.597523E-05 7.290096E-07 6.373978E-07 4.368433E-07 1.926651E-07 9.546075E-08
97 2.475000E+01 5.178571E-01 1.455859E+00 4.885498E-05 3.943507E-05 4.273012E-05 4.672105E-05 7.392193E-07 6.463245E-07 4.429613E-07 1.953633E-07 9.679768E-08
98 2.526786E+01 5.178571E-01 1.455859E+00 4.964731E-05 4.007463E-05 4.342312E-05 4.747878E-05 7.497448E-07 6.555273E-07 4.492685E-07 1.981450E-07 9.817595E-08
99 2.578571E+01 5.178571E-01 1.455860E+00 5.045229E-05 4.072439E-05 4.412718E-05 4.824860E-05 7.605767E-07 6.649980E-07 4.557592E-07 2.010077E-07 9.959434E-08
100 2.630357E+01 5.178571E-01 1.455860E+00 5.127012E-05 4.138454E-05 4.484248E-05 4.903070E-05 7.717068E-07 6.747294E-07 4.624287E-07 2.039492E-07 1.010518E-07
101 2.682143E+01 5.178571E-01 1.455860E+00 5.210101E-05 4.205522E-05 4.556921E-05 4.982530E-05 7.831279E-07 6.847153E-07 4.692726E-07 2.069676E-07 1.025473E-07
102 2.733929E+01 5.178571E-01 1.455859E+00 5.294517E-05 4.273661E-05 4.630754E-05 5.063259E-05 7.948342E-07 6.949505E-07 4.762873E-07 2.100614E-07 1.040802E-07
103 2.785714E+01 5.178571E-01 1.455859E+00 5.380282E-05 4.342889E-05 4.705766E-05 5.145277E-05 8.068204E-07 7.054304E-07 4.834698E-07 2.132292E-07 1.056498E-07
104 2.837500E+01 5.178571E-01 1.455859E+00 5.467417E-05 4.413223E-05 4.781977E-05 5.228606E-05 8.190822E-07 7.161513E-07 4.908174E-07 2.164697E-07 1.072554E-07
105 2.889286E+01 5.178571E-01 1.455859E+00 5.555944E-05 4.484681E-05 4.859405E-05 5.313267E-05 8.316161E-07 7.271101E-07 4.983280E-07 2.197822E-07 1.088966E-07
106 2.941071E+01 5.178571E-01 1.455859E+00 5.645885E-05 4.557281E-05 4.938071E-05 5.399280E-05 8.444191E-07 7.383043E-07 5.060000E-07 2.231659E-07 1.105732E-07
107 2.992857E+01 5.178571E-01 1.455859E+00 5.737264E-05 4.631041E-05 5.017994E-05 5.486667E-05 8.574892E-07 7.497318E-07 5.138320E-07 2.266201E-07 1.122846E-07
108 3.044643E+01 5.178571E-01 1.455859E+00 5.830103E-05 4.705979E-05 5.099194E-05 5.575451E-05 8.708246E-07 7.613914E-07 5.218229E-07 2.301444E-07 1.140308E-07
109 3.096429E+01 5.178571E-01 1.455859E+00 5.924425E-05 4.782115E-05 5.181691E-05 5.665654E-05 8.844241E-07 7.732819E-07 5.299721E-07 2.337385E-07 1.158116E-07
110 3.148214E+01 5.178571E-01 1.455859E+00 6.020254E-05 4.859466E-05 5.265506E-05 5.757297E-05 8.982872E-07 7.854029E-07 5.382793E-07 2.374023E-07 1.176269E-07
111 3.200000E+01 5.178571E-01 1.455859E+00 6.117614E-05 4.938054E-05 5.350660E-05 5.850404E-05 9.124135E-07 7.977541E-07 5.467442E-07 2.411357E-07 1.194767E-07
112 3.251786E+01 5.178571E-01 1.455859E+00 6.216528E-05 5.017896E-05 5.437174E-05 5.944998E-05 9.268034E-07 8.103356E-07 5.553670E-07 2.449387E-07 1.213610E-07
113 3.303571E+01 5.178571E-01 1.455859E+00 6.317022E-05 5.099013E-05 5.525069E-05 6.041102E-05 9.414574E-07 8.231481E-07 5.641481E-07 2.488115E-07 1.232799E-07
114 3.355357E+01 5.178571E-01 1.455859E+00 6.419120E-05 5.181425E-05 5.614367E-05 6.138740E-05 9.563763E-07 8.361922E-07 5.730880E-07 2.527543E-07 1.252335E-07
115 3.407143E+01 5.178571E-01 1.455859E+00 6.522847E-05 5.265152E-05 5.705090E-05 6.237937E-05 9.715615E-07 8.494691E-07 5.821873E-07 2.567675E-07 1.272219E-07
116 3.458929E+01 5.178571E-01 1.455859E+00 6.628229E-05 5.350215E-05 5.797261E-05 6.338716E-05 9.870144E-07 8.629801E-07 5.914472E-07 2.608514E-07 1.292454E-07
117 3.510714E+01 5.178571E-01 1.455859E+00 6.735292E-05 5.436635E-05 5.890901E-05 6.441103E-05 1.002737E-06 8.767268E-07 6.008685E-07 2.650066E-07 1.313042E-07
118 3.562500E+01 5.178571E-01 1.455859E+00 6.844063E-05 5.524433E-05 5.986035E-05 6.545122E-05 1.018731E-06 8.907109E-07 6.104526E-07 2.692335E-07 1.333985E-07
119 3.614286E+01 5.178571E-01 1.455859E+00 6.954567E-05 5.613631E-05 6.082686E-05 6.650800E-05 1.034999E-06 9.049344E-07 6.202007E-07 2.735329E-07 1.355287E-07
120 3.666071E+01 5.178571E-01 1.455859E+00 7.066833E-05 5.704250E-05 6.180877E-05 6.758162E-05 1.051543E-06 9.193996E-07 6.301145E-07 2.779052E-07 1.376951E-07
121 3.717857E+01 5.178571E-01 1.455859E+00 7.180886E-05 5.796313E-05 6.280632E-05 6.867234E-05 1.068366E-06 9.341087E-07 6.401954E-07 2.823513E-07 1.398981E-07
122 3.769643E+01 5.178571E-01 1.455859E+00 7.296757E-05 5.889841E-05 6.381976E-05 6.978043E-05 1.085471E-06 9.490643E-07 6.504453E-07 2.868719E-07 1.421379E-07
123 3.821429E+01 5.178571E-01 1.455859E+00 7.414472E-05 5.984859E-05 6.484933E-05 7.090616E-05 1.102861E-06 9.642690E-07 6.608659E-07 2.914678E-07 1.444151E-07
124 3.873214E+01 5.178571E-01 1.455859E+00 7.534060E-05 6.081389E-05 6.589529E-05 7.204981E-05 1.120540E-06 9.797258E-07 6.714593E-07 2.961399E-07 1.467300E-07
125 3.925000E+01 5.178571E-01 1.455859E+00 7.655550E-05 6.179455E-05 6.695788E-05 7.321165E-05 1.138510E-06 9.954375E-07 6.822274E-07 3.008891E-07 1.490831E-07
126 3.976786E+01 5.178571E-01 1.455859E+00 7.778972E-05 6.279079E-05 6.803737E-05 7.439196E-05 1.156775E-06 1.011407E-06 6.931723E-07 3.057162E-07 1.514748E-07
127 4.028571E+01 5.178571E-01 1.455859E+00 7.904357E-05 6.380288E-05 6.913402E-05 7.559104E-05 1.175339E-06 1.027638E-06 7.042963E-07 3.106223E-07 1.539057E-07
128 4.080357E+01 5.178571E-01 1.455859E+00 8.031733E-05 6.483104E-05 7.024809E-05 7.680916E-05 1.194205E-06 1.044134E-06 7.156017E-07 3.156084E-07 1.563762E-07
129 4.132143E+01 5.178571E-01 1.455859E+00 8.161132E-05 6.587553E-05 7.137986E-05 7.804663E-05 1.213378E-06 1.060898E-06 7.270908E-07 3.206756E-07 1.588868E-07
130 4.183929E+01 5.178571E-01 1.455859E+00 8.292585E-05 6.693660E-05 7.252959E-05 7.930375E-05 1.232862E-06 1.077933E-06 7.387660E-07 3.258248E-07 1.614381E-07
131 4.235714E+01 5.178571E-01 1.455859E+00 8.426124E-05 6.801451E-05 7.369757E-05 8.058081E-05 1.252661E-06 1.095244E-06 7.506299E-07 3.310573E-07 1.640307E-07
132 4.287500E+01 5.178571E-01 1.455859E+00 8.561781E-05 6.910951E-05 7.488406E-05 8.187812E-05 1.272778E-06 1.112833E-06 7.626851E-07 3.363741E-07 1.666650E-07
133 4.339286E+01 5.178571E-01 1.455859E+00 8.699588E-05 7.022188E-05 7.608937E-05 8.319600E-05 1.293220E-06 1.130706E-06 7.749342E-07 3.417764E-07 1.693417E-07
134 4.391071E+01 5.178571E-01 1.455859E+00 8.839579E-05 7.135186E-05 7.731377E-05 8.453477E-05 1.313989E-06 1.148865E-06 7.873799E-07 3.472654E-07 1.720614E-07
135 4.442857E+01 5.178571E-01 1.455859E+00 8.981787E-05 7.249974E-05 7.855757E-05 8.589473E-05 1.335092E-06 1.167316E-06 8.000250E-07 3.528424E-07 1.748247E-07
136 4.494643E+01 5.178571E-01 1.455859E+00 9.126246E-05 7.366580E-05 7.982105E-05 8.727622E-05 1.356531E-06 1.186061E-06 8.128723E-07 3.585086E-07 1.776321E-07
137 4.546429E+01 5.178571E-01 1.455859E+00 9.272990E-05 7.485030E-05 8.110453E-05 8.867957E-05 1.378314E-06 1.205106E-06 8.259248E-07 3.642652E-07 1.804844E-07
138 4.598214E+01 5.178571E-01 1.455859E+00 9.422055E-05 7.605353E-05 8.240829E-05 9.010510E-05 1.400443E-06 1.224455E-06 8.391853E-07 3.701137E-07 1.833821E-07
139 4.650000E+01 5.178571E-01 1.455859E+00 9.573475E-05 7.727577E-05 8.373267E-05 9.155317E-05 1.422925E-06 1.244111E-06 8.526570E-07 3.760552E-07 1.863260E-07
140 4.701786E+01 5.178571E-01 1.455859E+00 9.727288E-05 7.851732E-05 8.507796E-05 9.302411E-05 1.445764E-06 1.264080E-06 8.663429E-07 3.820912E-07 1.893167E-07
141 4.753571E+01 5.178571E-01 1.455859E+00 9.883528E-05 7.977848E-05 8.644449E-05 9.451827E-05 1.468966E-06 1.284366E-06 8.802461E-07 3.882231E-07 1.923549E-07
142 4.805357E+01 5.178571E-01 1.455859E+00 1.004223E-04 8.105953E-05 8.783258E-05 9.603601E-05 1.492535E-06 1.304974E-06 8.943698E-07 3.944522E-07 1.954413E-07
143 4.857143E+01 5.178571E-01 1.455859E+00 1.020344E-04 8.236078E-05 8.924256E-05 9.757768E-05 1.516479E-06 1.325909E-06 9.087172E-07 4.007800E-07 1.985765E-07
144 4.908929E+01 5.178571E-01 1.455859E+00 1.036719E-04 8.368254E-05 9.067476E-05 9.914365E-05 1.540801E-06 1.347174E-06 9.232917E-07 4.072079E-07 2.017614E-07
145 4.960714E+01 5.178571E-01 1.455859E+00 1.053352E-04 8.502512E-05 9.212952E-05 1.007343E-04 1.565507E-06 1.368776E-06 9.380966E-07 4.137375E-07 2.049966E-07
146 5.012500E+01 5.178571E-01 1.455859E+00 1.070247E-04 8.638883E-05 9.360718E-05 1.023500E-04 1.590604E-06 1.390719E-06 9.531354E-07 4.203701E-07 2.082830E-07
147 5.064286E+01 5.178571E-01 1.455859E+00 1.087407E-04 8.777400E-05 9.510809E-05 1.039910E-04 1.616097E-06 1.413008E-06 9.684114E-07 4.271074E-07 2.116211E-07
148 5.116071E+01 5.178571E-01 1.455859E+00 1.104837E-04 8.918094E-05 9.663259E-05 1.056579E-04 1.641992E-06 1.435649E-06 9.839282E-07 4.339510E-07 2.150119E-07
149 5.167857E+01 5.178571E-01 1.455859E+00 1.122541E-04 9.060999E-05 9.818105E-05 1.073510E-04 1.668294E-06 1.458646E-06 9.996894E-07 4.409023E-07 2.184561E-07
150 5.219643E+01 5.178571E-01 1.455859E+00 1.140523E-04 9.206148E-05 9.975382E-05 1.090707E-04 1.695010E-06 1.482005E-06 1.015699E-06 4.479629E-07 2.219545E-07
151 5.271429E+01 5.178571E-01 1.455859E+00 1.158788E-04 9.353575E-05 1.013513E-04 1.108173E-04 1.722147E-06 1.505731E-06 1.031959E-06 4.551346E-07 2.255079E-07
152 5.323214E+01 5.178571E-01 1.455859E+00 1.177338E-04 9.503313E-05 1.029738E-04 1.125914E-04 1.749709E-06 1.529830E-06 1.048476E-06 4.624189E-07 2.291171E-07
153 5.375000E+01 5.178571E-01 1.455859E+00 1.196180E-04 9.655398E-05 1.046217E-04 1.143932E-04 1.777704E-06 1.554307E-06 1.065251E-06 4.698176E-07 2.327829E-07
154 5.426786E+01 5.178571E-01 1.455859E+00 1.215316E-04 9.809864E-05 1.062954E-04 1.162233E-04 1.806138E-06 1.579168E-06 1.082290E-06 4.773322E-07 2.365063E-07
155 5.478571E+01 5.178571E-01 1.455859E+00 1.234752E-04 9.966747E-05 1.079953E-04 1.180819E-04 1.835018E-06 1.604418E-06 1.099595E-06 4.849646E-07 2.402879E-07
156 5.530357E+01 5.178571E-01 1.455859E+00 1.254492E-04 1.012608E-04 1.097218E-04 1.199697E-04 1.864349E-06 1.630064E-06 1.117171E-06 4.927164E-07 2.441288E-07
157 5.582143E+01 5.178571E-01 1.455859E+00 1.274540E-04 1.028791E-04 1.114753E-04 1.218870E-04 1.894140E-06 1.656111E-06 1.135023E-06 5.005895E-07 2.480297E-07
158 5.633929E+01 5.178571E-01 1.455859E+00 1.294901E-04 1.045226E-04 1.132562E-04 1.238341E-04 1.924396E-06 1.682564E-06 1.153153E-06 5.085856E-07 2.519916E-07
159 5.685714E+01 5.178571E-01 1.455859E+00 1.315580E-04 1.061918E-04 1.150648E-04 1.258117E-04 1.955124E-06 1.709431E-06 1.171566E-06 5.167066E-07 2.560153E-07
160 5.737500E+01 5.178571E-01 1.455859E+00 1.336582E-04 1.078870E-04 1.169017E-04 1.278201E-04 1.986332E-06 1.736717E-06 1.190267E-06 5.249543E-07 2.601018E-07
161 5.789286E+01 5.178571E-01 1.455859E+00 1.357910E-04 1.096086E-04 1.187671E-04 1.298598E-04 2.018026E-06 1.764428E-06 1.209259E-06 5.333306E-07 2.642521E-07
162 5.841071E+01 5.178571E-01 1.455859E+00 1.379571E-04 1.113570E-04 1.206616E-04 1.319313E-04 2.050214E-06 1.792571E-06 1.228547E-06 5.418373E-07 2.684669E-07
163 5.892857E+01 5.178571E-01 1.455859E+00 1.401568E-04 1.131326E-04 1.225856E-04 1.340349E-04 2.082903E-06 1.821152E-06 1.248135E-06 5.504763E-07 2.727474E-07
164 5.944643E+01 5.178571E-01 1.455859E+00 1.423907E-04 1.149358E-04 1.245395E-04 1.361713E-04 2.116099E-06 1.850177E-06 1.268027E-06 5.592497E-07 2.770944E-07
165 5.996429E+01 5.178571E-01 1.455859E+00 1.446594E-04 1.167670E-04 1.265237E-04 1.383408E-04 2.149812E-06 1.879654E-06 1.288229E-06 5.681594E-07 2.815089E-07
166 6.048214E+01 5.178571E-01 1.455859E+00 1.469632E-04 1.186267E-04 1.285387E-04 1.405440E-04 2.184048E-06 1.909587E-06 1.308744E-06 5.772074E-07 2.859919E-07
167 6.100000E+01 5.178571E-01 1.455859E+00 1.493027E-04 1.205151E-04 1.305849E-04 1.427813E-04 2.218815E-06 1.939985E-06 1.329577E-06 5.863957E-07 2.905445E-07
168 6.151786E+01 5.178571E-01 1.455859E+00 1.516785E-04 1.224328E-04 1.326628E-04 1.450533E-04 2.254120E-06 1.970853E-06 1.350733E-06 5.957263E-07 2.951676E-07
169 6.203571E+01 5.178571E-01 1.455859E+00 1.540910E-04 1.243801E-04 1.347729E-04 1.473605E-04 2.289972E-06 2.002200E-06 1.372216E-06 6.052013E-07 2.998622E-07
170 6.255357E+01 5.178571E-01 1.455859E+00 1.565408E-04 1.263576E-04 1.369156E-04 1.497033E-04 2.326378E-06 2.034031E-06 1.394032E-06 6.148229E-07 3.046295E-07
171 6.307143E+01 5.178571E-01 1.455859E+00 1.590285E-04 1.283656E-04 1.390914E-04 1.520823E-04 2.363347E-06 2.066354E-06 1.416185E-06 6.245931E-07 3.094704E-07
172 6.358929E+01 5.178571E-01 1.455859E+00 1.615546E-04 1.304046E-04 1.413008E-04 1.544981E-04 2.400886E-06 2.099176E-06 1.438679E-06 6.345141E-07 3.143860E-07
173 6.410714E+01 5.178571E-01 1.455859E+00 1.641196E-04 1.324751E-04 1.435442E-04 1.569510E-04 2.439004E-06 2.132504E-06 1.461521E-06 6.445881E-07 3.193774E-07
174 6.462500E+01 5.178571E-01 1.455859E+00 1.667241E-04 1.345774E-04 1.458222E-04 1.594418E-04 2.477709E-06 2.166345E-06 1.484714E-06 6.548172E-07 3.244457E-07
175 6.514286E+01 5.178571E-01 1.455859E+00 1.693687E-04 1.367121E-04 1.481353E-04 1.619709E-04 2.517010E-06 2.200707E-06 1.508264E-06 6.652038E-07 3.295920E-07
176 6.566071E+01 5.178571E-01 1.455859E+00 1.720539E-04 1.388796E-04 1.504839E-04 1.645388E-04 2.556916E-06 2.235598E-06 1.532177E-06 6.757501E-07 3.348174E-07
177 6.617857E+01 5.178571E-01 1.455859E+00 1.747804E-04 1.410803E-04 1.528685E-04 1.671462E-04 2.597434E-06 2.271024E-06 1.556456E-06 6.864583E-07 3.401230E-07
178 6.669643E+01 5.178571E-01 1.455859E+00 1.775487E-04 1.433149E-04 1.552898E-04 1.697936E-04 2.638573E-06 2.306994E-06 1.581108E-06 6.973308E-07 3.455101E-07
179 6.721429E+01 5.178571E-01 1.455859E+00 1.803594E-04 1.455837E-04 1.577481E-04 1.724816E-04 2.680343E-06 2.343515E-06 1.606138E-06 7.083699E-07 3.509797E-07
180 6.773214E+01 5.178571E-01 1.455859E+00 1.832132E-04 1.478872E-04 1.602441E-04 1.752107E-04 2.722753E-06 2.380595E-06 1.631551E-06 7.195780E-07 3.565331E-07
181 6.825000E+01 5.178571E-01 1.455859E+00 1.861106E-04 1.502259E-04 1.627782E-04 1.779815E-04 2.765811E-06 2.418242E-06 1.657353E-06 7.309576E-07 3.621713E-07
182 6.876786E+01 5.178571E-01 1.455859E+00 1.890522E-04 1.526003E-04 1.653511E-04 1.807946E-04 2.809526E-06 2.456464E-06 1.683548E-06 7.425109E-07 3.678957E-07
183 6.928571E+01 5.178571E-01 1.455859E+00 1.920387E-04 1.550110E-04 1.679632E-04 1.836507E-04 2.853909E-06 2.495269E-06 1.710144E-06 7.542405E-07 3.737075E-07
184 6.980357E+01 5.178571E-01 1.455859E+00 1.950708E-04 1.574584E-04 1.706151E-04 1.865503E-04 2.898968E-06 2.534666E-06 1.737144E-06 7.661489E-07 3.796078E-07
185 7.032143E+01 5.178571E-01 1.455859E+00 1.981490E-04 1.599431E-04 1.733074E-04 1.894940E-04 2.944713E-06 2.574663E-06 1.764556E-06 7.782385E-07 3.855979E-07
186 7.083929E+01 5.178571E-01 1.455859E+00 2.012739E-04 1.624656E-04 1.760406E-04 1.924825E-04 2.991154E-06 2.615267E-06 1.792385E-06 7.905120E-07 3.916791E-07
187 7.135714E+01 5.178571E-01 1.455859E+00 2.044464E-04 1.650263E-04 1.788153E-04 1.955164E-04 3.038300E-06 2.656488E-06 1.820636E-06 8.029718E-07 3.978526E-07
188 7.187500E+01 5.178571E-01 1.455859E+00 2.076669E-04 1.676259E-04 1.816321E-04 1.985963E-04 3.086160E-06 2.698335E-06 1.849315E-06 8.156206E-07 4.041198E-07
189 7.239286E+01 5.178571E-01 1.455859E+00 2.109363E-04 1.702649E-04 1.844916E-04 2.017228E-04 3.134746E-06 2.740815E-06 1.878429E-06 8.284611E-07 4.104819E-07
190 7.291071E+01 5.178571E-01 1.455859E+00 2.142551E-04 1.729437E-04 1.873943E-04 2.048967E-04 3.184067E-06 2.783938E-06 1.907984E-06 8.414958E-07 4.169403E-07
191 7.342857E+01 5.178571E-01 1.455859E+00 2.176240E-04 1.756631E-04 1.903409E-04 2.081185E-04 3.234133E-06 2.827712E-06 1.937985E-06 8.547274E-07 4.234962E-07
192 7.394643E+01 5.178571E-01 1.455859E+00 2.210438E-04 1.784235E-04 1.933320E-04 2.113889E-04 3.284955E-06 2.872147E-06 1.968438E-06 8.681587E-07 4.301511E-07
193 7.446429E+01 5.178571E-01 1.455859E+00 2.245151E-04 1.812255E-04 1.963681E-04 2.147086E-04 3.336542E-06 2.917252E-06 1.999351E-06 8.817923E-07 4.369062E-07
194 7.498214E+01 5.178571E-01 1.455859E+00 2.280387E-04 1.840697E-04 1.994499E-04 2.180782E-04 3.388906E-06 2.963035E-06 2.030729E-06 8.956312E-07 4.437630E-07
195 7.550000E+01 5.178571E-01 1.455859E+00 2.316152E-04 1.869566E-04 2.025780E-04 2.214985E-04 3.442056E-06 3.009506E-06 2.062578E-06 9.096780E-07 4.507229E-07
196 7.601786E+01 5.178571E-01 1.455859E+00 2.352453E-04 1.898868E-04 2.057531E-04 2.249701E-04 3.496005E-06 3.056675E-06 2.094906E-06 9.239356E-07 4.577872E-07
197 7.653571E+01 5.178571E-01 1.455859E+00 2.389299E-04 1.928609E-04 2.089757E-04 2.284937E-04 3.550761E-06 3.104551E-06 2.127717E-06 9.384069E-07 4.649573E-07
198 7.705357E+01 5.178571E-01 1.455859E+00 2.426696E-04 1.958795E-04 2.122466E-04 2.320701E-04 3.606337E-06 3.153143E-06 2.161020E-06 9.530947E-07 4.722348E-07
199 7.757143E+01 5.178571E-01 1.455859E+00 2.464652E-04 1.989433E-04 2.155663E-04 2.356999E-04 3.662744E-06 3.202461E-06 2.194820E-06 9.680019E-07 4.796209E-07
200 7.808929E+01 5.178571E-01 1.455859E+00 2.503174E-04 2.020527E-04 2.189355E-04 2.393838E-04 3.719991E-06 3.252514E-06 2.229125E-06 9.831316E-07 4.871173E-07
201 7.860714E+01 5.178571E-01 1.455859E+00 2.542269E-04 2.052085E-04 2.223550E-04 2.431226E-04 3.778092E-06 3.303314E-06 2.263940E-06 9.984866E-07 4.947253E-07
202 7.912500E+01 5.178571E-01 1.455859E+00 2.581947E-04 2.084112E-04 2.258253E-04 2.469170E-04 3.837057E-06 3.354869E-06 2.299274E-06 1.014070E-06 5.024465E-07
203 7.964286E+01 5.178571E-01 1.455859E+00 2.622213E-04 2.116614E-04 2.293471E-04 2.507678E-04 3.896897E-06 3.407189E-06 2.335132E-06 1.029885E-06 5.102823E-07
204 8.016071E+01 5.178571E-01 1.455859E+00 2.663076E-04 2.149598E-04 2.329211E-04 2.546756E-04 3.957624E-06 3.460285E-06 2.371521E-06 1.045934E-06 5.182343E-07
205 8.067857E+01 5.178571E-01 1.455859E+00 2.704544E-04 2.183071E-04 2.365481E-04 2.586413E-04 4.019250E-06 3.514167E-06 2.408449E-06 1.062221E-06 5.263040E-07
206 8.119643E+01 5.178571E-01 1.455859E+00 2.746625E-04 2.217038E-04 2.402286E-04 2.626656E-04 4.081787E-06 3.568845E-06 2.445923E-06 1.078748E-06 5.344929E-07
207 8.171429E+01 5.178571E-01 1.455859E+00 2.789327E-04 2.251506E-04 2.439634E-04 2.667492E-04 4.145246E-06 3.624329E-06 2.483950E-06 1.095519E-06 5.428026E-07
208 8.223214E+01 5.178571E-01 1.455859E+00 2.832657E-04 2.286482E-04 2.477532E-04 2.708930E-04 4.209640E-06 3.680631E-06 2.522536E-06 1.112537E-06 5.512347E-07
209 8.275000E+01 5.178571E-01 1.455859E+00 2.876624E-04 2.321971E-04 2.515987E-04 2.750977E-04 4.274980E-06 3.737760E-06 2.561690E-06 1.129806E-06 5.597907E-07
210 8.326786E+01 5.178571E-01 1.455859E+00 2.921236E-04 2.357982E-04 2.555007E-04 2.793640E-04 4.341279E-06 3.795727E-06 2.601418E-06 1.147327E-06 5.684723E-07
211 8.378571E+01 5.178571E-01 1.455859E+00 2.966502E-04 2.394520E-04 2.594597E-04 2.836929E-04 4.408548E-06 3.854543E-06 2.641728E-06 1.165106E-06 5.772809E-07
212 8.430357E+01 5.178571E-01 1.455859E+00 3.012430E-04 2.431592E-04 2.634767E-04 2.880850E-04 4.476801E-06 3.914219E-06 2.682627E-06 1.183144E-06 5.862184E-07
213 8.482143E+01 5.178571E-01 1.455859E+00 3.059027E-04 2.469204E-04 2.675523E-04 2.925412E-04 4.546050E-06 3.974766E-06 2.724123E-06 1.201445E-06 5.952863E-07
214 8.533929E+01 5.178571E-01 1.455859E+00 3.106303E-04 2.507365E-04 2.716872E-04 2.970624E-04 4.616308E-06 4.036194E-06 2.766223E-06 1.220013E-06 6.044862E-07
215 8.585714E+01 5.178571E-01 1.455859E+00 3.154266E-04 2.546080E-04 2.758822E-04 3.016492E-04 4.687587E-06 4.098516E-06 2.808935E-06 1.238851E-06 6.138198E-07
216 8.637500E+01 5.178571E-01 1.455859E+00 3.202925E-04 2.585357E-04 2.801381E-04 3.063025E-04 4.759899E-06 4.161741E-06 2.852267E-06 1.257962E-06 6.232889E-07
217 8.689286E+01 5.178571E-01 1.455859E+00 3.252289E-04 2.625203E-04 2.844555E-04 3.110233E-04 4.833258E-06 4.225881E-06 2.896226E-06 1.277349E-06 6.328950E-07
218 8.741071E+01 5.178571E-01 1.455859E+00 3.302365E-04 2.665624E-04 2.888354E-04 3.158122E-04 4.907677E-06 4.290949E-06 2.940820E-06 1.297017E-06 6.426398E-07
219 8.792857E+01 5.178571E-01 1.455859E+00 3.353163E-04 2.706627E-04 2.932784E-04 3.206701E-04 4.983169E-06 4.356954E-06 2.986057E-06 1.316968E-06 6.525252E-07
220 8.844643E+01 5.178571E-01 1.455859E+00 3.404692E-04 2.748221E-04 2.977853E-04 3.255980E-04 5.059747E-06 4.423908E-06 3.031945E-06 1.337207E-06 6.625527E-07
221 8.896429E+01 5.178571E-01 1.455859E+00 3.456961E-04 2.790411E-04 3.023568E-04 3.305965E-04 5.137424E-06 4.491824E-06 3.078491E-06 1.357735E-06 6.727242E-07
222 8.948214E+01 5.178571E-01 1.455859E+00 3.509978E-04 2.833206E-04 3.069939E-04 3.356667E-04 5.216213E-06 4.560712E-06 3.125704E-06 1.378558E-06 6.830413E-07
223 9.000000E+01 5.178571E-01 1.455859E+00 3.563753E-04 2.876612E-04 3.116972E-04 3.408092E-04 5.296128E-06 4.630584E-06 3.173591E-06 1.399678E-06 6.935059E-07
224 9.051786E+01 5.178571E-01 1.455859E+00 3.618294E-04 2.920637E-04 3.164676E-04 3.460252E-04 5.377183E-06 4.701453E-06 3.222161E-06 1.421100E-06 7.041196E-07
225 9.103571E+01 5.178571E-01 1.455859E+00 3.673611E-04 2.965289E-04 3.213058E-04 3.513153E-04 5.459390E-06 4.773330E-06 3.271422E-06 1.442826E-06 7.148843E-07
226 9.155357E+01 5.178571E-01 1.455859E+00 3.729713E-04 3.010573E-04 3.262126E-04 3.566804E-04 5.542764E-06 4.846226E-06 3.321382E-06 1.464860E-06 7.258018E-07
227 9.207143E+01 5.178571E-01 1.455859E+00 3.786610E-04 3.056499E-04 3.311889E-04 3.621215E-04 5.627318E-06 4.920155E-06 3.372049E-06 1.487206E-06 7.368737E-07
228 9.258929E+01 5.178571E-01 1.455859E+00 3.844309E-04 3.103073E-04 3.362355E-04 3.676394E-04 5.713066E-06 4.995127E-06 3.423432E-06 1.509868E-06 7.481020E-07
229 9.310714E+01 5.178571E-01 1.455859E+00 3.902821E-04 3.150303E-04 3.413532E-04 3.732351E-04 5.800021E-06 5.071155E-06 3.475538E-06 1.532849E-06 7.594885E-07
230 9.362500E+01 5.178571E-01 1.455859E+00 3.962155E-04 3.198197E-04 3.465427E-04 3.789093E-04 5.888198E-06 5.148251E-06 3.528376E-06 1.556152E-06 7.710349E-07
231 9.414286E+01 5.178571E-01 1.455859E+00 4.022321E-04 3.246762E-04 3.518050E-04 3.846631E-04 5.977611E-06 5.226427E-06 3.581955E-06 1.579783E-06 7.827431E-07
232 9.466071E+01 5.178571E-01 1.455859E+00 4.083327E-04 3.296005E-04 3.571408E-04 3.904972E-04 6.068272E-06 5.305696E-06 3.636282E-06 1.603743E-06 7.946149E-07
233 9.517857E+01 5.178571E-01 1.455859E+00 4.145183E-04 3.345935E-04 3.625510E-04 3.964127E-04 6.160198E-06 5.386070E-06 3.691366E-06 1.628037E-06 8.066521E-07
234 9.569643E+01 5.178571E-01 1.455859E+00 4.207900E-04 3.396558E-04 3.680363E-04 4.024103E-04 6.253401E-06 5.467560E-06 3.747216E-06 1.652669E-06 8.188567E-07
235 9.621429E+01 5.178571E-01 1.455859E+00 4.271485E-04 3.447884E-04 3.735977E-04 4.084911E-04 6.347896E-06 5.550180E-06 3.803840E-06 1.677643E-06 8.312304E-07
236 9.673214E+01 5.178571E-01 1.455859E+00 4.335949E-04 3.499918E-04 3.792359E-04 4.146560E-04 6.443696E-06 5.633942E-06 3.861246E-06 1.702961E-06 8.437751E-07
237 9.725000E+01 5.178571E-01 1.455859E+00 4.401301E-04 3.552670E-04 3.849518E-04 4.209058E-04 6.540817E-06 5.718858E-06 3.919444E-06 1.728629E-06 8.564926E-07
238 9.776786E+01 5.178571E-01 1.455859E+00 4.467551E-04 3.606146E-04 3.907463E-04 4.272414E-04 6.639272E-06 5.804940E-06 3.978441E-06 1.754649E-06 8.693849E-07
239 9.828571E+01 5.178571E-01 1.455859E+00 4.534709E-04 3.660354E-04 3.966201E-04 4.336638E-04 6.739075E-06 5.892202E-06 4.038246E-06 1.781025E-06 8.824537E-07
240 9.880357E+01 5.178571E-01 1.455859E+00 4.602783E-04 3.715303E-04 4.025741E-04 4.401739E-04 6.840242E-06 5.980655E-06 4.098868E-06 1.807762E-06 8.957010E-07
241 9.932143E+01 5.178571E-01 1.455859E+00 4.671784E-04 3.771000E-04 4.086092E-04 4.467726E-04 6.942785E-06 6.070312E-06 4.160315E-06 1.834862E-06 9.091286E-07
242 9.983929E+01 5.178571E-01 1.455859E+00 4.741722E-04 3.827453E-04 4.147261E-04 4.534609E-04 7.046720E-06 6.161186E-06 4.222595E-06 1.862330E-06 9.227384E-07
243 1.003571E+02 5.178571E-01 1.455859E+00 4.812605E-04 3.884669E-04 4.209258E-04 4.602396E-04 7.152060E-06 6.253288E-06 4.285718E-06 1.890170E-06 9.365323E-07
244 1.008750E+02 5.178571E-01 1.455859E+00 4.884444E-04 3.942656E-04 4.272090E-04 4.671097E-04 7.258820E-06 6.346632E-06 4.349692E-06 1.918385E-06 9.505121E-07
245 1.013929E+02 5.178571E-01 1.455859E+00 4.957248E-04 4.001422E-04 4.335767E-04 4.740721E-04 7.367015E-06 6.441231E-06 4.414525E-06 1.946979E-06 9.646798E-07
246 1.019107E+02 5.178571E-01 1.455859E+00 5.031026E-04 4.060975E-04 4.400296E-04 4.811277E-04 7.476658E-06 6.537095E-06 4.480226E-06 1.975956E-06 9.790370E-07
247 1.024286E+02 5.178571E-01 1.455859E+00 5.105789E-04 4.121323E-04 4.465686E-04 4.882774E-04 7.587763E-06 6.634239E-06 4.546804E-06 2.005319E-06 9.935859E-07
248 1.029464E+02 5.178571E-01 1.455859E+00 5.181546E-04 4.182472E-04 4.531945E-04 4.955222E-04 7.700346E-06 6.732673E-06 4.614267E-06 2.035073E-06 1.008328E-06
249 1.034643E+02 5.178571E-01 1.455859E+00 5.258306E-04 4.244432E-04 4.599082E-04 5.028629E-04 7.814420E-06 6.832412E-06 4.682623E-06 2.065221E-06 1.023266E-06
250 1.039821E+02 5.178571E-01 1.455859E+00 5.336079E-04 4.307209E-04 4.667105E-04 5.103005E-04 7.929999E-06 6.933467E-06 4.751881E-06 2.095766E-06 1.038400E-06
251 1.045000E+02 5.178571E-01 1.455859E+00 5.414874E-04 4.370812E-04 4.736021E-04 5.178359E-04 8.047098E-06 7.035850E-06 4.822050E-06 2.126713E-06 1.053734E-06
252 1.050179E+02 5.178571E-01 1.455859E+00 5.494701E-04 4.435247E-04 4.805841E-04 5.254699E-04 8.165729E-06 7.139574E-06 4.893138E-06 2.158066E-06 1.069268E-06
253 1.055357E+02 5.178571E-01 1.455859E+00 5.575569E-04 4.500523E-04 4.876571E-04 5.332035E-04 8.285909E-06 7.244651E-06 4.965153E-06 2.189827E-06 1.085005E-06
254 1.060536E+02 5.178571E-01 1.455859E+00 5.657488E-04 4.566647E-04 4.948220E-04 5.410376E-04 8.407649E-06 7.351092E-06 5.038103E-06 2.222001E-06 1.100946E-06
255 1.065714E+02 5.178571E-01 1.455859E+00 5.740467E-04 4.633626E-04 5.020796E-04 5.489730E-04 8.530965E-06 7.458911E-06 5.111997E-06 2.254591E-06 1.117094E-06
256 1.070893E+02 5.178571E-01 1.455859E+00 5.824515E-04 4.701468E-04 5.094307E-04 5.570107E-04 8.655869E-06 7.568120E-06 5.186844E-06 2.287602E-06 1.133450E-06
257 1.076071E+02 5.178571E-01 1.455859E+00 5.909641E-04 4.770181E-04 5.168761E-04 5.651515E-04 8.782376E-06 7.678729E-06 5.262650E-06 2.321035E-06 1.150015E-06
258 1.081250E+02 5.178571E-01 1.455859E+00 5.995855E-04 4.839771E-04 5.244166E-04 5.733963E-04 8.910499E-06 7.790751E-06 5.339425E-06 2.354896E-06 1.166793E-06
259 1.086429E+02 5.178571E-01 1.455859E+00 6.083165E-04 4.910247E-04 5.320530E-04 5.817460E-04 9.040251E-06 7.904198E-06 5.417176E-06 2.389187E-06 1.183783E-06
260 1.091607E+02 5.178571E-01 1.455859E+00 6.171580E-04 4.981615E-04 5.397861E-04 5.902013E-04 9.171646E-06 8.019081E-06 5.495912E-06 2.423913E-06 1.200989E-06
261 1.096786E+02 5.178571E-01 1.455859E+00 6.261110E-04 5.053882E-04 5.476166E-04 5.987632E-04 9.304697E-06 8.135412E-06 5.575640E-06 2.459076E-06 1.218411E-06
262 1.101964E+02 5.178571E-01 1.455859E+00 6.351762E-04 5.127055E-04 5.555454E-04 6.074325E-04 9.439417E-06 8.253202E-06 5.656368E-06 2.494680E-06 1.236052E-06
263 1.107143E+02 5.178571E-01 1.455859E+00 6.443547E-04 5.201142E-04 5.635731E-04 6.162100E-04 9.575818E-06 8.372462E-06 5.738103E-06 2.530729E-06 1.253913E-06
264 1.112321E+02 5.178571E-01 1.455859E+00 6.536471E-04 5.276149E-04 5.717006E-04 6.250966E-04 9.713914E-06 8.493204E-06 5.820854E-06 2.567225E-06 1.271996E-06
265 1.117500E+02 5.178571E-01 1.455859E+00 6.630544E-04 5.352084E-04 5.799285E-04 6.340930E-04 9.853716E-06 8.615438E-06 5.904628E-06 2.604173E-06 1.290303E-06
266 1.122679E+02 5.178571E-01 1.455859E+00 6.725773E-04 5.428952E-04 5.882576E-04 6.432000E-04 9.995238E-06 8.739175E-06 5.989432E-06 2.641575E-06 1.308835E-06
267 1.127857E+02 5.178571E-01 1.455859E+00 6.822168E-04 5.506760E-04 5.966886E-04 6.524184E-04 1.013849E-05 8.864426E-06 6.075273E-06 2.679434E-06 1.327593E-06
268 1.133036E+02 5.178571E-01 1.455859E+00 6.919736E-04 5.585515E-04 6.052222E-04 6.617490E-04 1.028349E-05 8.991202E-06 6.162159E-06 2.717754E-06 1.346580E-06
269 1.138214E+02 5.178571E-01 1.455859E+00 7.018484E-04 5.665224E-04 6.138590E-04 6.711925E-04 1.043024E-05 9.119511E-06 6.250096E-06 2.756538E-06 1.365796E-06
270 1.143393E+02 5.178571E-01 1.455859E+00 7.118422E-04 5.745892E-04 6.225998E-04 6.807497E-04 1.057876E-05 9.249365E-06 6.339092E-06 2.795789E-06 1.385244E-06
271 1.148571E+02 5.178571E-01 1.455859E+00 7.219555E-04 5.827525E-04 6.314453E-04 6.904213E-04 1.072905E-05 9.380773E-06 6.429153E-06 2.835509E-06 1.404924E-06
272 1.153750E+02 5.178571E-01 1.455859E+00 7.321891E-04 5.910130E-04 6.403960E-04 7.002080E-04 1.088114E-05 9.513745E-06 6.520286E-06 2.875702E-06 1.424839E-06
273 1.158929E+02 5.178571E-01 1.455859E+00 7.425439E-04 5.993712E-04 6.494525E-04 7.101104E-04 1.103502E-05 9.648290E-06 6.612497E-06 2.916371E-06 1.444989E-06
274 1.164107E+02 5.178571E-01 1.455859E+00 7.530204E-04 6.078277E-04 6.586156E-04 7.201293E-04 1.119071E-05 9.784417E-06 6.705792E-06 2.957518E-06 1.465377E-06
275 1.169286E+02 5.178571E-01 1.455859E+00 7.636193E-04 6.163830E-04 6.678858E-04 7.302653E-04 1.134822E-05 9.922135E-06 6.800178E-06 2.999145E-06 1.486002E-06
276 1.174464E+02 5.178571E-01 1.455859E+00 7.743413E-04 6.250376E-04 6.772636E-04 7.405190E-04 1.150756E-05 1.006145E-05 6.895660E-06 3.041257E-06 1.506867E-06
277 1.179643E+02 5.178571E-01 1.455859E+00 7.851871E-04 6.337922E-04 6.867497E-04 7.508910E-04 1.166874E-05 1.020238E-05 6.992243E-06 3.083854E-06 1.527973E-06
278 1.184821E+02 5.178571E-01 1.455859E+00 7.961572E-04 6.426471E-04 6.963444E-04 7.613820E-04 1.183177E-05 1.034492E-05 7.089934E-06 3.126939E-06 1.549321E-06
279 1.190000E+02 5.178571E-01 1.455859E+00 8.072522E-04 6.516028E-04 7.060485E-04 7.719924E-04 1.199665E-05 1.048908E-05 7.188737E-06 3.170515E-06 1.570912E-06
280 1.195179E+02 5.178571E-01 1.455859E+00 8.184727E-04 6.606599E-04 7.158623E-04 7.827228E-04 1.216340E-05 1.063488E-05 7.288658E-06 3.214584E-06 1.592747E-06
281 1.200357E+02 5.178571E-01 1.455859E+00 8.298192E-04 6.698186E-04 7.257864E-04 7.935737E-04 1.233203E-05 1.078231E-05 7.389701E-06 3.259148E-06 1.614827E-06
282 1.205536E+02 5.178571E-01 1.455859E+00 8.412923E-04 6.790795E-04 7.358211E-04 8.045456E-04 1.250253E-05 1.093138E-05 7.491871E-06 3.304209E-06 1.637154E-06
283 1.210714E+02 5.178571E-01 1.455859E+00 8.528924E-04 6.884430E-04 7.459669E-04 8.156390E-04 1.267492E-05 1.108211E-05 7.595172E-06 3.349769E-06 1.659727E-06
284 1.215893E+02 5.178571E-01 1.455859E+00 8.646199E-04 6.979093E-04 7.562241E-04 8.268543E-04 1.284920E-05 1.123449E-05 7.699608E-06 3.395829E-06 1.682549E-06
285 1.221071E+02 5.178571E-01 1.455859E+00 8.764753E-04 7.074788E-04 7.665932E-04 8.381919E-04 1.302539E-05 1.138854E-05 7.805182E-06 3.442392E-06 1.705620E-06
286 1.226250E+02 5.178571E-01 1.455859E+00 8.884590E-04 7.171518E-04 7.770745E-04 8.496521E-04 1.320348E-05 1.154425E-05 7.911899E-06 3.489458E-06 1.728940E-06
287 1.231429E+02 5.178571E-01 1.455859E+00 9.005712E-04 7.269287E-04 7.876683E-04 8.612354E-04 1.338348E-05 1.170163E-05 8.019761E-06 3.537030E-06 1.752510E-06
288 1.236607E+02 5.178571E-01 1.455859E+00 9.128125E-04 7.368096E-04 7.983749E-04 8.729419E-04 1.356540E-05 1.186069E-05 8.128772E-06 3.585108E-06 1.776332E-06
289 1.241786E+02 5.178571E-01 1.455859E+00 9.251829E-04 7.467949E-04 8.091945E-04 8.847720E-04 1.374923E-05 1.202142E-05 8.238933E-06 3.633693E-06 1.800405E-06
290 1.246964E+02 5.178571E-01 1.455859E+00 9.376828E-04 7.568846E-04 8.201273E-04 8.967259E-04 1.393500E-05 1.218384E-05 8.350247E-06 3.682787E-06 1.824730E-06
291 1.252143E+02 5.178571E-01 1.455859E+00 9.503124E-04 7.670791E-04 8.311735E-04 9.088039E-04 1.412269E-05 1.234794E-05 8.462716E-06 3.732390E-06 1.849307E-06
292 1.257321E+02 5.178571E-01 1.455859E+00 9.630719E-04 7.773783E-04 8.423333E-04 9.210060E-04 1.431231E-05 1.251373E-05 8.576341E-06 3.782503E-06 1.874137E-06
293 1.262500E+02 5.178571E-01 1.455859E+00 9.759613E-04 7.877825E-04 8.536068E-04 9.333324E-04 1.450386E-05 1.268121E-05 8.691124E-06 3.833127E-06 1.899219E-06
294 1.267679E+02 5.178571E-01 1.455859E+00 9.889808E-04 7.982916E-04 8.649941E-04 9.457833E-04 1.469734E-05 1.285038E-05 8.807065E-06 3.884262E-06 1.924555E-06
295 1.272857E+02 5.178571E-01 1.455859E+00 1.002130E-03 8.089058E-04 8.764952E-04 9.583585E-04 1.489276E-05 1.302124E-05 8.924165E-06 3.935907E-06 1.950144E-06
296 1.278036E+02 5.178571E-01 1.455859E+00 1.015410E-03 8.196250E-04 8.881101E-04 9.710582E-04 1.509011E-05 1.319379E-05 9.042424E-06 3.988064E-06 1.975987E-06
297 1.283214E+02 5.178571E-01 1.455859E+00 1.028820E-03 8.304492E-04 8.998387E-04 9.838823E-04 1.528939E-05 1.336804E-05 9.161841E-06 4.040731E-06 2.002082E-06
298 1.288393E+02 5.178571E-01 1.455859E+00 1.042360E-03 8.413784E-04 9.116810E-04 9.968307E-04 1.549061E-05 1.354397E-05 9.282415E-06 4.093910E-06 2.028431E-06
299 1.293571E+02 5.178571E-01 1.455859E+00 1.056029E-03 8.524123E-04 9.236369E-04 1.009903E-03 1.569376E-05 1.372158E-05 9.404146E-06 4.147598E-06 2.055032E-06
300 1.298750E+02 5.178571E-01 1.455859E+00 1.069829E-03 8.635509E-04 9.357062E-04 1.023100E-03 1.589883E-05 1.390088E-05 9.527031E-06 4.201795E-06 2.081885E-06
301 1.303929E+02 5.178571E-01 1.455859E+00 1.083757E-03 8.747940E-04 9.478888E-04 1.036420E-03 1.610583E-05 1.408187E-05 9.651069E-06 4.256501E-06 2.108990E-06
302 1.309107E+02 5.178571E-01 1.455859E+00 1.097815E-03 8.861413E-04 9.601842E-04 1.049864E-03 1.631474E-05 1.426453E-05 9.776257E-06 4.311713E-06 2.136347E-06
303 1.314286E+02 5.178571E-01 1.455859E+00 1.112002E-03 8.975926E-04 9.725923E-04 1.063431E-03 1.652557E-05 1.444887E-05 9.902592E-06 4.367432E-06 2.163954E-06
304 1.319464E+02 5.178571E-01 1.455859E+00 1.126317E-03 9.091475E-04 9.851127E-04 1.077121E-03 1.673831E-05 1.463487E-05 1.003007E-05 4.423655E-06 2.191811E-06
305 1.324643E+02 5.178571E-01 1.455859E+00 1.140760E-03 9.208057E-04 9.977450E-04 1.090933E-03 1.695295E-05 1.482253E-05 1.015869E-05 4.480380E-06 2.219917E-06
306 1.329821E+02 5.178571E-01 1.455859E+00 1.155330E-03 9.325667E-04 1.010489E-03 1.104867E-03 1.716948E-05 1.501186E-05 1.028844E-05 4.537606E-06 2.248271E-06
307 1.335000E+02 5.178571E-01 1.455859E+00 1.170028E-03 9.444301E-04 1.023343E-03 1.118922E-03 1.738789E-05 1.520283E-05 1.041932E-05 4.595330E-06 2.276872E-06
308 1.340179E+02 5.178571E-01 1.455859E+00 1.184851E-03 9.563954E-04 1.036308E-03 1.133098E-03 1.760819E-05 1.539544E-05 1.055133E-05 4.653550E-06 2.305719E-06
309 1.345357E+02 5.178571E-01 1.455859E+00 1.199800E-03 9.684621E-04 1.049383E-03 1.147394E-03 1.783035E-05 1.558968E-05 1.068445E-05 4.712263E-06 2.334809E-06
310 1.350536E+02 5.178571E-01 1.455859E+00 1.214874E-03 9.806294E-04 1.062567E-03 1.161810E-03 1.805436E-05 1.578554E-05 1.081869E-05 4.771466E-06 2.364143E-06
311 1.355714E+02 5.178571E-01 1.455859E+00 1.230072E-03 9.928968E-04 1.075860E-03 1.176344E-03 1.828021E-05 1.598301E-05 1.095403E-05 4.831155E-06 2.393718E-06
312 1.360893E+02 5.178571E-01 1.455859E+00 1.245392E-03 1.005264E-03 1.089260E-03 1.190995E-03 1.850790E-05 1.618208E-05 1.109046E-05 4.891329E-06 2.423532E-06
313 1.366071E+02 5.178571E-01 1.455859E+00 1.260835E-03 1.017729E-03 1.102767E-03 1.205764E-03 1.873740E-05 1.638274E-05 1.122798E-05 4.951981E-06 2.453584E-06
314 1.371250E+02 5.178571E-01 1.455859E+00 1.276399E-03 1.030292E-03 1.116380E-03 1.220648E-03 1.896870E-05 1.658497E-05 1.136658E-05 5.013110E-06 2.483871E-06
315 1.376429E+02 5.178571E-01 1.455859E+00 1.292083E-03 1.042952E-03 1.130097E-03 1.235647E-03 1.920178E-05 1.678876E-05 1.150625E-05 5.074709E-06 2.514392E-06
316 1.381607E+02 5.178571E-01 1.455859E+00 1.307886E-03 1.055708E-03 1.143919E-03 1.250759E-03 1.943663E-05 1.699410E-05 1.164698E-05 5.136776E-06 2.545145E-06
317 1.386786E+02 5.178571E-01 1.455859E+00 1.323807E-03 1.068559E-03 1.157844E-03 1.265984E-03 1.967322E-05 1.720096E-05 1.178876E-05 5.199304E-06 2.576126E-06
318 1.391964E+02 5.178571E-01 1.455859E+00 1.339843E-03 1.081503E-03 1.171870E-03 1.281321E-03 1.991155E-05 1.740934E-05 1.193157E-05 5.262289E-06 2.607334E-06
319 1.397143E+02 5.178571E-01 1.455859E+00 1.355995E-03 1.094541E-03 1.185997E-03 1.296767E-03 2.015158E-05 1.761921E-05 1.207540E-05 5.325725E-06 2.638765E-06
320 1.402321E+02 5.178571E-01 1.455859E+00 1.372260E-03 1.107670E-03 1.200223E-03 1.312322E-03 2.039330E-05 1.783055E-05 1.222024E-05 5.389607E-06 2.670417E-06
321 1.407500E+02 5.178571E-01 1.455859E+00 1.388637E-03 1.120889E-03 1.214547E-03 1.327983E-03 2.063668E-05 1.804335E-05 1.236609E-05 5.453929E-06 2.702287E-06
322 1.412679E+02 5.178571E-01 1.455859E+00 1.405125E-03 1.134197E-03 1.228967E-03 1.343751E-03 2.088170E-05 1.825758E-05 1.251291E-05 5.518684E-06 2.734371E-06
323 1.417857E+02 5.178571E-01 1.455859E+00 1.421721E-03 1.147593E-03 1.243482E-03 1.359622E-03 2.112833E-05 1.847322E-05 1.266070E-05 5.583866E-06 2.766667E-06
324 1.423036E+02 5.178571E-01 1.455859E+00 1.438424E-03 1.161076E-03 1.258091E-03 1.375595E-03 2.137656E-05 1.869025E-05 1.280944E-05 5.649467E-06 2.799171E-06
325 1.428214E+02 5.178571E-01 1.455859E+00 1.455232E-03 1.174643E-03 1.272792E-03 1.391669E-03 2.162634E-05 1.890864E-05 1.295912E-05 5.715480E-06 2.831879E-06
326 1.433393E+02 5.178571E-01 1.455859E+00 1.472142E-03 1.188293E-03 1.287583E-03 1.407841E-03 2.187765E-05 1.912837E-05 1.310971E-05 5.781898E-06 2.864787E-06
327 1.438571E+02 5.178571E-01 1.455859E+00 1.489154E-03 1.202025E-03 1.302462E-03 1.424110E-03 2.213047E-05 1.934942E-05 1.326121E-05 5.848713E-06 2.897892E-06
328 1.443750E+02 5.178571E-01 1.455859E+00 1.506265E-03 1.215836E-03 1.317428E-03 1.440473E-03 2.238475E-05 1.957175E-05 1.341358E-05 5.915917E-06 2.931190E-06
329 1.448929E+02 5.178571E-01 1.455859E+00 1.523473E-03 1.229726E-03 1.332478E-03 1.456929E-03 2.264048E-05 1.979534E-05 1.356682E-05 5.983500E-06 2.964676E-06
330 1.454107E+02 5.178571E-01 1.455859E+00 1.540775E-03 1.243692E-03 1.347611E-03 1.473475E-03 2.289760E-05 2.002015E-05 1.372090E-05 6.051454E-06 2.998345E-06
331 1.459286E+02 5.178571E-01 1.455859E+00 1.558169E-03 1.257732E-03 1.362824E-03 1.490110E-03 2.315610E-05 2.024616E-05 1.387579E-05 6.119770E-06 3.032194E-06
332 1.464464E+02 5.178571E-01 1.455859E+00 1.575652E-03 1.271845E-03 1.378116E-03 1.506830E-03 2.341593E-05 2.047334E-05 1.403149E-05 6.188438E-06 3.066217E-06
333 1.469643E+02 5.178571E-01 1.455859E+00 1.593223E-03 1.286028E-03 1.393484E-03 1.523633E-03 2.367705E-05 2.070164E-05 1.418796E-05 6.257448E-06 3.100410E-06
334 1.474821E+02 5.178571E-01 1.455859E+00 1.610878E-03 1.300279E-03 1.408926E-03 1.540517E-03 2.393942E-05 2.093105E-05 1.434518E-05 6.326789E-06 3.134767E-06
335 1.480000E+02 5.178571E-01 1.455859E+00 1.628615E-03 1.314596E-03 1.424439E-03 1.557479E-03 2.420301E-05 2.116151E-05 1.450313E-05 6.396452E-06 3.169283E-06
336 1.485179E+02 5.178571E-01 1.455859E+00 1.646431E-03 1.328976E-03 1.440021E-03 1.574517E-03 2.446777E-05 2.139300E-05 1.466179E-05 6.466424E-06 3.203953E-06
337 1.490357E+02 5.178571E-01 1.455859E+00 1.664323E-03 1.343418E-03 1.455670E-03 1.591627E-03 2.473366E-05 2.162548E-05 1.482112E-05 6.536694E-06 3.238770E-06
338 1.495536E+02 5.178571E-01 1.455859E+00 1.682287E-03 1.357919E-03 1.471382E-03 1.608807E-03 2.500064E-05 2.185891E-05 1.498110E-05 6.607252E-06 3.273729E-06
339 1.500714E+02 5.178571E-01 1.455859E+00 1.700322E-03 1.372477E-03 1.487156E-03 1.626054E-03 2.526865E-05 2.209324E-05 1.514170E-05 6.678083E-06 3.308825E-06
340 1.505893E+02 5.178571E-01 1.455859E+00 1.718423E-03 1.387088E-03 1.502988E-03 1.643365E-03 2.553766E-05 2.232844E-05 1.530289E-05 6.749177E-06 3.344050E-06
341 1.511071E+02 5.178571E-01 1.455859E+00 1.736588E-03 1.401750E-03 1.518875E-03 1.660736E-03 2.580761E-05 2.256447E-05 1.546465E-05 6.820520E-06 3.379398E-06
342 1.516250E+02 5.178571E-01 1.455859E+00 1.754813E-03 1.416461E-03 1.534815E-03 1.678165E-03 2.607845E-05 2.280127E-05 1.562695E-05 6.892099E-06 3.414864E-06
343 1.521429E+02 5.178571E-01 1.455859E+00 1.773094E-03 1.431217E-03 1.550805E-03 1.695648E-03 2.635013E-05 2.303881E-05 1.578975E-05 6.963900E-06 3.450439E-06
344 1.526607E+02 5.178571E-01 1.455859E+00 1.791429E-03 1.446017E-03 1.566841E-03 1.713181E-03 2.662260E-05 2.327704E-05 1.595302E-05 7.035909E-06 3.486118E-06
345 1.531786E+02 5.178571E-01 1.455859E+00 1.809813E-03 1.460856E-03 1.582920E-03 1.730762E-03 2.689581E-05 2.351591E-05 1.611673E-05 7.108112E-06 3.521893E-06
346 1.536964E+02 5.178571E-01 1.455859E+00 1.828242E-03 1.475732E-03 1.599039E-03 1.748387E-03 2.716969E-05 2.375538E-05 1.628085E-05 7.180494E-06 3.557757E-06
347 1.542143E+02 5.178571E-01 1.455859E+00 1.846713E-03 1.490642E-03 1.615194E-03 1.766051E-03 2.744419E-05 2.399538E-05 1.644534E-05 7.253041E-06 3.593702E-06
348 1.547321E+02 5.178571E-01 1.455859E+00 1.865223E-03 1.505582E-03 1.631383E-03 1.783752E-03 2.771926E-05 2.423588E-05 1.661017E-05 7.325736E-06 3.629721E-06
349 1.552500E+02 5.178571E-01 1.455859E+00 1.883766E-03 1.520550E-03 1.647601E-03 1.801485E-03 2.799483E-05 2.447682E-05 1.677530E-05 7.398565E-06 3.665805E-06
350 1.557679E+02 5.178571E-01 1.455859E+00 1.902338E-03 1.535541E-03 1.663846E-03 1.819246E-03 2.827084E-05 2.471815E-05 1.694069E-05 7.471510E-06 3.701948E-06
351 1.562857E+02 5.178571E-01 1.455859E+00 1.920937E-03 1.550553E-03 1.680112E-03 1.837032E-03 2.854723E-05 2.495981E-05 1.710631E-05 7.544555E-06 3.738140E-06
352 1.568036E+02 5.178571E-01 1.455859E+00 1.939556E-03 1.565583E-03 1.696398E-03 1.854839E-03 2.882393E-05 2.520174E-05 1.727212E-05 7.617684E-06 3.774373E-06
353 1.573214E+02 5.178571E-01 1.455859E+00 1.958192E-03 1.580626E-03 1.712698E-03 1.872661E-03 2.910089E-05 2.544389E-05 1.743808E-05 7.690879E-06 3.810640E-06
354 1.578393E+02 5.178571E-01 1.455859E+00 1.976841E-03 1.595679E-03 1.729008E-03 1.890495E-03 2.937803E-05 2.568621E-05 1.760415E-05 7.764123E-06 3.846930E-06
355 1.583571E+02 5.178571E-01 1.455859E+00 1.995498E-03 1.610738E-03 1.745326E-03 1.908337E-03 2.965529E-05 2.592862E-05 1.777029E-05 7.837398E-06 3.883236E-06
356 1.588750E+02 5.178571E-01 1.455859E+00 2.014158E-03 1.625800E-03 1.761647E-03 1.926182E-03 2.993260E-05 2.617108E-05 1.793646E-05 7.910685E-06 3.919548E-06
357 1.593929E+02 5.178571E-01 1.455859E+00 2.032816E-03 1.640861E-03 1.777966E-03 1.944025E-03 3.020988E-05 2.641352E-05 1.810262E-05 7.983966E-06 3.955857E-06
358 1.599107E+02 5.178571E-01 1.455859E+00 2.051468E-03 1.655917E-03 1.794279E-03 1.961862E-03 3.048707E-05 2.665588E-05 1.826872E-05 8.057223E-06 3.992154E-06
359 1.604286E+02 5.178571E-01 1.455859E+00 2.070109E-03 1.670963E-03 1.810583E-03 1.979689E-03 3.076409E-05 2.689809E-05 1.843472E-05 8.130435E-06 4.028429E-06
360 1.609464E+02 5.178571E-01 1.455859E+00 2.088733E-03 1.685997E-03 1.826873E-03 1.997500E-03 3.104087E-05 2.714009E-05 1.860057E-05 8.203584E-06 4.064672E-06
361 1.614643E+02 5.178571E-01 1.455859E+00 2.107337E-03 1.701013E-03 1.843144E-03 2.015291E-03 3.131734E-05 2.738181E-05 1.876624E-05 8.276649E-06 4.100874E-06
362 1.619821E+02 5.178571E-01 1.455859E+00 2.125914E-03 1.716008E-03 1.859392E-03 2.033056E-03 3.159341E-05 2.762319E-05 1.893167E-05 8.349611E-06 4.137025E-06
363 1.625000E+02 5.178571E-01 1.455859E+00 2.144459E-03 1.730978E-03 1.875612E-03 2.050792E-03 3.186902E-05 2.786416E-05 1.909682E-05 8.422449E-06 4.173115E-06
364 1.630179E+02 5.178571E-01 1.455859E+00 2.162968E-03 1.745918E-03 1.891801E-03 2.068492E-03 3.214408E-05 2.810465E-05 1.926165E-05 8.495143E-06 4.209132E-06
365 1.635357E+02 5.178571E-01 1.455859E+00 2.181434E-03 1.760824E-03 1.907952E-03 2.086152E-03 3.241851E-05 2.834460E-05 1.942609E-05 8.567670E-06 4.245068E-06
366 1.640536E+02 5.178571E-01 1.455859E+00 2.199853E-03 1.775691E-03 1.924062E-03 2.103766E-03 3.269223E-05 2.858393E-05 1.959012E-05 8.640011E-06 4.280911E-06
367 1.645714E+02 5.178571E-01 1.455859E+00 2.218219E-03 1.790516E-03 1.940125E-03 2.121330E-03 3.296517E-05 2.882256E-05 1.975367E-05 8.712144E-06 4.316651E-06
368 1.650893E+02 5.178571E-01 1.455859E+00 2.236526E-03 1.805293E-03 1.956137E-03 2.138837E-03 3.323724E-05 2.906044E-05 1.991670E-05 8.784046E-06 4.352277E-06
369 1.656071E+02 5.178571E-01 1.455859E+00 2.254769E-03 1.820019E-03 1.972093E-03 2.156284E-03 3.350835E-05 2.929748E-05 2.007916E-05 8.855697E-06 4.387778E-06
370 1.661250E+02 5.178571E-01 1.455859E+00 2.272943E-03 1.834688E-03 1.987988E-03 2.173663E-03 3.377842E-05 2.953362E-05 2.024099E-05 8.927073E-06 4.423143E-06
371 1.666429E+02 5.178571E-01 1.455859E+00 2.291040E-03 1.849296E-03 2.003817E-03 2.190970E-03 3.404738E-05 2.976877E-05 2.040216E-05 8.998153E-06 4.458361E-06
372 1.671607E+02 5.178571E-01 1.455859E+00 2.309057E-03 1.863839E-03 2.019575E-03 2.208200E-03 3.431512E-05 3.000287E-05 2.056260E-05 9.068913E-06 4.493421E-06
373 1.676786E+02 5.178571E-01 1.455859E+00 2.326986E-03 1.878311E-03 2.035256E-03 2.225346E-03 3.458157E-05 3.023584E-05 2.072226E-05 9.139331E-06 4.528312E-06
374 1.681964E+02 5.178571E-01 1.455859E+00 2.344822E-03 1.892708E-03 2.050857E-03 2.242403E-03 3.484664E-05 3.046760E-05 2.088110E-05 9.209384E-06 4.563021E-06
375 1.687143E+02 5.178571E-01 1.455859E+00 2.362560E-03 1.907026E-03 2.066370E-03 2.259366E-03 3.511024E-05 3.069807E-05 2.103906E-05 9.279049E-06 4.597539E-06
376 1.692321E+02 5.178571E-01 1.455859E+00 2.380193E-03 1.921259E-03 2.081793E-03 2.276229E-03 3.537228E-05 3.092718E-05 2.119608E-05 9.348303E-06 4.631852E-06
377 1.697500E+02 5.178571E-01 1.455859E+00 2.397715E-03 1.935402E-03 2.097118E-03 2.292986E-03 3.563268E-05 3.115486E-05 2.135212E-05 9.417122E-06 4.665950E-06
378 1.702679E+02 5.178571E-01 1.455859E+00 2.415120E-03 1.949452E-03 2.112341E-03 2.309631E-03 3.589134E-05 3.138102E-05 2.150712E-05 9.485482E-06 4.699821E-06
379 1.707857E+02 5.178571E-01 1.455859E+00 2.432403E-03 1.963402E-03 2.127457E-03 2.326159E-03 3.614818E-05 3.160558E-05 2.166102E-05 9.553361E-06 4.733453E-06
380 1.713036E+02 5.178571E-01 1.455859E+00 2.449557E-03 1.977249E-03 2.142461E-03 2.342563E-03 3.640311E-05 3.182847E-05 2.181378E-05 9.620733E-06 4.766835E-06
381 1.718214E+02 5.178571E-01 1.455859E+00 2.466576E-03 1.990986E-03 2.157346E-03 2.358839E-03 3.665603E-05 3.204961E-05 2.196534E-05 9.687576E-06 4.799954E-06
382 1.723393E+02 5.178571E-01 1.455859E+00 2.483454E-03 2.004610E-03 2.172108E-03 2.374980E-03 3.690686E-05 3.226891E-05 2.211564E-05 9.753866E-06 4.832798E-06
383 1.728571E+02 5.178571E-01 1.455859E+00 2.500185E-03 2.018115E-03 2.186742E-03 2.390980E-03 3.715550E-05 3.248631E-05 2.226463E-05 9.819578E-06 4.865357E-06
384 1.733750E+02 5.178571E-01 1.455859E+00 2.516763E-03 2.031497E-03 2.201241E-03 2.406834E-03 3.740187E-05 3.270172E-05 2.241226E-05 9.884689E-06 4.897618E-06
385 1.738929E+02 5.178571E-01 1.455859E+00 2.533182E-03 2.044750E-03 2.215602E-03 2.422536E-03 3.764587E-05 3.291506E-05 2.255848E-05 9.949174E-06 4.929569E-06
386 1.744107E+02 5.178571E-01 1.455859E+00 2.549436E-03 2.057869E-03 2.229818E-03 2.438079E-03 3.788741E-05 3.312625E-05 2.270322E-05 1.001301E-05 4.961198E-06
387 1.749286E+02 5.178571E-01 1.455859E+00 2.565518E-03 2.070851E-03 2.243884E-03 2.453459E-03 3.812641E-05 3.333521E-05 2.284643E-05 1.007617E-05 4.992494E-06
388 1.754464E+02 5.178571E-01 1.455859E+00 2.581423E-03 2.083689E-03 2.257794E-03 2.468669E-03 3.836278E-05 3.354187E-05 2.298807E-05 1.013864E-05 5.023445E-06
389 1.759643E+02 5.178571E-01 1.455859E+00 2.597144E-03 2.096379E-03 2.271545E-03 2.483704E-03 3.859641E-05 3.374615E-05 2.312807E-05 1.020039E-05 5.054038E-06
390 1.764821E+02 5.178571E-01 1.455859E+00 2.612676E-03 2.108916E-03 2.285129E-03 2.498557E-03 3.882723E-05 3.394796E-05 2.326638E-05 1.026139E-05 5.084263E-06
391 1.770000E+02 5.178571E-01 1.455859E+00 2.628012E-03 2.121295E-03 2.298543E-03 2.513223E-03 3.905514E-05 3.414723E-05 2.340295E-05 1.032162E-05 5.114107E-06
392 1.775179E+02 5.178571E-01 1.455859E+00 2.643146E-03 2.133511E-03 2.311780E-03 2.527697E-03 3.928006E-05 3.434389E-05 2.353773E-05 1.038106E-05 5.143559E-06
393 1.780357E+02 5.178571E-01 1.455859E+00 2.658074E-03 2.145560E-03 2.324836E-03 2.541972E-03 3.950189E-05 3.453784E-05 2.367066E-05 1.043969E-05 5.172608E-06
394 1.785536E+02 5.178571E-01 1.455859E+00 2.672787E-03 2.157437E-03 2.337705E-03 2.556043E-03 3.972056E-05 3.472903E-05 2.380169E-05 1.049748E-05 5.201241E-06
395 1.790714E+02 5.178571E-01 1.455859E+00 2.687282E-03 2.169137E-03 2.350382E-03 2.569905E-03 3.993596E-05 3.491736E-05 2.393077E-05 1.055441E-05 5.229447E-06
396 1.795893E+02 5.178571E-01 1.455859E+00 2.701551E-03 2.180655E-03 2.362863E-03 2.583551E-03 4.014802E-05 3.510277E-05 2.405784E-05 1.061045E-05 5.257215E-06
397 1.801071E+02 5.178571E-01 1.455859E+00 2.715590E-03 2.191987E-03 2.375142E-03 2.596976E-03 4.035665E-05 3.528519E-05 2.418286E-05 1.066559E-05 5.284535E-06
398 1.806250E+02 5.178571E-01 1.455859E+00 2.729392E-03 2.203128E-03 2.387213E-03 2.610176E-03 4.056177E-05 3.546453E-05 2.430577E-05 1.071980E-05 5.311394E-06
399 1.811429E+02 5.178571E-01 1.455859E+00 2.742952E-03 2.214073E-03 2.399073E-03 2.623143E-03 4.076328E-05 3.564072E-05 2.442652E-05 1.077305E-05 5.337781E-06
400 1.816607E+02 5.178571E-01 1.455859E+00 2.756264E-03 2.224819E-03 2.410717E-03 2.635874E-03 4.096112E-05 3.581369E-05 2.454507E-05 1.082534E-05 5.363687E-06
401 1.821786E+02 5.178571E-01 1.455859E+00 2.769324E-03 2.235360E-03 2.422139E-03 2.648363E-03 4.115519E-05 3.598338E-05 2.466136E-05 1.087663E-05 5.389100E-06
402 1.826964E+02 5.178571E-01 1.455859E+00 2.782124E-03 2.245692E-03 2.433334E-03 2.660604E-03 4.134542E-05 3.614970E-05 2.477535E-05 1.092690E-05 5.414010E-06
403 1.832143E+02 5.178571E-01 1.455859E+00 2.794661E-03 2.255812E-03 2.444299E-03 2.672593E-03 4.153173E-05 3.631260E-05 2.488699E-05 1.097614E-05 5.438406E-06
404 1.837321E+02 5.178571E-01 1.455859E+00 2.806928E-03 2.265714E-03 2.455029E-03 2.684325E-03 4.171403E-05 3.647199E-05 2.499624E-05 1.102432E-05 5.462278E-06
405 1.842500E+02 5.178571E-01 1.455859E+00 2.818921E-03 2.275394E-03 2.465518E-03 2.695794E-03 4.189226E-05 3.662782E-05 2.510304E-05 1.107143E-05 5.485616E-06
406 1.847679E+02 5.178571E-01 1.455859E+00 2.830635E-03 2.284849E-03 2.475763E-03 2.706996E-03 4.206634E-05 3.678003E-05 2.520735E-05 1.111743E-05 5.508411E-06
407 1.852857E+02 5.178571E-01 1.455859E+00 2.842064E-03 2.294075E-03 2.485760E-03 2.717926E-03 4.223619E-05 3.692853E-05 2.530913E-05 1.116232E-05 5.530653E-06
408 1.858036E+02 5.178571E-01 1.455859E+00 2.853204E-03 2.303067E-03 2.495503E-03 2.728579E-03 4.240175E-05 3.707328E-05 2.540833E-05 1.120607E-05 5.552331E-06
409 1.863214E+02 5.178571E-01 1.455859E+00 2.864050E-03 2.311822E-03 2.504990E-03 2.738952E-03 4.256293E-05 3.721421E-05 2.550492E-05 1.124867E-05 5.573438E-06
410 1.868393E+02 5.178571E-01 1.455859E+00 2.874598E-03 2.320336E-03 2.514215E-03 2.749039E-03 4.271968E-05 3.735127E-05 2.559885E-05 1.129010E-05 5.593964E-06
411 1.873571E+02 5.178571E-01 1.455859E+00 2.884843E-03 2.328605E-03 2.523175E-03 2.758836E-03 4.287193E-05 3.748438E-05 2.569008E-05 1.133034E-05 5.613900E-06
412 1.878750E+02 5.178571E-01 1.455859E+00 2.894780E-03 2.336627E-03 2.531867E-03 2.768340E-03 4.301961E-05 3.761350E-05 2.577858E-05 1.136936E-05 5.633238E-06
413 1.883929E+02 5.178571E-01 1.455859E+00 2.904406E-03 2.344396E-03 2.540286E-03 2.777545E-03 4.316266E-05 3.773858E-05 2.586430E-05 1.140717E-05 5.651970E-06
414 1.889107E+02 5.178571E-01 1.455859E+00 2.913716E-03 2.351911E-03 2.548429E-03 2.786448E-03 4.330102E-05 3.785955E-05 2.594720E-05 1.144374E-05 5.670087E-06
415 1.894286E+02 5.178571E-01 1.455859E+00 2.922706E-03 2.359168E-03 2.556292E-03 2.795046E-03 4.343462E-05 3.797636E-05 2.602726E-05 1.147905E-05 5.687582E-06
416 1.899464E+02 5.178571E-01 1.455859E+00 2.931373E-03 2.366164E-03 2.563872E-03 2.803334E-03 4.356342E-05 3.808898E-05 2.610444E-05 1.151309E-05 5.704448E-06
417 1.904643E+02 5.178571E-01 1.455859E+00 2.939713E-03 2.372896E-03 2.571166E-03 2.811310E-03 4.368736E-05 3.819734E-05 2.617871E-05 1.154584E-05 5.720677E-06
418 1.909821E+02 5.178571E-01 1.455859E+00 2.947722E-03 2.379360E-03 2.578171E-03 2.818969E-03 4.380638E-05 3.830140E-05 2.625003E-05 1.157729E-05 5.736262E-06
419 1.915000E+02 5.178571E-01 1.455859E+00 2.955396E-03 2.385555E-03 2.584884E-03 2.826308E-03 4.392044E-05 3.840112E-05 2.631838E-05 1.160744E-05 5.751197E-06
420 1.920179E+02 5.178571E-01 1.455859E+00 2.962734E-03 2.391478E-03 2.591301E-03 2.833325E-03 4.402948E-05 3.849646E-05 2.638372E-05 1.163626E-05 5.765476E-06
421 1.925357E+02 5.178571E-01 1.455859E+00 2.969731E-03 2.397126E-03 2.597421E-03 2.840016E-03 4.413346E-05 3.858738E-05 2.644603E-05 1.166374E-05 5.779092E-06
422 1.930536E+02 5.178571E-01 1.455859E+00 2.976384E-03 2.402496E-03 2.603241E-03 2.846379E-03 4.423234E-05 3.867383E-05 2.650528E-05 1.168987E-05 5.792040E-06
423 1.935714E+02 5.178571E-01 1.455859E+00 2.982692E-03 2.407588E-03 2.608757E-03 2.852411E-03 4.432608E-05 3.875579E-05 2.656145E-05 1.171464E-05 5.804314E-06
424 1.940893E+02 5.178571E-01 1.455859E+00 2.988651E-03 2.412398E-03 2.613969E-03 2.858110E-03 4.441463E-05 3.883322E-05 2.661451E-05 1.173805E-05 5.815910E-06
425 1.946071E+02 5.178571E-01 1.455859E+00 2.994258E-03 2.416924E-03 2.618874E-03 2.863473E-03 4.449797E-05 3.890608E-05 2.666445E-05 1.176007E-05 5.826823E-06
426 1.951250E+02 5.178571E-01 1.455859E+00 2.999513E-03 2.421165E-03 2.623470E-03 2.868498E-03 4.457606E-05 3.897436E-05 2.671124E-05 1.178071E-05 5.837048E-06
427 1.956429E+02 5.178571E-01 1.455859E+00 3.004412E-03 2.425120E-03 2.627754E-03 2.873183E-03 4.464886E-05 3.903801E-05 2.675487E-05 1.179995E-05 5.846581E-06
428 1.961607E+02 5.178571E-01 1.455859E+00 3.008953E-03 2.428786E-03 2.631727E-03 2.877526E-03 4.471635E-05 3.909702E-05 2.679531E-05 1.181779E-05 5.855419E-06
429 1.966786E+02 5.178571E-01 1.455859E+00 3.013136E-03 2.432162E-03 2.635385E-03 2.881526E-03 4.477851E-05 3.915137E-05 2.683256E-05 1.183421E-05 5.863559E-06
430 1.971964E+02 5.178571E-01 1.455859E+00 3.016958E-03 2.435247E-03 2.638728E-03 2.885181E-03 4.483531E-05 3.920103E-05 2.686660E-05 1.184922E-05 5.870996E-06
431 1.977143E+02 5.178571E-01 1.455859E+00 3.020418E-03 2.438040E-03 2.641754E-03 2.888490E-03 4.488673E-05 3.924599E-05 2.689741E-05 1.186281E-05 5.877729E-06
432 1.982321E+02 5.178571E-01 1.455859E+00 3.023515E-03 2.440539E-03 2.644462E-03 2.891451E-03 4.493275E-05 3.928623E-05 2.692499E-05 1.187498E-05 5.883756E-06
433 1.987500E+02 5.178571E-01 1.455859E+00 3.026247E-03 2.442745E-03 2.646853E-03 2.894065E-03 4.497336E-05 3.932173E-05 2.694932E-05 1.188571E-05 5.889074E-06
434 1.992679E+02 5.178571E-01 1.455859E+00 3.028615E-03 2.444656E-03 2.648923E-03 2.896329E-03 4.500855E-05 3.935250E-05 2.697040E-05 1.189501E-05 5.893681E-06
435 1.997857E+02 5.178571E-01 1.455859E+00 3.030617E-03 2.446272E-03 2.650674E-03 2.898243E-03 4.503830E-05 3.937851E-05 2.698823E-05 1.190287E-05 5.897577E-06
436 2.003036E+02 5.178571E-01 1.455859E+00 3.032253E-03 2.447593E-03 2.652105E-03 2.899808E-03 4.506261E-05 3.939977E-05 2.700280E-05 1.190930E-05 5.900761E-06
437 2.008214E+02 5.178571E-01 1.455859E+00 3.033523E-03 2.448618E-03 2.653216E-03 2.901022E-03 4.508148E-05 3.941627E-05 2.701411E-05 1.191428E-05 5.903231E-06
438 2.013393E+02 5.178571E-01 1.455859E+00 3.034426E-03 2.449347E-03 2.654006E-03 2.901886E-03 4.509490E-05 3.942800E-05 2.702215E-05 1.191783E-05 5.904989E-06
439 2.018571E+02 5.178571E-01 1.455859E+00 3.034963E-03 2.449780E-03 2.654475E-03 2.902399E-03 4.510288E-05 3.943497E-05 2.702693E-05 1.191994E-05 5.906033E-06
440 2.023750E+02 5.178571E-01 1.455859E+00 3.035133E-03 2.449918E-03 2.654624E-03 2.902562E-03 4.510541E-05 3.943719E-05 2.702845E-05 1.192061E-05 5.906365E-06
441 2.028929E+02 5.178571E-01 1.455859E+00 3.034938E-03 2.449760E-03 2.654454E-03 2.902376E-03 4.510252E-05 3.943466E-05 2.702671E-05 1.191984E-05 5.905986E-06
442 2.034107E+02 5.178571E-01 1.455859E+00 3.034378E-03 2.449308E-03 2.653964E-03 2.901840E-03 4.509419E-05 3.942738E-05 2.702173E-05 1.191764E-05 5.904896E-06
443 2.039286E+02 5.178571E-01 1.455859E+00 3.033454E-03 2.448562E-03 2.653155E-03 2.900956E-03 4.508046E-05 3.941537E-05 2.701349E-05 1.191401E-05 5.903097E-06
444 2.044464E+02 5.178571E-01 1.455859E+00 3.032166E-03 2.447523E-03 2.652029E-03 2.899725E-03 4.506132E-05 3.939864E-05 2.700203E-05 1.190896E-05 5.900592E-06
445 2.049643E+02 5.178571E-01 1.455859E+00 3.030517E-03 2.446191E-03 2.650587E-03 2.898147E-03 4.503681E-05 3.937721E-05 2.698734E-05 1.190248E-05 5.897382E-06
446 2.054821E+02 5.178571E-01 1.455859E+00 3.028507E-03 2.444569E-03 2.648828E-03 2.896225E-03 4.500694E-05 3.935109E-05 2.696944E-05 1.189458E-05 5.893470E-06
447 2.060000E+02 5.178571E-01 1.455859E+00 3.026137E-03 2.442656E-03 2.646756E-03 2.893959E-03 4.497172E-05 3.932030E-05 2.694834E-05 1.188528E-05 5.888859E-06
448 2.065179E+02 5.178571E-01 1.455859E+00 3.023410E-03 2.440455E-03 2.644371E-03 2.891351E-03 4.493120E-05 3.928487E-05 2.692405E-05 1.187456E-05 5.883552E-06
449 2.070357E+02 5.178571E-01 1.455859E+00 3.020328E-03 2.437967E-03 2.641675E-03 2.888403E-03 4.488539E-05 3.924481E-05 2.689660E-05 1.186246E-05 5.877554E-06
450 2.075536E+02 5.178571E-01 1.455859E+00 3.016891E-03 2.435193E-03 2.638669E-03 2.885117E-03 4.483432E-05 3.920017E-05 2.686600E-05 1.184896E-05 5.870867E-06
451 2.080714E+02 5.178571E-01 1.455859E+00 3.013104E-03 2.432136E-03 2.635357E-03 2.881495E-03 4.477803E-05 3.915095E-05 2.683227E-05 1.183409E-05 5.863496E-06
452 2.085893E+02 5.178571E-01 1.455859E+00 3.008967E-03 2.428797E-03 2.631739E-03 2.877539E-03 4.471656E-05 3.909720E-05 2.679544E-05 1.181784E-05 5.855446E-06
453 2.091071E+02 5.178571E-01 1.455859E+00 3.004484E-03 2.425178E-03 2.627818E-03 2.873252E-03 4.464993E-05 3.903895E-05 2.675551E-05 1.180023E-05 5.846722E-06
454 2.096250E+02 5.178571E-01 1.455859E+00 2.999657E-03 2.421282E-03 2.623596E-03 2.868635E-03 4.457820E-05 3.897623E-05 2.671253E-05 1.178127E-05 5.837328E-06
455 2.101429E+02 5.178571E-01 1.455859E+00 2.994489E-03 2.417110E-03 2.619075E-03 2.863693E-03 4.450139E-05 3.890908E-05 2.666650E-05 1.176097E-05 5.827271E-06
456 2.106607E+02 5.178571E-01 1.455859E+00 2.988983E-03 2.412666E-03 2.614259E-03 2.858427E-03 4.441957E-05 3.883753E-05 2.661747E-05 1.173935E-05 5.816556E-06
457 2.111786E+02 5.178571E-01 1.455859E+00 2.983142E-03 2.407951E-03 2.609151E-03 2.852841E-03 4.433276E-05 3.876163E-05 2.656545E-05 1.171641E-05 5.805189E-06
458 2.116964E+02 5.178571E-01 1.455859E+00 2.976969E-03 2.402968E-03 2.603752E-03 2.846938E-03 4.424103E-05 3.868143E-05 2.651048E-05 1.169216E-05 5.793177E-06
459 2.122143E+02 5.178571E-01 1.455859E+00 2.970468E-03 2.397721E-03 2.598066E-03 2.840721E-03 4.414441E-05 3.859695E-05 2.645259E-05 1.166663E-05 5.780526E-06
460 2.127321E+02 5.178571E-01 1.455859E+00 2.963642E-03 2.392211E-03 2.592096E-03 2.834194E-03 4.404297E-05 3.850826E-05 2.639180E-05 1.163982E-05 5.767243E-06
461 2.132500E+02 5.178571E-01 1.455859E+00 2.956495E-03 2.386442E-03 2.585845E-03 2.827359E-03 4.393676E-05 3.841540E-05 2.632816E-05 1.161175E-05 5.753335E-06
462 2.137679E+02 5.178571E-01 1.455859E+00 2.949031E-03 2.380417E-03 2.579317E-03 2.820221E-03 4.382584E-05 3.831842E-05 2.626169E-05 1.158244E-05 5.738810E-06
463 2.142857E+02 5.178571E-01 1.455859E+00 2.941254E-03 2.374139E-03 2.572514E-03 2.812783E-03 4.371026E-05 3.821736E-05 2.619243E-05 1.155189E-05 5.723676E-06
464 2.148036E+02 5.178571E-01 1.455859E+00 2.933167E-03 2.367612E-03 2.565441E-03 2.805050E-03 4.359008E-05 3.811229E-05 2.612042E-05 1.152013E-05 5.707939E-06
465 2.153214E+02 5.178571E-01 1.455859E+00 2.924775E-03 2.360838E-03 2.558102E-03 2.797025E-03 4.346538E-05 3.800325E-05 2.604569E-05 1.148717E-05 5.691609E-06
466 2.158393E+02 5.178571E-01 1.455859E+00 2.916083E-03 2.353822E-03 2.550499E-03 2.788712E-03 4.333620E-05 3.789030E-05 2.596828E-05 1.145303E-05 5.674694E-06
467 2.163571E+02 5.178571E-01 1.455859E+00 2.907094E-03 2.346566E-03 2.542637E-03 2.780116E-03 4.320261E-05 3.777351E-05 2.588824E-05 1.141773E-05 5.657201E-06
468 2.168750E+02 5.178571E-01 1.455859E+00 2.897813E-03 2.339075E-03 2.534520E-03 2.771240E-03 4.306469E-05 3.765292E-05 2.580559E-05 1.138128E-05 5.639141E-06
469 2.173929E+02 5.178571E-01 1.455859E+00 2.888245E-03 2.331352E-03 2.526151E-03 2.762090E-03 4.292250E-05 3.752859E-05 2.572038E-05 1.134370E-05 5.620522E-06
470 2.179107E+02 5.178571E-01 1.455859E+00 2.878395E-03 2.323401E-03 2.517536E-03 2.752670E-03 4.277611E-05 3.740060E-05 2.563266E-05 1.130501E-05 5.601352E-06
471 2.184286E+02 5.178571E-01 1.455859E+00 2.868266E-03 2.315225E-03 2.508677E-03 2.742984E-03 4.262559E-05 3.726899E-05 2.554247E-05 1.126523E-05 5.581642E-06
472 2.189464E+02 5.178571E-01 1.455859E+00 2.857865E-03 2.306829E-03 2.499580E-03 2.733037E-03 4.247101E-05 3.713384E-05 2.544984E-05 1.122438E-05 5.561401E-06
473 2.194643E+02 5.178571E-01 1.455859E+00 2.847195E-03 2.298217E-03 2.490248E-03 2.722833E-03 4.231245E-05 3.699521E-05 2.535483E-05 1.118247E-05 5.540638E-06
474 2.199821E+02 5.178571E-01 1.455859E+00 2.836263E-03 2.289392E-03 2.480686E-03 2.712378E-03 4.214998E-05 3.685316E-05 2.525747E-05 1.113954E-05 5.519364E-06
475 2.205000E+02 5.178571E-01 1.455859E+00 2.825073E-03 2.280360E-03 2.470899E-03 2.701677E-03 4.198368E-05 3.670775E-05 2.515782E-05 1.109559E-05 5.497587E-06
476 2.210179E+02 5.178571E-01 1.455859E+00 2.813629E-03 2.271123E-03 2.460890E-03 2.690734E-03 4.181363E-05 3.655907E-05 2.505592E-05 1.105064E-05 5.475319E-06
477 2.215357E+02 5.178571E-01 1.455859E+00 2.801939E-03 2.261686E-03 2.450665E-03 2.679554E-03 4.163989E-05 3.640717E-05 2.495181E-05 1.100473E-05 5.452569E-06
478 2.220536E+02 5.178571E-01 1.455859E+00 2.790006E-03 2.252055E-03 2.440228E-03 2.668142E-03 4.146256E-05 3.625212E-05 2.484555E-05 1.095786E-05 5.429348E-06
479 2.225714E+02 5.178571E-01 1.455859E+00 2.777837E-03 2.242231E-03 2.429584E-03 2.656504E-03 4.128170E-05 3.609399E-05 2.473717E-05 1.091006E-05 5.405666E-06
480 2.230893E+02 5.178571E-01 1.455859E+00 2.765435E-03 2.232221E-03 2.418738E-03 2.644645E-03 4.109741E-05 3.593286E-05 2.462674E-05 1.086136E-05 5.381534E-06
481 2.236071E+02 5.178571E-01 1.455859E+00 2.752808E-03 2.222029E-03 2.407694E-03 2.632569E-03 4.090976E-05 3.576878E-05 2.451429E-05 1.081177E-05 5.356961E-06
482 2.241250E+02 5.178571E-01 1.455859E+00 2.739961E-03 2.211658E-03 2.396457E-03 2.620282E-03 4.071882E-05 3.560185E-05 2.439988E-05 1.076131E-05 5.331960E-06
483 2.246429E+02 5.178571E-01 1.455859E+00 2.726898E-03 2.201114E-03 2.385032E-03 2.607790E-03 4.052470E-05 3.543212E-05 2.428355E-05 1.071000E-05 5.306540E-06
484 2.251607E+02 5.178571E-01 1.455859E+00 2.713626E-03 2.190401E-03 2.373423E-03 2.595098E-03 4.032746E-05 3.525966E-05 2.416536E-05 1.065787E-05 5.280712E-06
485 2.256786E+02 5.178571E-01 1.455859E+00 2.700149E-03 2.179523E-03 2.361637E-03 2.582210E-03 4.012719E-05 3.508456E-05 2.404535E-05 1.060494E-05 5.254487E-06
486 2.261964E+02 5.178571E-01 1.455859E+00 2.686475E-03 2.168485E-03 2.349676E-03 2.569133E-03 3.992397E-05 3.490688E-05 2.392358E-05 1.055124E-05 5.227876E-06
487 2.267143E+02 5.178571E-01 1.455859E+00 2.672607E-03 2.157292E-03 2.337548E-03 2.555871E-03 3.971788E-05 3.472669E-05 2.380009E-05 1.049677E-05 5.200891E-06
488 2.272321E+02 5.178571E-01 1.455859E+00 2.658553E-03 2.145947E-03 2.325255E-03 2.542431E-03 3.950902E-05 3.454407E-05 2.367493E-05 1.044157E-05 5.173541E-06
489 2.277500E+02 5.178571E-01 1.455859E+00 2.644317E-03 2.134456E-03 2.312804E-03 2.528817E-03 3.929746E-05 3.435910E-05 2.354816E-05 1.038566E-05 5.145838E-06
490 2.282679E+02 5.178571E-01 1.455859E+00 2.629905E-03 2.122823E-03 2.300199E-03 2.515034E-03 3.908328E-05 3.417184E-05 2.341982E-05 1.032906E-05 5.117792E-06
491 2.287857E+02 5.178571E-01 1.455859E+00 2.615323E-03 2.111053E-03 2.287445E-03 2.501089E-03 3.886658E-05 3.398237E-05 2.328996E-05 1.027179E-05 5.089416E-06
492 2.293036E+02 5.178571E-01 1.455859E+00 2.600577E-03 2.099150E-03 2.274547E-03 2.486987E-03 3.864743E-05 3.379076E-05 2.315864E-05 1.021387E-05 5.060719E-06
493 2.298214E+02 5.178571E-01 1.455859E+00 2.585671E-03 2.087118E-03 2.261511E-03 2.472732E-03 3.842592E-05 3.359708E-05 2.302591E-05 1.015533E-05 5.031713E-06
494 2.303393E+02 5.178571E-01 1.455859E+00 2.570613E-03 2.074963E-03 2.248340E-03 2.458331E-03 3.820213E-05 3.340142E-05 2.289180E-05 1.009618E-05 5.002409E-06
495 2.308571E+02 5.178571E-01 1.455859E+00 2.555406E-03 2.062689E-03 2.235040E-03 2.443789E-03 3.797615E-05 3.320383E-05 2.275639E-05 1.003646E-05 4.972817E-06
496 2.313750E+02 5.178571E-01 1.455859E+00 2.540058E-03 2.050300E-03 2.221616E-03 2.429111E-03 3.774805E-05 3.300440E-05 2.261971E-05 9.976179E-06 4.942949E-06
497 2.318929E+02 5.178571E-01 1.455859E+00 2.524573E-03 2.037800E-03 2.208072E-03 2.414302E-03 3.751793E-05 3.280319E-05 2.248181E-05 9.915361E-06 4.912815E-06
498 2.324107E+02 5.178571E-01 1.455859E+00 2.508957E-03 2.025195E-03 2.194414E-03 2.399369E-03 3.728585E-05 3.260029E-05 2.234275E-05 9.854028E-06 4.882427E-06
499 2.329286E+02 5.178571E-01 1.455859E+00 2.493215E-03 2.012489E-03 2.180646E-03 2.384315E-03 3.705192E-05 3.239575E-05 2.220257E-05 9.792203E-06 4.851794E-06
500 2.334464E+02 5.178571E-01 1.455859E+00 2.477354E-03 1.999686E-03 2.166773E-03 2.369146E-03 3.681620E-05 3.218965E-05 2.206132E-05 9.729907E-06 4.820927E-06
501 2.339643E+02 5.178571E-01 1.455859E+00 2.461378E-03 1.986790E-03 2.152800E-03 2.353868E-03 3.657878E-05 3.198207E-05 2.191905E-05 9.667161E-06 4.789838E-06
502 2.344821E+02 5.178571E-01 1.455859E+00 2.445293E-03 1.973807E-03 2.138731E-03 2.338486E-03 3.633974E-05 3.177307E-05 2.177581E-05 9.603986E-06 4.758537E-06
503 2.350000E+02 5.178571E-01 1.455859E+00 2.429104E-03 1.960740E-03 2.124572E-03 2.323004E-03 3.609916E-05 3.156272E-05 2.163164E-05 9.540405E-06 4.727034E-06
504 2.355179E+02 5.178571E-01 1.455859E+00 2.412817E-03 1.947593E-03 2.110327E-03 2.307428E-03 3.585712E-05 3.135109E-05 2.148661E-05 9.476437E-06 4.695339E-06
505 2.360357E+02 5.178571E-01 1.455859E+00 2.396437E-03 1.934371E-03 2.096000E-03 2.291764E-03 3.561369E-05 3.113825E-05 2.134074E-05 9.412103E-06 4.663464E-06
506 2.365536E+02 5.178571E-01 1.455859E+00 2.379969E-03 1.921078E-03 2.081597E-03 2.276015E-03 3.536896E-05 3.092428E-05 2.119409E-05 9.347425E-06 4.631417E-06
507 2.370714E+02 5.178571E-01 1.455859E+00 2.363419E-03 1.907719E-03 2.067121E-03 2.260187E-03 3.512300E-05 3.070923E-05 2.104670E-05 9.282422E-06 4.599210E-06
508 2.375893E+02 5.178571E-01 1.455859E+00 2.346791E-03 1.894297E-03 2.052578E-03 2.244286E-03 3.487589E-05 3.049317E-05 2.089863E-05 9.217115E-06 4.566852E-06
509 2.381071E+02 5.178571E-01 1.455859E+00 2.330090E-03 1.880817E-03 2.037971E-03 2.228315E-03 3.462770E-05 3.027617E-05 2.074991E-05 9.151523E-06 4.534353E-06
510 2.386250E+02 5.178571E-01 1.455859E+00 2.313323E-03 1.867282E-03 2.023306E-03 2.212279E-03 3.437851E-05 3.005830E-05 2.060059E-05 9.085667E-06 4.501723E-06
511 2.391429E+02 5.178571E-01 1.455859E+00 2.296492E-03 1.853697E-03 2.008585E-03 2.196184E-03 3.412840E-05 2.983962E-05 2.045071E-05 9.019566E-06 4.468971E-06
512 2.396607E+02 5.178571E-01 1.455859E+00 2.279605E-03 1.840066E-03 1.993815E-03 2.180034E-03 3.387743E-05 2.962019E-05 2.030032E-05 8.953239E-06 4.436108E-06
513 2.401786E+02 5.178571E-01 1.455859E+00 2.262665E-03 1.826392E-03 1.978999E-03 2.163834E-03 3.362568E-05 2.940007E-05 2.014947E-05 8.886706E-06 4.403142E-06
514 2.406964E+02 5.178571E-01 1.455859E+00 2.245677E-03 1.812679E-03 1.964140E-03 2.147588E-03 3.337322E-05 2.917934E-05 1.999819E-05 8.819985E-06 4.370084E-06
515 2.412143E+02 5.178571E-01 1.455859E+00 2.228645E-03 1.798932E-03 1.949244E-03 2.131301E-03 3.312012E-05 2.895804E-05 1.984652E-05 8.753094E-06 4.336941E-06
516 2.417321E+02 5.178571E-01 1.455859E+00 2.211576E-03 1.785154E-03 1.934315E-03 2.114977E-03 3.286645E-05 2.873625E-05 1.969451E-05 8.686053E-06 4.303724E-06
517 2.422500E+02 5.178571E-01 1.455859E+00 2.194472E-03 1.771348E-03 1.919355E-03 2.098620E-03 3.261227E-05 2.851401E-05 1.954220E-05 8.618878E-06 4.270440E-06
518 2.427679E+02 5.178571E-01 1.455859E+00 2.177339E-03 1.757518E-03 1.904370E-03 2.082236E-03 3.235766E-05 2.829139E-05 1.938963E-05 8.551588E-06 4.237100E-06
519 2.432857E+02 5.178571E-01 1.455859E+00 2.160182E-03 1.743669E-03 1.889364E-03 2.065827E-03 3.210267E-05 2.806845E-05 1.923684E-05 8.484200E-06 4.203711E-06
520 2.438036E+02 5.178571E-01 1.455859E+00 2.143003E-03 1.729803E-03 1.874339E-03 2.049399E-03 3.184738E-05 2.784525E-05 1.908386E-05 8.416731E-06 4.170282E-06
521 2.443214E+02 5.178571E-01 1.455859E+00 2.125809E-03 1.715923E-03 1.859300E-03 2.032956E-03 3.159185E-05 2.762183E-05 1.893074E-05 8.349199E-06 4.136821E-06
522 2.448393E+02 5.178571E-01 1.455859E+00 2.108602E-03 1.702034E-03 1.844250E-03 2.016501E-03 3.133614E-05 2.739825E-05 1.877751E-05 8.281619E-06 4.103337E-06
523 2.453571E+02 5.178571E-01 1.455859E+00 2.091387E-03 1.688139E-03 1.829194E-03 2.000038E-03 3.108031E-05 2.717457E-05 1.862421E-05 8.214008E-06 4.069837E-06
524 2.458750E+02 5.178571E-01 1.455859E+00 2.074169E-03 1.674241E-03 1.814134E-03 1.983572E-03 3.082443E-05 2.695084E-05 1.847088E-05 8.146381E-06 4.036330E-06
525 2.463929E+02 5.178571E-01 1.455859E+00 2.056951E-03 1.660342E-03 1.799075E-03 1.967105E-03 3.056854E-05 2.672711E-05 1.831754E-05 8.078756E-06 4.002823E-06
526 2.469107E+02 5.178571E-01 1.455859E+00 2.039736E-03 1.646447E-03 1.784018E-03 1.950643E-03 3.031272E-05 2.650344E-05 1.816425E-05 8.011146E-06 3.969324E-06
527 2.474286E+02 5.178571E-01 1.455859E+00 2.022530E-03 1.632558E-03 1.768969E-03 1.934188E-03 3.005701E-05 2.627987E-05 1.801102E-05 7.943567E-06 3.935840E-06
528 2.479464E+02 5.178571E-01 1.455859E+00 2.005335E-03 1.618679E-03 1.753930E-03 1.917744E-03 2.980148E-05 2.605644E-05 1.785790E-05 7.876034E-06 3.902379E-06
529 2.484643E+02 5.178571E-01 1.455859E+00 1.988156E-03 1.604812E-03 1.738904E-03 1.901315E-03 2.954617E-05 2.583322E-05 1.770491E-05 7.808560E-06 3.868948E-06
530 2.489821E+02 5.178571E-01 1.455859E+00 1.970995E-03 1.590960E-03 1.723895E-03 1.884904E-03 2.929115E-05 2.561024E-05 1.755209E-05 7.741161E-06 3.835553E-06
531 2.495000E+02 5.178571E-01 1.455859E+00 1.953857E-03 1.577126E-03 1.708905E-03 1.868515E-03 2.903646E-05 2.538756E-05 1.739947E-05 7.673850E-06 3.802202E-06
532 2.500179E+02 5.178571E-01 1.455859E+00 1.936744E-03 1.563313E-03 1.693938E-03 1.852150E-03 2.878215E-05 2.516521E-05 1.724708E-05 7.606641E-06 3.768902E-06
533 2.505357E+02 5.178571E-01 1.455859E+00 1.919661E-03 1.549524E-03 1.678997E-03 1.835813E-03 2.852827E-05 2.494323E-05 1.709495E-05 7.539546E-06 3.735658E-06
534 2.510536E+02 5.178571E-01 1.455859E+00 1.902610E-03 1.535761E-03 1.664084E-03 1.819506E-03 2.827488E-05 2.472168E-05 1.694311E-05 7.472578E-06 3.702477E-06
535 2.515714E+02 5.178571E-01 1.455859E+00 1.885595E-03 1.522026E-03 1.649202E-03 1.803235E-03 2.802201E-05 2.450060E-05 1.679159E-05 7.405750E-06 3.669366E-06
536 2.520893E+02 5.178571E-01 1.455859E+00 1.868619E-03 1.508323E-03 1.634354E-03 1.787000E-03 2.776973E-05 2.428001E-05 1.664041E-05 7.339075E-06 3.636330E-06
537 2.526071E+02 5.178571E-01 1.455859E+00 1.851684E-03 1.494654E-03 1.619542E-03 1.770805E-03 2.751806E-05 2.405997E-05 1.648961E-05 7.272564E-06 3.603375E-06
538 2.531250E+02 5.178571E-01 1.455859E+00 1.834794E-03 1.481021E-03 1.604770E-03 1.754653E-03 2.726706E-05 2.384051E-05 1.633920E-05 7.206228E-06 3.570507E-06
539 2.536429E+02 5.178571E-01 1.455859E+00 1.817952E-03 1.467426E-03 1.590039E-03 1.738546E-03 2.701676E-05 2.362167E-05 1.618921E-05 7.140079E-06 3.537732E-06
540 2.541607E+02 5.178571E-01 1.455859E+00 1.801160E-03 1.453872E-03 1.575352E-03 1.722488E-03 2.676722E-05 2.340349E-05 1.603968E-05 7.074129E-06 3.505055E-06
541 2.546786E+02 5.178571E-01 1.455859E+00 1.784421E-03 1.440360E-03 1.560712E-03 1.706480E-03 2.651846E-05 2.318599E-05 1.589062E-05 7.008387E-06 3.472482E-06
542 2.551964E+02 5.178571E-01 1.455859E+00 1.767739E-03 1.426894E-03 1.546120E-03 1.690526E-03 2.627054E-05 2.296922E-05 1.574205E-05 6.942864E-06 3.440017E-06
543 2.557143E+02 5.178571E-01 1.455859E+00 1.751114E-03 1.413475E-03 1.531580E-03 1.674627E-03 2.602348E-05 2.275321E-05 1.559401E-05 6.877570E-06 3.407665E-06
544 2.562321E+02 5.178571E-01 1.455859E+00 1.734550E-03 1.400105E-03 1.517093E-03 1.658787E-03 2.577732E-05 2.253798E-05 1.544650E-05 6.812515E-06 3.375432E-06
545 2.567500E+02 5.178571E-01 1.455859E+00 1.718049E-03 1.386786E-03 1.502661E-03 1.643007E-03 2.553210E-05 2.232358E-05 1.529956E-05 6.747708E-06 3.343322E-06
546 2.572679E+02 5.178571E-01 1.455859E+00 1.701614E-03 1.373520E-03 1.488286E-03 1.627290E-03 2.528786E-05 2.211003E-05 1.515321E-05 6.683159E-06 3.311339E-06
547 2.577857E+02 5.178571E-01 1.455859E+00 1.685247E-03 1.360308E-03 1.473971E-03 1.611638E-03 2.504462E-05 2.189736E-05 1.500745E-05 6.618876E-06 3.279489E-06
548 2.583036E+02 5.178571E-01 1.455859E+00 1.668950E-03 1.347153E-03 1.459717E-03 1.596052E-03 2.480243E-05 2.168560E-05 1.486232E-05 6.554868E-06 3.247774E-06
549 2.588214E+02 5.178571E-01 1.455859E+00 1.652725E-03 1.334057E-03 1.445526E-03 1.580536E-03 2.456131E-05 2.147478E-05 1.471783E-05 6.491143E-06 3.216200E-06
550 2.593393E+02 5.178571E-01 1.455859E+00 1.636574E-03 1.321020E-03 1.431400E-03 1.565090E-03 2.432129E-05 2.126492E-05 1.457401E-05 6.427709E-06 3.184771E-06
551 2.598571E+02 5.178571E-01 1.455859E+00 1.620499E-03 1.308044E-03 1.417340E-03 1.549718E-03 2.408240E-05 2.105605E-05 1.443086E-05 6.364575E-06 3.153489E-06
552 2.603750E+02 5.178571E-01 1.455859E+00 1.604502E-03 1.295132E-03 1.403349E-03 1.534419E-03 2.384466E-05 2.084820E-05 1.428840E-05 6.301746E-06 3.122359E-06
553 2.608929E+02 5.178571E-01 1.455859E+00 1.588585E-03 1.282284E-03 1.389427E-03 1.519198E-03 2.360812E-05 2.064138E-05 1.414666E-05 6.239232E-06 3.091385E-06
554 2.614107E+02 5.178571E-01 1.455859E+00 1.572750E-03 1.269502E-03 1.375577E-03 1.504054E-03 2.337279E-05 2.043562E-05 1.400564E-05 6.177038E-06 3.060569E-06
555 2.619286E+02 5.178571E-01 1.455859E+00 1.556998E-03 1.256787E-03 1.361800E-03 1.488990E-03 2.313869E-05 2.023094E-05 1.386536E-05 6.115170E-06 3.029915E-06
556 2.624464E+02 5.178571E-01 1.455859E+00 1.541330E-03 1.244141E-03 1.348097E-03 1.474007E-03 2.290586E-05 2.002737E-05 1.372585E-05 6.053637E-06 2.999427E-06
557 2.629643E+02 5.178571E-01 1.455859E+00 1.525750E-03 1.231564E-03 1.334469E-03 1.459107E-03 2.267432E-05 1.982492E-05 1.358710E-05 5.992443E-06 2.969107E-06
558 2.634821E+02 5.178571E-01 1.455859E+00 1.510257E-03 1.219058E-03 1.320919E-03 1.444291E-03 2.244408E-05 1.962361E-05 1.344913E-05 5.931594E-06 2.938958E-06
559 2.640000E+02 5.178571E-01 1.455859E+00 1.494853E-03 1.206625E-03 1.307446E-03 1.429560E-03 2.221516E-05 1.942347E-05 1.331196E-05 5.871097E-06 2.908983E-06
560 2.645179E+02 5.178571E-01 1.455859E+00 1.479541E-03 1.194265E-03 1.294053E-03 1.414916E-03 2.198760E-05 1.922450E-05 1.317560E-05 5.810956E-06 2.879184E-06
561 2.650357E+02 5.178571E-01 1.455859E+00 1.464320E-03 1.181979E-03 1.280741E-03 1.400360E-03 2.176141E-05 1.902673E-05 1.304005E-05 5.751176E-06 2.849565E-06
562 2.655536E+02 5.178571E-01 1.455859E+00 1.449193E-03 1.169768E-03 1.267510E-03 1.385894E-03 2.153660E-05 1.883018E-05 1.290534E-05 5.691763E-06 2.820127E-06
563 2.660714E+02 5.178571E-01 1.455859E+00 1.434160E-03 1.157634E-03 1.254362E-03 1.371518E-03 2.131319E-05 1.863485E-05 1.277147E-05 5.632721E-06 2.790874E-06
564 2.665893E+02 5.178571E-01 1.455859E+00 1.419223E-03 1.145577E-03 1.241298E-03 1.357233E-03 2.109121E-05 1.844076E-05 1.263845E-05 5.574055E-06 2.761806E-06
565 2.671071E+02 5.178571E-01 1.455859E+00 1.404382E-03 1.133598E-03 1.228318E-03 1.343041E-03 2.087066E-05 1.824793E-05 1.250630E-05 5.515768E-06 2.732926E-06
566 2.676250E+02 5.178571E-01 1.455859E+00 1.389639E-03 1.121698E-03 1.215423E-03 1.328942E-03 2.065157E-05 1.805637E-05 1.237501E-05 5.457865E-06 2.704236E-06
567 2.681429E+02 5.178571E-01 1.455859E+00 1.374995E-03 1.109877E-03 1.202615E-03 1.314937E-03 2.043394E-05 1.786609E-05 1.224460E-05 5.400349E-06 2.675739E-06
568 2.686607E+02 5.178571E-01 1.455859E+00 1.360451E-03 1.098137E-03 1.189893E-03 1.301028E-03 2.021779E-05 1.767710E-05 1.211508E-05 5.343224E-06 2.647435E-06
569 2.691786E+02 5.178571E-01 1.455859E+00 1.346006E-03 1.086478E-03 1.177260E-03 1.287214E-03 2.000313E-05 1.748942E-05 1.198645E-05 5.286493E-06 2.619326E-06
570 2.696964E+02 5.178571E-01 1.455859E+00 1.331663E-03 1.074900E-03 1.164715E-03 1.273498E-03 1.978998E-05 1.730305E-05 1.185872E-05 5.230160E-06 2.591415E-06
571 2.702143E+02 5.178571E-01 1.455859E+00 1.317422E-03 1.063405E-03 1.152259E-03 1.259878E-03 1.957834E-05 1.711800E-05 1.173190E-05 5.174227E-06 2.563701E-06
572 2.707321E+02 5.178571E-01 1.455859E+00 1.303283E-03 1.051992E-03 1.139893E-03 1.246357E-03 1.936822E-05 1.693429E-05 1.160599E-05 5.118697E-06 2.536188E-06
573 2.712500E+02 5.178571E-01 1.455859E+00 1.289248E-03 1.040663E-03 1.127617E-03 1.232935E-03 1.915964E-05 1.675192E-05 1.148100E-05 5.063573E-06 2.508875E-06
574 2.717679E+02 5.178571E-01 1.455859E+00 1.275316E-03 1.029418E-03 1.115432E-03 1.219612E-03 1.895260E-05 1.657090E-05 1.135694E-05 5.008856E-06 2.481764E-06
575 2.722857E+02 5.178571E-01 1.455859E+00 1.261489E-03 1.018257E-03 1.103339E-03 1.206389E-03 1.874712E-05 1.639124E-05 1.123381E-05 4.954550E-06 2.454857E-06
576 2.728036E+02 5.178571E-01 1.455859E+00 1.247767E-03 1.007180E-03 1.091337E-03 1.193266E-03 1.854319E-05 1.621294E-05 1.111161E-05 4.900656E-06 2.428153E-06
577 2.733214E+02 5.178571E-01 1.455859E+00 1.234150E-03 9.961891E-04 1.079427E-03 1.180244E-03 1.834083E-05 1.603601E-05 1.099035E-05 4.847175E-06 2.401655E-06
578 2.738393E+02 5.178571E-01 1.455859E+00 1.220639E-03 9.852832E-04 1.067610E-03 1.167323E-03 1.814004E-05 1.586045E-05 1.087003E-05 4.794110E-06 2.375362E-06
579 2.743571E+02 5.178571E-01 1.455859E+00 1.207234E-03 9.744629E-04 1.055886E-03 1.154504E-03 1.794083E-05 1.568627E-05 1.075066E-05 4.741461E-06 2.349276E-06
580 2.748750E+02 5.178571E-01 1.455859E+00 1.193936E-03 9.637286E-04 1.044254E-03 1.141786E-03 1.774320E-05 1.551348E-05 1.063223E-05 4.689231E-06 2.323398E-06
581 2.753929E+02 5.178571E-01 1.455859E+00 1.180744E-03 9.530805E-04 1.032717E-03 1.129171E-03 1.754716E-05 1.534207E-05 1.051476E-05 4.637421E-06 2.297727E-06
582 2.759107E+02 5.178571E-01 1.455859E+00 1.167660E-03 9.425188E-04 1.021272E-03 1.116658E-03 1.735271E-05 1.517206E-05 1.039824E-05 4.586030E-06 2.272264E-06
583 2.764286E+02 5.178571E-01 1.455859E+00 1.154682E-03 9.320436E-04 1.009922E-03 1.104247E-03 1.715985E-05 1.500344E-05 1.028267E-05 4.535061E-06 2.247010E-06
584 2.769464E+02 5.178571E-01 1.455859E+00 1.141812E-03 9.216552E-04 9.986655E-04 1.091939E-03 1.696859E-05 1.483621E-05 1.016806E-05 4.484514E-06 2.221965E-06
585 2.774643E+02 5.178571E-01 1.455859E+00 1.129050E-03 9.113536E-04 9.875031E-04 1.079734E-03 1.677892E-05 1.467038E-05 1.005441E-05 4.434389E-06 2.197130E-06
586 2.779821E+02 5.178571E-01 1.455859E+00 1.116395E-03 9.011388E-04 9.764348E-04 1.067632E-03 1.659086E-05 1.450595E-05 9.941716E-06 4.384687E-06 2.172504E-06
587 2.785000E+02 5.178571E-01 1.455859E+00 1.103848E-03 8.910110E-04 9.654608E-04 1.055633E-03 1.640440E-05 1.434292E-05 9.829982E-06 4.335408E-06 2.148087E-06
588 2.790179E+02 5.178571E-01 1.455859E+00 1.091409E-03 8.809703E-04 9.545811E-04 1.043738E-03 1.621954E-05 1.418129E-05 9.719208E-06 4.286552E-06 2.123880E-06
589 2.795357E+02 5.178571E-01 1.455859E+00 1.079077E-03 8.710165E-04 9.437956E-04 1.031945E-03 1.603628E-05 1.402106E-05 9.609394E-06 4.238120E-06 2.099883E-06
590 2.800536E+02 5.178571E-01 1.455859E+00 1.066854E-03 8.611496E-04 9.331043E-04 1.020255E-03 1.585462E-05 1.386223E-05 9.500539E-06 4.190111E-06 2.076096E-06
