0 -3.548214E+01 5.178571E-01 0.000000E+00 0.000000E+00 0.000000E+00 0.000000E+00 0.000000E+00 3.431847E-09 0.000000E+00 0.000000E+00 0.000000E+00 0.000000E+00
1 -3.496429E+01 5.178571E-01 9.233017E-01 9.447951E-15 2.915639E-14 1.382421E-13 4.214198E-13 5.846596E-09 1.693042E-12 2.100275E-12 2.255051E-12 1.909272E-12
2 -3.444643E+01 5.178571E-01 2.350061E+00 6.629696E-14 2.045925E-13 9.700546E-13 2.957133E-12 7.505936E-09 1.188020E-11 1.473778E-11 1.582386E-11 1.339750E-11
3 -3.392857E+01 5.178571E-01 3.014563E+00 2.238117E-13 6.906831E-13 3.274804E-12 9.982974E-12 8.608344E-09 4.010632E-11 4.975322E-11 5.341971E-11 4.522858E-11
4 -3.341071E+01 5.178571E-01 4.446050E+00 5.268810E-13 1.625956E-12 7.709303E-12 2.350119E-11 9.303347E-09 9.441537E-11 1.171254E-10 1.257568E-10 1.064738E-10
5 -3.289286E+01 5.178571E-01 1.137218E+01 1.044914E-12 3.224606E-12 1.528914E-11 4.660771E-11 9.705623E-09 1.872452E-10 2.322838E-10 2.494016E-10 2.111595E-10
6 -3.237500E+01 5.178571E-01 1.711798E+01 1.947277E-12 6.009300E-12 2.849249E-11 8.685703E-11 9.908973E-09 3.489457E-10 4.328787E-10 4.647791E-10 3.935120E-10
7 -3.185714E+01 5.178571E-01 1.768037E+01 3.512111E-12 1.083838E-11 5.138908E-11 1.566555E-10 9.993678E-09 6.293590E-10 7.807406E-10 8.382761E-10 7.097387E-10
8 -3.133929E+01 5.178571E-01 1.381083E+01 6.070471E-12 1.873348E-11 8.882290E-11 2.707694E-10 1.002793E-08 1.087809E-09 1.349463E-09 1.448909E-09 1.226740E-09
9 -3.082143E+01 5.178571E-01 7.707340E+00 9.872638E-12 3.046698E-11 1.444561E-10 4.403626E-10 1.006285E-08 1.769145E-09 2.194682E-09 2.356416E-09 1.995094E-09
10 -3.030357E+01 5.178571E-01 5.462810E+00 1.494961E-11 4.613452E-11 2.187421E-10 6.668177E-10 1.012629E-08 2.678922E-09 3.323291E-09 3.568196E-09 3.021065E-09
11 -2.978571E+01 5.178571E-01 5.901385E+00 2.126425E-11 6.562152E-11 3.111377E-10 9.484782E-10 1.023495E-08 3.810485E-09 4.727033E-09 5.075384E-09 4.297148E-09
12 -2.926786E+01 5.178571E-01 6.191562E+00 2.892052E-11 8.924877E-11 4.231640E-10 1.289981E-09 1.040986E-08 5.182463E-09 6.429017E-09 6.902794E-09 5.844351E-09
13 -2.875000E+01 5.178571E-01 6.357139E+00 3.817856E-11 1.178191E-10 5.586272E-10 1.702930E-09 1.067859E-08 6.841473E-09 8.487074E-09 9.112516E-09 7.715245E-09
14 -2.823214E+01 5.178571E-01 5.472308E+00 4.938427E-11 1.523999E-10 7.225888E-10 2.202754E-09 1.107156E-08 8.849501E-09 1.097810E-08 1.178711E-08 9.979732E-09
15 -2.771429E+01 5.178571E-01 4.052109E+00 6.276576E-11 1.936953E-10 9.183863E-10 2.799626E-09 1.160931E-08 1.124742E-08 1.395280E-08 1.498103E-08 1.268391E-08
16 -2.719643E+01 5.178571E-01 3.934342E+00 7.834932E-11 2.417861E-10 1.146404E-09 3.494721E-09 1.229748E-08 1.403994E-08 1.741702E-08 1.870054E-08 1.583308E-08
17 -2.667857E+01 5.178571E-01 4.421834E+00 9.625779E-11 2.970517E-10 1.408440E-09 4.293516E-09 1.314693E-08 1.724908E-08 2.139806E-08 2.297496E-08 1.945208E-08
18 -2.616071E+01 5.178571E-01 5.351276E+00 1.169777E-10 3.609932E-10 1.711613E-09 5.217713E-09 1.419160E-08 2.096202E-08 2.600407E-08 2.792041E-08 2.363922E-08
19 -2.564286E+01 5.178571E-01 6.211053E+00 1.415372E-10 4.367840E-10 2.070967E-09 6.313175E-09 1.550052E-08 2.536300E-08 3.146364E-08 3.378231E-08 2.860229E-08
20 -2.512500E+01 5.178571E-01 5.659375E+00 1.713725E-10 5.288559E-10 2.507516E-09 7.643960E-09 1.716914E-08 3.070940E-08 3.809602E-08 4.090345E-08 3.463151E-08
21 -2.460714E+01 5.178571E-01 4.718651E+00 2.076736E-10 6.408809E-10 3.038672E-09 9.263145E-09 1.927631E-08 3.721443E-08 4.616573E-08 4.956784E-08 4.196734E-08
22 -2.408929E+01 5.178571E-01 3.404798E+00 2.509414E-10 7.744055E-10 3.671765E-09 1.119308E-08 2.185520E-08 4.496788E-08 5.578414E-08 5.989507E-08 5.071104E-08
23 -2.357143E+01 5.178571E-01 2.299712E+00 3.006829E-10 9.279078E-10 4.399581E-09 1.341177E-08 2.487322E-08 5.388139E-08 6.684165E-08 7.176745E-08 6.076296E-08
24 -2.305357E+01 5.178571E-01 2.250132E+00 3.557452E-10 1.097830E-09 5.205250E-09 1.586778E-08 2.825414E-08 6.374838E-08 7.908198E-08 8.490981E-08 7.189013E-08
25 -2.253571E+01 5.178571E-01 2.355800E+00 4.153340E-10 1.281721E-09 6.077151E-09 1.852570E-08 3.194528E-08 7.442650E-08 9.232853E-08 9.913255E-08 8.393202E-08
26 -2.201786E+01 5.178571E-01 2.740878E+00 4.793852E-10 1.479384E-09 7.014347E-09 2.138267E-08 3.594206E-08 8.590427E-08 1.065671E-07 1.144204E-07 9.687570E-08
27 -2.150000E+01 5.178571E-01 3.061839E+00 5.487424E-10 1.693420E-09 8.029178E-09 2.447630E-08 4.029972E-08 9.833285E-08 1.219852E-07 1.309747E-07 1.108916E-07
28 -2.098214E+01 5.178571E-01 3.194030E+00 6.249292E-10 1.928533E-09 9.143941E-09 2.787456E-08 4.511833E-08 1.119853E-07 1.389215E-07 1.491591E-07 1.262877E-07
29 -2.046429E+01 5.178571E-01 3.252157E+00 7.097524E-10 2.190297E-09 1.038507E-08 3.165805E-08 5.051663E-08 1.271853E-07 1.577776E-07 1.694048E-07 1.434290E-07
30 -1.994643E+01 5.178571E-01 3.366430E+00 8.051743E-10 2.484769E-09 1.178128E-08 3.591428E-08 5.662359E-08 1.442846E-07 1.789898E-07 1.921802E-07 1.627122E-07
31 -1.942857E+01 5.178571E-01 3.398992E+00 9.134104E-10 2.818786E-09 1.336499E-08 4.074208E-08 6.358491E-08 1.636802E-07 2.030507E-07 2.180142E-07 1.845849E-07
32 -1.891071E+01 5.178571E-01 3.354808E+00 1.036803E-09 3.199576E-09 1.517046E-08 4.624593E-08 7.155465E-08 1.857918E-07 2.304808E-07 2.474657E-07 2.095205E-07
33 -1.839286E+01 5.178571E-01 3.274453E+00 1.177647E-09 3.634222E-09 1.723129E-08 5.252820E-08 8.068377E-08 2.110306E-07 2.617904E-07 2.810827E-07 2.379828E-07
34 -1.787500E+01 5.178571E-01 3.198319E+00 1.338143E-09 4.129512E-09 1.957966E-08 5.968701E-08 9.111694E-08 2.397909E-07 2.974686E-07 3.193901E-07 2.704163E-07
35 -1.735714E+01 5.178571E-01 3.083237E+00 1.520420E-09 4.692019E-09 2.224673E-08 6.781736E-08 1.029943E-07 2.724544E-07 3.379887E-07 3.628962E-07 3.072514E-07
36 -1.683929E+01 5.178571E-01 2.922678E+00 1.726398E-09 5.327667E-09 2.526059E-08 7.700486E-08 1.164419E-07 3.093649E-07 3.837774E-07 4.120593E-07 3.488760E-07
37 -1.632143E+01 5.178571E-01 2.755025E+00 1.957589E-09 6.041121E-09 2.864336E-08 8.731697E-08 1.315593E-07 3.507935E-07 4.351710E-07 4.672402E-07 3.955958E-07
38 -1.580357E+01 5.178571E-01 2.578623E+00 2.215027E-09 6.835578E-09 3.241020E-08 9.879986E-08 1.484144E-07 3.969257E-07 4.923995E-07 5.286861E-07 4.476198E-07
39 -1.528571E+01 5.178571E-01 2.437765E+00 2.499282E-09 7.712788E-09 3.656940E-08 1.114789E-07 1.670443E-07 4.478632E-07 5.555891E-07 5.965324E-07 5.050629E-07
40 -1.476786E+01 5.178571E-01 2.337497E+00 2.810698E-09 8.673819E-09 4.112603E-08 1.253694E-07 1.874715E-07 5.036680E-07 6.248168E-07 6.708617E-07 5.679949E-07
41 -1.425000E+01 5.178571E-01 2.217272E+00 3.149593E-09 9.719648E-09 4.608472E-08 1.404856E-07 2.097166E-07 5.643968E-07 7.001529E-07 7.517496E-07 6.364798E-07
42 -1.373214E+01 5.178571E-01 2.079278E+00 3.516021E-09 1.085045E-08 5.144629E-08 1.568298E-07 2.337829E-07 6.300596E-07 7.816097E-07 8.392093E-07 7.105288E-07
43 -1.321429E+01 5.178571E-01 2.079278E+00 3.909890E-09 1.206593E-08 5.720936E-08 1.743981E-07 2.596640E-07 7.006396E-07 8.691665E-07 9.332184E-07 7.901231E-07
44 -1.269643E+01 5.178571E-01 2.079278E+00 4.332024E-09 1.336863E-08 6.338602E-08 1.932271E-07 2.874142E-07 7.762847E-07 9.630068E-07 1.033974E-06 8.754294E-07
45 -1.217857E+01 5.178571E-01 2.079278E+00 4.784224E-09 1.476412E-08 7.000259E-08 2.133972E-07 3.171518E-07 8.573174E-07 1.063531E-06 1.141906E-06 9.668114E-07
46 -1.166071E+01 5.178571E-01 2.079278E+00 5.269017E-09 1.626019E-08 7.709606E-08 2.350211E-07 3.490433E-07 9.441907E-07 1.171300E-06 1.257617E-06 1.064780E-06
47 -1.114286E+01 5.178571E-01 2.079278E+00 5.789500E-09 1.786640E-08 8.471174E-08 2.582369E-07 3.832929E-07 1.037460E-06 1.287003E-06 1.381847E-06 1.169961E-06
48 -1.062500E+01 5.178571E-01 2.079278E+00 6.349243E-09 1.959377E-08 9.290189E-08 2.832039E-07 4.201356E-07 1.137764E-06 1.411434E-06 1.515447E-06 1.283075E-06
49 -1.010714E+01 5.178571E-01 2.079278E+00 6.952236E-09 2.145461E-08 1.017249E-07 3.101000E-07 4.598346E-07 1.245818E-06 1.545479E-06 1.659370E-06 1.404930E-06
50 -9.589286E+00 5.178571E-01 2.079278E+00 7.602861E-09 2.346244E-08 1.112448E-07 3.391207E-07 5.026785E-07 1.362408E-06 1.690112E-06 1.814662E-06 1.536411E-06
51 -9.071429E+00 5.178571E-01 2.079278E+00 8.305888E-09 2.563198E-08 1.215314E-07 3.704788E-07 5.489818E-07 1.488388E-06 1.846395E-06 1.982462E-06 1.678481E-06
52 -8.553571E+00 5.178571E-01 2.079278E+00 9.066488E-09 2.797920E-08 1.326605E-07 4.044048E-07 5.990853E-07 1.624685E-06 2.015476E-06 2.164003E-06 1.832185E-06
53 -8.035714E+00 5.178571E-01 2.079278E+00 9.890248E-09 3.052132E-08 1.447137E-07 4.411481E-07 6.533575E-07 1.772300E-06 2.198597E-06 2.360619E-06 1.998653E-06
54 -7.517857E+00 5.178571E-01 2.079278E+00 1.078321E-08 3.327700E-08 1.577795E-07 4.809781E-07 7.121965E-07 1.932316E-06 2.397102E-06 2.573753E-06 2.179106E-06
55 -7.000000E+00 5.178571E-01 2.079278E+00 1.175190E-08 3.626638E-08 1.719533E-07 5.241858E-07 7.760327E-07 2.105902E-06 2.612441E-06 2.804961E-06 2.374861E-06
56 -6.482143E+00 5.178571E-01 2.079278E+00 1.280337E-08 3.951122E-08 1.873384E-07 5.710860E-07 8.453311E-07 2.294322E-06 2.846183E-06 3.055928E-06 2.587346E-06
57 -5.964286E+00 5.178571E-01 2.079278E+00 1.394525E-08 4.303507E-08 2.040464E-07 6.220190E-07 9.205949E-07 2.498944E-06 3.100023E-06 3.328474E-06 2.818101E-06
58 -5.446429E+00 5.178571E-01 2.079278E+00 1.518581E-08 4.686343E-08 2.221982E-07 6.773532E-07 1.002369E-06 2.721248E-06 3.375798E-06 3.624572E-06 3.068797E-06
59 -4.928571E+00 5.178571E-01 2.079278E+00 1.653398E-08 5.102389E-08 2.419246E-07 7.374876E-07 1.091243E-06 2.962836E-06 3.675496E-06 3.946356E-06 3.341240E-06
60 -4.410714E+00 5.178571E-01 2.079278E+00 1.799947E-08 5.554638E-08 2.633675E-07 8.028545E-07 1.187855E-06 3.225446E-06 4.001272E-06 4.296140E-06 3.637390E-06
61 -3.892857E+00 5.178571E-01 2.079278E+00 1.959277E-08 6.046332E-08 2.866807E-07 8.739228E-07 1.292900E-06 3.510960E-06 4.355463E-06 4.676432E-06 3.959369E-06
62 -3.375000E+00 5.178571E-01 2.079278E+00 2.132529E-08 6.580987E-08 3.120308E-07 9.512006E-07 1.407128E-06 3.821422E-06 4.740601E-06 5.089952E-06 4.309482E-06
63 -2.857143E+00 5.178571E-01 2.079278E+00 2.320938E-08 7.162419E-08 3.395988E-07 1.035240E-06 1.531355E-06 4.159046E-06 5.159434E-06 5.539651E-06 4.690227E-06
64 -2.339286E+00 5.178571E-01 2.079278E+00 2.525847E-08 7.794769E-08 3.695810E-07 1.126638E-06 1.666466E-06 4.526236E-06 5.614946E-06 6.028731E-06 5.104313E-06
65 -1.821429E+00 5.178571E-01 2.079278E+00 2.748711E-08 8.482527E-08 4.021904E-07 1.226045E-06 1.813419E-06 4.925601E-06 6.110371E-06 6.560666E-06 5.554684E-06
66 -1.303571E+00 5.178571E-01 2.079278E+00 2.991110E-08 9.230570E-08 4.376581E-07 1.334165E-06 1.973259E-06 5.359972E-06 6.649222E-06 7.139226E-06 6.044531E-06
67 -7.857143E-01 5.178571E-01 2.079278E+00 3.254758E-08 1.004419E-07 4.762350E-07 1.451764E-06 2.147113E-06 5.832420E-06 7.235310E-06 7.768505E-06 6.577319E-06
68 -2.678571E-01 5.178571E-01 2.079278E+00 3.541516E-08 1.092912E-07 5.181933E-07 1.579670E-06 2.336211E-06 6.346281E-06 7.872772E-06 8.452944E-06 7.156809E-06
69 2.500000E-01 5.178571E-01 2.079278E+00 3.853403E-08 1.189161E-07 5.638285E-07 1.718785E-06 2.541884E-06 6.905173E-06 8.566095E-06 9.197361E-06 7.787080E-06
70 7.678571E-01 5.178571E-01 2.079278E+00 4.192610E-08 1.293840E-07 6.134612E-07 1.870087E-06 2.765576E-06 7.513021E-06 9.320151E-06 1.000699E-05 8.472561E-06
71 1.285714E+00 5.178571E-01 2.079278E+00 4.545085E-08 1.402614E-07 6.650352E-07 2.027306E-06 2.998020E-06 8.144645E-06 1.010370E-05 1.084828E-05 9.184854E-06
72 1.803571E+00 5.178571E-01 2.079278E+00 4.899541E-08 1.511999E-07 7.168990E-07 2.185408E-06 3.231771E-06 8.779818E-06 1.089165E-05 1.169430E-05 9.901149E-06
73 2.321429E+00 5.178571E-01 2.079278E+00 5.243586E-08 1.618171E-07 7.672395E-07 2.338868E-06 3.458657E-06 9.396336E-06 1.165647E-05 1.251547E-05 1.059641E-05
74 2.839286E+00 5.178571E-01 2.079278E+00 5.569435E-08 1.718728E-07 8.149176E-07 2.484210E-06 3.673543E-06 9.980246E-06 1.238082E-05 1.329321E-05 1.125489E-05
75 3.357143E+00 5.178571E-01 2.079278E+00 5.872544E-08 1.812268E-07 8.592685E-07 2.619410E-06 3.873434E-06 1.052341E-05 1.305464E-05 1.401668E-05 1.186743E-05
76 3.875000E+00 5.178571E-01 2.079278E+00 6.150632E-08 1.898086E-07 8.999582E-07 2.743450E-06 4.056822E-06 1.102173E-05 1.367282E-05 1.468042E-05 1.242939E-05
77 4.392857E+00 5.178571E-01 2.079278E+00 6.402963E-08 1.975955E-07 9.368791E-07 2.856000E-06 4.223224E-06 1.147390E-05 1.423375E-05 1.528269E-05 1.293931E-05
78 4.910714E+00 5.178571E-01 2.079278E+00 6.629837E-08 2.045969E-07 9.700752E-07 2.957196E-06 4.372838E-06 1.188045E-05 1.473809E-05 1.582419E-05 1.339779E-05
79 5.428571E+00 5.178571E-01 2.079278E+00 6.832224E-08 2.108425E-07 9.996884E-07 3.047469E-06 4.506302E-06 1.224312E-05 1.518800E-05 1.630726E-05 1.380678E-05
80 5.946429E+00 5.178571E-01 2.079278E+00 7.011504E-08 2.163751E-07 1.025921E-06 3.127436E-06 4.624528E-06 1.256439E-05 1.558654E-05 1.673516E-05 1.416907E-05
81 6.464286E+00 5.178571E-01 2.079278E+00 7.169287E-08 2.212443E-07 1.049007E-06 3.197814E-06 4.728577E-06 1.284713E-05 1.593729E-05 1.711176E-05 1.448792E-05
82 6.982143E+00 5.178571E-01 2.079278E+00 7.307282E-08 2.255028E-07 1.069199E-06 3.259366E-06 4.819575E-06 1.309441E-05 1.624405E-05 1.744113E-05 1.476679E-05
83 7.500000E+00 5.178571E-01 2.079278E+00 7.427216E-08 2.292040E-07 1.086747E-06 3.312862E-06 4.898663E-06 1.330933E-05 1.651066E-05 1.772739E-05 1.500916E-05
84 8.017857E+00 5.178571E-01 2.079278E+00 7.530776E-08 2.323999E-07 1.101900E-06 3.359054E-06 4.966952E-06 1.349491E-05 1.674088E-05 1.797457E-05 1.521843E-05
85 8.535714E+00 5.178571E-01 2.079278E+00 7.619572E-08 2.351401E-07 1.114893E-06 3.398661E-06 5.025504E-06 1.365403E-05 1.693827E-05 1.818651E-05 1.539787E-05
86 9.053571E+00 5.178571E-01 2.079278E+00 7.695115E-08 2.374714E-07 1.125946E-06 3.432356E-06 5.075317E-06 1.378940E-05 1.710620E-05 1.836682E-05 1.555054E-05
87 9.571429E+00 5.178571E-01 2.079278E+00 7.758810E-08 2.394370E-07 1.135266E-06 3.460767E-06 5.117315E-06 1.390353E-05 1.724779E-05 1.851884E-05 1.567925E-05
88 1.008929E+01 5.178571E-01 2.079278E+00 7.811944E-08 2.410767E-07 1.143041E-06 3.484467E-06 5.152349E-06 1.399875E-05 1.736591E-05 1.864567E-05 1.578663E-05
89 1.060714E+01 5.178571E-01 2.079278E+00 7.855695E-08 2.424269E-07 1.149442E-06 3.503982E-06 5.181195E-06 1.407715E-05 1.746317E-05 1.875009E-05 1.587504E-05
90 1.112500E+01 5.178571E-01 2.079278E+00 7.891130E-08 2.435204E-07 1.154627E-06 3.519788E-06 5.204557E-06 1.414065E-05 1.754194E-05 1.883467E-05 1.594665E-05
91 1.164286E+01 5.178571E-01 2.079278E+00 7.919214E-08 2.443871E-07 1.158736E-06 3.532314E-06 5.223071E-06 1.419097E-05 1.760437E-05 1.890170E-05 1.600340E-05
92 1.216071E+01 5.178571E-01 2.079278E+00 7.940812E-08 2.450536E-07 1.161897E-06 3.541948E-06 5.237308E-06 1.422968E-05 1.765238E-05 1.895325E-05 1.604705E-05
93 1.267857E+01 5.178571E-01 2.079278E+00 7.956702E-08 2.455440E-07 1.164222E-06 3.549036E-06 5.247781E-06 1.425815E-05 1.768771E-05 1.899118E-05 1.607916E-05
94 1.319643E+01 5.178571E-01 2.079278E+00 7.967579E-08 2.458796E-07 1.165813E-06 3.553887E-06 5.254947E-06 1.427764E-05 1.771189E-05 1.901714E-05 1.610114E-05
95 1.371429E+01 5.178571E-01 2.079278E+00 7.974062E-08 2.460797E-07 1.166762E-06 3.556779E-06 5.259217E-06 1.428926E-05 1.772630E-05 1.903261E-05 1.611424E-05
96 1.423214E+01 5.178571E-01 2.079278E+00 7.976702E-08 2.461611E-07 1.167148E-06 3.557956E-06 5.260952E-06 1.429399E-05 1.773217E-05 1.903891E-05 1.611957E-05
97 1.475000E+01 5.178571E-01 2.079278E+00 7.975989E-08 2.461392E-07 1.167044E-06 3.557638E-06 5.260476E-06 1.429271E-05 1.773058E-05 1.903721E-05 1.611813E-05
98 1.526786E+01 5.178571E-01 2.079278E+00 7.972357E-08 2.460271E-07 1.166512E-06 3.556018E-06 5.258075E-06 1.428621E-05 1.772251E-05 1.902854E-05 1.611080E-05
99 1.578571E+01 5.178571E-01 2.079278E+00 7.966191E-08 2.458368E-07 1.165610E-06 3.553268E-06 5.254003E-06 1.427516E-05 1.770880E-05 1.901383E-05 1.609833E-05
100 1.630357E+01 5.178571E-01 2.079278E+00 7.957829E-08 2.455787E-07 1.164387E-06 3.549538E-06 5.248483E-06 1.426017E-05 1.769021E-05 1.899387E-05 1.608144E-05
101 1.682143E+01 5.178571E-01 2.079278E+00 7.947572E-08 2.452622E-07 1.162886E-06 3.544963E-06 5.241714E-06 1.424179E-05 1.766741E-05 1.896939E-05 1.606071E-05
102 1.733929E+01 5.178571E-01 2.079278E+00 7.935684E-08 2.448953E-07 1.161146E-06 3.539660E-06 5.233868E-06 1.422049E-05 1.764099E-05 1.894101E-05 1.603668E-05
103 1.785714E+01 5.178571E-01 2.079278E+00 7.922396E-08 2.444853E-07 1.159202E-06 3.533733E-06 5.225100E-06 1.419668E-05 1.761145E-05 1.890929E-05 1.600983E-05
104 1.837500E+01 5.178571E-01 2.079278E+00 7.907912E-08 2.440383E-07 1.157083E-06 3.527273E-06 5.215544E-06 1.417072E-05 1.757925E-05 1.887473E-05 1.598056E-05
105 1.889286E+01 5.178571E-01 2.079278E+00 7.892412E-08 2.435600E-07 1.154815E-06 3.520359E-06 5.205317E-06 1.414295E-05 1.754479E-05 1.883773E-05 1.594924E-05
106 1.941071E+01 5.178571E-01 2.079278E+00 7.876051E-08 2.430551E-07 1.152421E-06 3.513062E-06 5.194523E-06 1.411363E-05 1.750842E-05 1.879868E-05 1.591618E-05
107 1.992857E+01 5.178571E-01 2.079278E+00 7.858966E-08 2.425278E-07 1.149921E-06 3.505441E-06 5.183252E-06 1.408301E-05 1.747044E-05 1.875790E-05 1.588165E-05
108 2.044643E+01 5.178571E-01 2.079278E+00 7.841276E-08 2.419819E-07 1.147333E-06 3.497551E-06 5.171582E-06 1.405131E-05 1.743112E-05 1.871568E-05 1.584590E-05
109 2.096429E+01 5.178571E-01 2.079278E+00 7.823085E-08 2.414205E-07 1.144671E-06 3.489437E-06 5.159581E-06 1.401871E-05 1.739068E-05 1.867226E-05 1.580914E-05
110 2.148214E+01 5.178571E-01 2.079278E+00 7.804483E-08 2.408465E-07 1.141949E-06 3.481139E-06 5.147309E-06 1.398538E-05 1.734933E-05 1.862786E-05 1.577155E-05
111 2.200000E+01 5.178571E-01 2.079278E+00 7.785546E-08 2.402621E-07 1.139178E-06 3.472692E-06 5.134817E-06 1.395145E-05 1.730723E-05 1.858266E-05 1.573328E-05
112 2.251786E+01 5.178571E-01 2.079278E+00 7.766342E-08 2.396694E-07 1.136368E-06 3.464127E-06 5.122149E-06 1.391703E-05 1.726454E-05 1.853682E-05 1.569447E-05
113 2.303571E+01 5.178571E-01 2.079278E+00 7.746928E-08 2.390703E-07 1.133528E-06 3.455467E-06 5.109343E-06 1.388224E-05 1.722138E-05 1.849049E-05 1.565524E-05
114 2.355357E+01 5.178571E-01 2.079278E+00 7.727354E-08 2.384663E-07 1.130664E-06 3.446736E-06 5.096431E-06 1.384717E-05 1.717787E-05 1.844377E-05 1.561569E-05
115 2.407143E+01 5.178571E-01 2.079278E+00 7.707662E-08 2.378586E-07 1.127782E-06 3.437953E-06 5.083441E-06 1.381188E-05 1.713409E-05 1.839676E-05 1.557589E-05
116 2.458929E+01 5.178571E-01 2.079278E+00 7.687886E-08 2.372483E-07 1.124889E-06 3.429132E-06 5.070396E-06 1.377644E-05 1.709013E-05 1.834956E-05 1.553593E-05
117 2.510714E+01 5.178571E-01 2.079278E+00 7.668057E-08 2.366364E-07 1.121987E-06 3.420287E-06 5.057316E-06 1.374091E-05 1.704605E-05 1.830223E-05 1.549585E-05
118 2.562500E+01 5.178571E-01 2.079278E+00 7.648199E-08 2.360236E-07 1.119082E-06 3.411430E-06 5.044217E-06 1.370532E-05 1.700191E-05 1.825484E-05 1.545573E-05
119 2.614286E+01 5.178571E-01 2.079278E+00 7.628334E-08 2.354105E-07 1.116175E-06 3.402569E-06 5.031114E-06 1.366973E-05 1.695775E-05 1.820742E-05 1.541558E-05
120 2.666071E+01 5.178571E-01 2.079278E+00 7.608478E-08 2.347978E-07 1.113270E-06 3.393712E-06 5.018017E-06 1.363415E-05 1.691361E-05 1.816003E-05 1.537546E-05
121 2.717857E+01 5.178571E-01 2.079278E+00 7.588645E-08 2.341857E-07 1.110368E-06 3.384866E-06 5.004934E-06 1.359860E-05 1.686952E-05 1.811269E-05 1.533538E-05
122 2.769643E+01 5.178571E-01 2.079278E+00 7.568845E-08 2.335747E-07 1.107471E-06 3.376034E-06 4.991874E-06 1.356312E-05 1.682550E-05 1.806543E-05 1.529536E-05
123 2.821429E+01 5.178571E-01 2.079278E+00 7.549087E-08 2.329650E-07 1.104580E-06 3.367222E-06 4.978842E-06 1.352772E-05 1.678158E-05 1.801828E-05 1.525544E-05
124 2.873214E+01 5.178571E-01 2.079278E+00 7.529378E-08 2.323567E-07 1.101696E-06 3.358430E-06 4.965842E-06 1.349240E-05 1.673777E-05 1.797123E-05 1.521561E-05
125 2.925000E+01 5.178571E-01 2.079278E+00 7.509720E-08 2.317501E-07 1.098819E-06 3.349662E-06 4.952876E-06 1.345718E-05 1.669407E-05 1.792431E-05 1.517588E-05
126 2.976786E+01 5.178571E-01 2.079278E+00 7.490119E-08 2.311452E-07 1.095951E-06 3.340919E-06 4.939947E-06 1.342205E-05 1.665050E-05 1.787753E-05 1.513627E-05
127 3.028571E+01 5.178571E-01 2.079278E+00 7.470574E-08 2.305420E-07 1.093092E-06 3.332201E-06 4.927055E-06 1.338703E-05 1.660705E-05 1.783088E-05 1.509678E-05
128 3.080357E+01 5.178571E-01 2.079278E+00 7.451087E-08 2.299407E-07 1.090240E-06 3.323509E-06 4.914202E-06 1.335211E-05 1.656373E-05 1.778437E-05 1.505739E-05
129 3.132143E+01 5.178571E-01 2.079278E+00 7.431656E-08 2.293410E-07 1.087397E-06 3.314842E-06 4.901386E-06 1.331729E-05 1.652053E-05 1.773799E-05 1.501813E-05
130 3.183929E+01 5.178571E-01 2.079278E+00 7.412281E-08 2.287431E-07 1.084562E-06 3.306200E-06 4.888606E-06 1.328257E-05 1.647746E-05 1.769175E-05 1.497898E-05
131 3.235714E+01 5.178571E-01 2.079278E+00 7.392960E-08 2.281469E-07 1.081735E-06 3.297582E-06 4.875863E-06 1.324794E-05 1.643451E-05 1.764563E-05 1.493993E-05
132 3.287500E+01 5.178571E-01 2.079278E+00 7.373690E-08 2.275522E-07 1.078916E-06 3.288987E-06 4.863152E-06 1.321341E-05 1.639168E-05 1.759963E-05 1.490099E-05
133 3.339286E+01 5.178571E-01 2.079278E+00 7.354468E-08 2.269590E-07 1.076103E-06 3.280413E-06 4.850474E-06 1.317897E-05 1.634894E-05 1.755376E-05 1.486214E-05
134 3.391071E+01 5.178571E-01 2.079278E+00 7.335290E-08 2.263672E-07 1.073297E-06 3.271859E-06 4.837825E-06 1.314460E-05 1.630631E-05 1.750798E-05 1.482339E-05
135 3.442857E+01 5.178571E-01 2.079278E+00 7.316154E-08 2.257766E-07 1.070497E-06 3.263323E-06 4.825204E-06 1.311031E-05 1.626377E-05 1.746231E-05 1.478472E-05
136 3.494643E+01 5.178571E-01 2.079278E+00 7.297055E-08 2.251872E-07 1.067702E-06 3.254804E-06 4.812607E-06 1.307609E-05 1.622132E-05 1.741672E-05 1.474612E-05
137 3.546429E+01 5.178571E-01 2.079278E+00 7.277990E-08 2.245989E-07 1.064913E-06 3.246301E-06 4.800032E-06 1.304192E-05 1.617894E-05 1.737122E-05 1.470760E-05
138 3.598214E+01 5.178571E-01 2.079278E+00 7.258955E-08 2.240115E-07 1.062128E-06 3.237810E-06 4.787477E-06 1.300781E-05 1.613662E-05 1.732578E-05 1.466913E-05
139 3.650000E+01 5.178571E-01 2.079278E+00 7.239945E-08 2.234248E-07 1.059346E-06 3.229331E-06 4.774939E-06 1.297375E-05 1.609436E-05 1.728041E-05 1.463071E-05
140 3.701786E+01 5.178571E-01 2.079278E+00 7.220957E-08 2.228389E-07 1.056568E-06 3.220861E-06 4.762415E-06 1.293972E-05 1.605215E-05 1.723509E-05 1.459234E-05
141 3.753571E+01 5.178571E-01 2.079278E+00 7.201987E-08 2.222534E-07 1.053792E-06 3.212400E-06 4.749903E-06 1.290573E-05 1.600998E-05 1.718981E-05 1.455401E-05
142 3.805357E+01 5.178571E-01 2.079278E+00 7.183030E-08 2.216684E-07 1.051018E-06 3.203944E-06 4.737400E-06 1.287176E-05 1.596784E-05 1.714457E-05 1.451570E-05
143 3.857143E+01 5.178571E-01 2.079278E+00 7.164083E-08 2.210837E-07 1.048246E-06 3.195493E-06 4.724903E-06 1.283780E-05 1.592572E-05 1.709934E-05 1.447741E-05
144 3.908929E+01 5.178571E-01 2.079278E+00 7.145142E-08 2.204992E-07 1.045474E-06 3.187044E-06 4.712411E-06 1.280386E-05 1.588361E-05 1.705413E-05 1.443913E-05
145 3.960714E+01 5.178571E-01 2.079278E+00 7.126203E-08 2.199147E-07 1.042703E-06 3.178597E-06 4.699920E-06 1.276992E-05 1.584151E-05 1.700893E-05 1.440086E-05
146 4.012500E+01 5.178571E-01 2.079278E+00 7.107262E-08 2.193302E-07 1.039932E-06 3.170148E-06 4.687428E-06 1.273598E-05 1.579941E-05 1.696372E-05 1.436258E-05
147 4.064286E+01 5.178571E-01 2.079278E+00 7.088317E-08 2.187456E-07 1.037160E-06 3.161698E-06 4.674932E-06 1.270203E-05 1.575729E-05 1.691850E-05 1.432430E-05
148 4.116071E+01 5.178571E-01 2.079278E+00 7.069364E-08 2.181607E-07 1.034387E-06 3.153244E-06 4.662432E-06 1.266807E-05 1.571516E-05 1.687327E-05 1.428600E-05
149 4.167857E+01 5.178571E-01 2.079278E+00 7.050400E-08 2.175755E-07 1.031612E-06 3.144785E-06 4.649924E-06 1.263409E-05 1.567300E-05 1.682800E-05 1.424767E-05
150 4.219643E+01 5.178571E-01 2.079278E+00 7.031422E-08 2.169898E-07 1.028835E-06 3.136320E-06 4.637407E-06 1.260008E-05 1.563082E-05 1.678270E-05 1.420932E-05
151 4.271429E+01 5.178571E-01 2.079278E+00 7.012426E-08 2.164036E-07 1.026056E-06 3.127847E-06 4.624879E-06 1.256604E-05 1.558859E-05 1.673737E-05 1.417094E-05
152 4.323214E+01 5.178571E-01 2.079278E+00 6.993411E-08 2.158168E-07 1.023273E-06 3.119366E-06 4.612337E-06 1.253196E-05 1.554632E-05 1.669198E-05 1.413251E-05
153 4.375000E+01 5.178571E-01 2.079278E+00 6.974373E-08 2.152293E-07 1.020488E-06 3.110874E-06 4.599781E-06 1.249785E-05 1.550400E-05 1.664654E-05 1.409404E-05
154 4.426786E+01 5.178571E-01 2.079278E+00 6.955310E-08 2.146410E-07 1.017698E-06 3.102371E-06 4.587208E-06 1.246369E-05 1.546162E-05 1.660104E-05 1.405551E-05
155 4.478571E+01 5.178571E-01 2.079278E+00 6.936220E-08 2.140519E-07 1.014905E-06 3.093856E-06 4.574618E-06 1.242948E-05 1.541918E-05 1.655548E-05 1.401694E-05
156 4.530357E+01 5.178571E-01 2.079278E+00 6.917101E-08 2.134619E-07 1.012108E-06 3.085328E-06 4.562008E-06 1.239522E-05 1.537668E-05 1.650984E-05 1.397830E-05
157 4.582143E+01 5.178571E-01 2.079278E+00 6.897951E-08 2.128709E-07 1.009306E-06 3.076786E-06 4.549377E-06 1.236090E-05 1.533411E-05 1.646413E-05 1.393960E-05
158 4.633929E+01 5.178571E-01 2.079278E+00 6.878767E-08 2.122789E-07 1.006499E-06 3.068230E-06 4.536725E-06 1.232653E-05 1.529146E-05 1.641835E-05 1.390083E-05
159 4.685714E+01 5.178571E-01 2.079278E+00 6.859549E-08 2.116858E-07 1.003687E-06 3.059657E-06 4.524050E-06 1.229209E-05 1.524874E-05 1.637247E-05 1.386200E-05
160 4.737500E+01 5.178571E-01 2.079278E+00 6.840294E-08 2.110916E-07 1.000869E-06 3.051069E-06 4.511350E-06 1.225758E-05 1.520594E-05 1.632652E-05 1.382308E-05
161 4.789286E+01 5.178571E-01 2.079278E+00 6.821001E-08 2.104962E-07 9.980463E-07 3.042463E-06 4.498626E-06 1.222301E-05 1.516305E-05 1.628047E-05 1.378410E-05
162 4.841071E+01 5.178571E-01 2.079278E+00 6.801669E-08 2.098996E-07 9.952176E-07 3.033840E-06 4.485876E-06 1.218837E-05 1.512007E-05 1.623433E-05 1.374503E-05
163 4.892857E+01 5.178571E-01 2.079278E+00 6.782296E-08 2.093018E-07 9.923830E-07 3.025199E-06 4.473099E-06 1.215365E-05 1.507701E-05 1.618809E-05 1.370588E-05
164 4.944643E+01 5.178571E-01 2.079278E+00 6.762882E-08 2.087026E-07 9.895423E-07 3.016540E-06 4.460295E-06 1.211886E-05 1.503385E-05 1.614175E-05 1.366665E-05
165 4.996429E+01 5.178571E-01 2.079278E+00 6.743425E-08 2.081022E-07 9.866954E-07 3.007861E-06 4.447462E-06 1.208400E-05 1.499060E-05 1.609531E-05 1.362733E-05
166 5.048214E+01 5.178571E-01 2.079278E+00 6.723925E-08 2.075004E-07 9.838421E-07 2.999163E-06 4.434601E-06 1.204905E-05 1.494725E-05 1.604877E-05 1.358792E-05
167 5.100000E+01 5.178571E-01 2.079278E+00 6.704380E-08 2.068973E-07 9.809824E-07 2.990445E-06 4.421711E-06 1.201403E-05 1.490380E-05 1.600212E-05 1.354843E-05
168 5.151786E+01 5.178571E-01 2.079278E+00 6.684791E-08 2.062927E-07 9.781161E-07 2.981708E-06 4.408791E-06 1.197893E-05 1.486026E-05 1.595536E-05 1.350884E-05
169 5.203571E+01 5.178571E-01 2.079278E+00 6.665156E-08 2.056868E-07 9.752431E-07 2.972950E-06 4.395841E-06 1.194374E-05 1.481661E-05 1.590850E-05 1.346916E-05
170 5.255357E+01 5.178571E-01 2.079278E+00 6.645475E-08 2.050795E-07 9.723634E-07 2.964171E-06 4.382861E-06 1.190848E-05 1.477286E-05 1.586152E-05 1.342939E-05
171 5.307143E+01 5.178571E-01 2.079278E+00 6.625748E-08 2.044707E-07 9.694770E-07 2.955372E-06 4.369850E-06 1.187313E-05 1.472900E-05 1.581444E-05 1.338952E-05
172 5.358929E+01 5.178571E-01 2.079278E+00 6.605974E-08 2.038605E-07 9.665837E-07 2.946552E-06 4.356809E-06 1.183769E-05 1.468505E-05 1.576724E-05 1.334956E-05
173 5.410714E+01 5.178571E-01 2.079278E+00 6.586154E-08 2.032488E-07 9.636836E-07 2.937711E-06 4.343737E-06 1.180217E-05 1.464099E-05 1.571993E-05 1.330951E-05
174 5.462500E+01 5.178571E-01 2.079278E+00 6.566286E-08 2.026357E-07 9.607765E-07 2.928849E-06 4.330633E-06 1.176657E-05 1.459682E-05 1.567251E-05 1.326936E-05
175 5.514286E+01 5.178571E-01 2.079278E+00 6.546371E-08 2.020211E-07 9.578626E-07 2.919967E-06 4.317499E-06 1.173088E-05 1.455255E-05 1.562498E-05 1.322912E-05
176 5.566071E+01 5.178571E-01 2.079278E+00 6.526409E-08 2.014051E-07 9.549418E-07 2.911063E-06 4.304334E-06 1.169511E-05 1.450818E-05 1.557733E-05 1.318878E-05
177 5.617857E+01 5.178571E-01 2.079278E+00 6.506401E-08 2.007876E-07 9.520141E-07 2.902138E-06 4.291137E-06 1.165926E-05 1.446370E-05 1.552958E-05 1.314834E-05
178 5.669643E+01 5.178571E-01 2.079278E+00 6.486345E-08 2.001687E-07 9.490795E-07 2.893192E-06 4.277910E-06 1.162332E-05 1.441911E-05 1.548171E-05 1.310781E-05
179 5.721429E+01 5.178571E-01 2.079278E+00 6.466242E-08 1.995483E-07 9.461382E-07 2.884226E-06 4.264651E-06 1.158730E-05 1.437442E-05 1.543373E-05 1.306719E-05
180 5.773214E+01 5.178571E-01 2.079278E+00 6.446093E-08 1.989265E-07 9.431900E-07 2.875238E-06 4.251363E-06 1.155119E-05 1.432963E-05 1.538563E-05 1.302647E-05
181 5.825000E+01 5.178571E-01 2.079278E+00 6.425898E-08 1.983033E-07 9.402350E-07 2.866230E-06 4.238043E-06 1.151500E-05 1.428474E-05 1.533743E-05 1.298566E-05
182 5.876786E+01 5.178571E-01 2.079278E+00 6.405657E-08 1.976787E-07 9.372734E-07 2.857202E-06 4.224694E-06 1.147873E-05 1.423974E-05 1.528912E-05 1.294476E-05
183 5.928571E+01 5.178571E-01 2.079278E+00 6.385371E-08 1.970526E-07 9.343050E-07 2.848153E-06 4.211314E-06 1.144238E-05 1.419465E-05 1.524070E-05 1.290376E-05
184 5.980357E+01 5.178571E-01 2.079278E+00 6.379620E-08 1.968752E-07 9.334637E-07 2.845588E-06 4.207522E-06 1.143207E-05 1.418186E-05 1.522698E-05 1.289214E-05
185 6.032143E+01 5.178571E-01 2.079278E+00 6.399069E-08 1.974754E-07 9.363093E-07 2.854263E-06 4.220348E-06 1.146692E-05 1.422510E-05 1.527339E-05 1.293144E-05
186 6.083929E+01 5.178571E-01 2.079278E+00 6.454933E-08 1.991993E-07 9.444834E-07 2.879181E-06 4.257192E-06 1.156703E-05 1.434928E-05 1.540673E-05 1.304433E-05
187 6.135714E+01 5.178571E-01 2.079278E+00 6.554116E-08 2.022601E-07 9.589959E-07 2.923421E-06 4.322606E-06 1.174476E-05 1.456977E-05 1.564346E-05 1.324477E-05
188 6.187500E+01 5.178571E-01 2.079278E+00 6.700728E-08 2.067846E-07 9.804480E-07 2.988816E-06 4.419300E-06 1.200749E-05 1.489568E-05 1.599340E-05 1.354105E-05
189 6.239286E+01 5.178571E-01 2.079278E+00 6.897121E-08 2.128453E-07 1.009184E-06 3.076416E-06 4.548826E-06 1.235942E-05 1.533226E-05 1.646215E-05 1.393792E-05
190 6.291071E+01 5.178571E-01 2.079278E+00 7.144598E-08 2.204824E-07 1.045395E-06 3.186802E-06 4.712044E-06 1.280289E-05 1.588241E-05 1.705284E-05 1.443803E-05
191 6.342857E+01 5.178571E-01 2.079278E+00 7.443894E-08 2.297187E-07 1.089188E-06 3.320301E-06 4.909437E-06 1.333922E-05 1.654774E-05 1.776720E-05 1.504286E-05
192 6.394643E+01 5.178571E-01 2.079278E+00 7.795492E-08 2.405690E-07 1.140633E-06 3.477129E-06 5.141324E-06 1.396927E-05 1.732934E-05 1.860640E-05 1.575338E-05
193 6.446429E+01 5.178571E-01 2.079278E+00 8.199839E-08 2.530471E-07 1.199797E-06 3.657485E-06 5.408001E-06 1.469384E-05 1.822820E-05 1.957150E-05 1.657050E-05
194 6.498214E+01 5.178571E-01 2.079278E+00 8.657485E-08 2.671701E-07 1.266760E-06 3.861615E-06 5.709831E-06 1.551393E-05 1.924555E-05 2.066382E-05 1.749532E-05
195 6.550000E+01 5.178571E-01 2.079278E+00 9.169178E-08 2.829610E-07 1.341631E-06 4.089852E-06 6.047305E-06 1.643087E-05 2.038304E-05 2.188513E-05 1.852937E-05
196 6.601786E+01 5.178571E-01 2.079278E+00 9.735914E-08 3.004505E-07 1.424555E-06 4.342641E-06 6.421081E-06 1.744644E-05 2.164289E-05 2.323783E-05 1.967465E-05
197 6.653571E+01 5.178571E-01 2.079278E+00 1.035898E-07 3.196782E-07 1.515722E-06 4.620555E-06 6.832008E-06 1.856295E-05 2.302796E-05 2.472497E-05 2.093375E-05
198 6.705357E+01 5.178571E-01 2.079278E+00 1.103996E-07 3.406934E-07 1.615363E-06 4.924304E-06 7.281134E-06 1.978325E-05 2.454178E-05 2.635035E-05 2.230991E-05
199 6.757143E+01 5.178571E-01 2.079278E+00 1.178078E-07 3.635551E-07 1.723759E-06 5.254741E-06 7.769722E-06 2.111078E-05 2.618862E-05 2.811855E-05 2.380698E-05
200 6.808929E+01 5.178571E-01 2.079278E+00 1.258367E-07 3.883322E-07 1.841238E-06 5.612864E-06 8.299248E-06 2.254953E-05 2.797343E-05 3.003489E-05 2.542948E-05
201 6.860714E+01 5.178571E-01 2.079278E+00 1.345120E-07 4.151041E-07 1.968174E-06 5.999819E-06 8.871403E-06 2.410410E-05 2.990194E-05 3.210552E-05 2.718261E-05
202 6.912500E+01 5.178571E-01 2.079278E+00 1.438625E-07 4.439600E-07 2.104991E-06 6.416895E-06 9.488098E-06 2.577970E-05 3.198057E-05 3.433733E-05 2.907220E-05
203 6.964286E+01 5.178571E-01 2.079278E+00 1.539207E-07 4.749994E-07 2.252162E-06 6.865532E-06 1.015146E-05 2.758208E-05 3.421649E-05 3.673802E-05 3.110478E-05
204 7.016071E+01 5.178571E-01 2.079278E+00 1.647219E-07 5.083320E-07 2.410205E-06 7.347314E-06 1.086383E-05 2.951763E-05 3.661760E-05 3.931607E-05 3.328753E-05
205 7.067857E+01 5.178571E-01 2.079278E+00 1.763050E-07 5.440776E-07 2.579688E-06 7.863971E-06 1.162776E-05 3.159329E-05 3.919252E-05 4.208075E-05 3.562828E-05
206 7.119643E+01 5.178571E-01 2.079278E+00 1.887121E-07 5.823659E-07 2.761229E-06 8.417382E-06 1.244604E-05 3.381660E-05 4.195061E-05 4.504209E-05 3.813555E-05
207 7.171429E+01 5.178571E-01 2.079278E+00 2.019886E-07 6.233370E-07 2.955489E-06 9.009569E-06 1.332166E-05 3.619569E-05 4.490195E-05 4.821094E-05 4.081849E-05
208 7.223214E+01 5.178571E-01 2.079278E+00 2.161830E-07 6.671411E-07 3.163182E-06 9.642703E-06 1.425781E-05 3.873929E-05 4.805737E-05 5.159889E-05 4.368695E-05
209 7.275000E+01 5.178571E-01 2.079278E+00 2.313474E-07 7.139384E-07 3.385066E-06 1.031910E-05 1.525794E-05 4.145670E-05 5.142841E-05 5.521835E-05 4.675142E-05
210 7.326786E+01 5.178571E-01 2.079278E+00 2.475369E-07 7.638993E-07 3.621951E-06 1.104122E-05 1.632568E-05 4.435781E-05 5.502733E-05 5.908249E-05 5.002305E-05
211 7.378571E+01 5.178571E-01 2.079278E+00 2.648101E-07 8.172043E-07 3.874691E-06 1.181168E-05 1.746489E-05 4.745311E-05 5.886715E-05 6.320527E-05 5.351367E-05
212 7.430357E+01 5.178571E-01 2.079278E+00 2.832286E-07 8.740439E-07 4.144190E-06 1.263323E-05 1.867964E-05 5.075364E-05 6.296157E-05 6.760143E-05 5.723574E-05
213 7.482143E+01 5.178571E-01 2.079278E+00 3.028574E-07 9.346185E-07 4.431398E-06 1.350876E-05 1.997421E-05 5.427106E-05 6.732505E-05 7.228647E-05 6.120240E-05
214 7.533929E+01 5.178571E-01 2.079278E+00 3.237646E-07 9.991382E-07 4.737312E-06 1.444131E-05 2.135310E-05 5.801757E-05 7.197272E-05 7.727664E-05 6.542740E-05
215 7.585714E+01 5.178571E-01 2.079278E+00 3.460215E-07 1.067823E-06 5.062974E-06 1.543406E-05 2.282099E-05 6.200593E-05 7.692040E-05 8.258894E-05 6.992513E-05
216 7.637500E+01 5.178571E-01 2.079278E+00 3.697022E-07 1.140901E-06 5.409468E-06 1.649033E-05 2.438279E-05 6.624943E-05 8.218460E-05 8.824107E-05 7.471060E-05
217 7.689286E+01 5.178571E-01 2.079278E+00 3.948837E-07 1.218612E-06 5.777924E-06 1.761353E-05 2.604358E-05 7.076188E-05 8.778245E-05 9.425145E-05 7.979937E-05
218 7.741071E+01 5.178571E-01 2.079278E+00 4.216460E-07 1.301200E-06 6.169508E-06 1.880725E-05 2.780862E-05 7.555759E-05 9.373169E-05 1.006391E-04 8.520757E-05
219 7.792857E+01 5.178571E-01 2.079278E+00 4.500712E-07 1.388920E-06 6.585425E-06 2.007513E-05 2.968333E-05 8.065130E-05 1.000506E-04 1.074237E-04 9.095183E-05
220 7.844643E+01 5.178571E-01 2.079278E+00 4.802439E-07 1.482034E-06 7.026911E-06 2.142097E-05 3.167330E-05 8.605815E-05 1.067580E-04 1.146254E-04 9.704923E-05
221 7.896429E+01 5.178571E-01 2.079278E+00 5.122507E-07 1.580806E-06 7.495233E-06 2.284861E-05 3.378423E-05 9.179366E-05 1.138731E-04 1.222648E-04 1.035173E-04
222 7.948214E+01 5.178571E-01 2.079278E+00 5.461796E-07 1.685511E-06 7.991679E-06 2.436199E-05 3.602192E-05 9.787361E-05 1.214154E-04 1.303630E-04 1.103737E-04
223 8.000000E+01 5.178571E-01 2.079278E+00 5.821198E-07 1.796423E-06 8.517555E-06 2.596508E-05 3.839227E-05 1.043140E-04 1.294049E-04 1.389412E-04 1.176366E-04
224 8.051786E+01 5.178571E-01 2.079278E+00 6.201614E-07 1.913819E-06 9.074178E-06 2.766190E-05 4.090121E-05 1.111309E-04 1.378616E-04 1.480211E-04 1.253242E-04
225 8.103571E+01 5.178571E-01 2.079278E+00 6.603942E-07 2.037978E-06 9.662863E-06 2.945646E-05 4.355466E-05 1.183405E-04 1.468053E-04 1.576239E-04 1.334546E-04
226 8.155357E+01 5.178571E-01 2.079278E+00 7.029078E-07 2.169175E-06 1.028492E-05 3.135275E-05 4.635854E-05 1.259588E-04 1.562561E-04 1.677711E-04 1.420459E-04
227 8.207143E+01 5.178571E-01 2.079278E+00 7.477904E-07 2.307682E-06 1.094164E-05 3.335471E-05 4.931866E-05 1.340016E-04 1.662334E-04 1.784837E-04 1.511159E-04
228 8.258929E+01 5.178571E-01 2.079278E+00 7.951278E-07 2.453766E-06 1.163428E-05 3.546616E-05 5.244068E-05 1.424843E-04 1.767565E-04 1.897823E-04 1.606820E-04
229 8.310714E+01 5.178571E-01 2.079278E+00 8.450031E-07 2.607681E-06 1.236405E-05 3.769082E-05 5.573009E-05 1.514218E-04 1.878438E-04 2.016866E-04 1.707609E-04
230 8.362500E+01 5.178571E-01 2.079278E+00 8.974950E-07 2.769671E-06 1.313211E-05 4.003219E-05 5.919206E-05 1.608282E-04 1.995127E-04 2.142155E-04 1.813687E-04
231 8.414286E+01 5.178571E-01 2.079278E+00 9.526773E-07 2.939964E-06 1.393954E-05 4.249355E-05 6.283147E-05 1.707167E-04 2.117797E-04 2.273865E-04 1.925201E-04
232 8.466071E+01 5.178571E-01 2.079278E+00 1.010617E-06 3.118766E-06 1.478731E-05 4.507792E-05 6.665274E-05 1.810993E-04 2.246596E-04 2.412156E-04 2.042287E-04
233 8.517857E+01 5.178571E-01 2.079278E+00 1.071373E-06 3.306260E-06 1.567630E-05 4.778792E-05 7.065978E-05 1.919866E-04 2.381658E-04 2.557170E-04 2.165066E-04
234 8.569643E+01 5.178571E-01 2.079278E+00 1.134997E-06 3.502603E-06 1.660723E-05 5.062581E-05 7.485592E-05 2.033878E-04 2.523093E-04 2.709028E-04 2.293638E-04
235 8.621429E+01 5.178571E-01 2.079278E+00 1.201527E-06 3.707915E-06 1.758070E-05 5.359335E-05 7.924376E-05 2.153098E-04 2.670989E-04 2.867824E-04 2.428085E-04
236 8.673214E+01 5.178571E-01 2.079278E+00 1.270992E-06 3.922283E-06 1.859711E-05 5.669177E-05 8.382513E-05 2.277576E-04 2.825409E-04 3.033623E-04 2.568461E-04
237 8.725000E+01 5.178571E-01 2.079278E+00 1.343404E-06 4.145748E-06 1.965664E-05 5.992169E-05 8.860091E-05 2.407337E-04 2.986381E-04 3.206458E-04 2.714795E-04
238 8.776786E+01 5.178571E-01 2.079278E+00 1.418763E-06 4.378306E-06 2.075929E-05 6.328302E-05 9.357102E-05 2.542378E-04 3.153904E-04 3.386326E-04 2.867082E-04
239 8.828571E+01 5.178571E-01 2.079278E+00 1.497050E-06 4.619899E-06 2.190478E-05 6.677495E-05 9.873423E-05 2.682665E-04 3.327935E-04 3.573182E-04 3.025287E-04
240 8.880357E+01 5.178571E-01 2.079278E+00 1.578228E-06 4.870413E-06 2.309257E-05 7.039582E-05 1.040881E-04 2.828132E-04 3.508392E-04 3.766937E-04 3.189333E-04
241 8.932143E+01 5.178571E-01 2.079278E+00 1.662239E-06 5.129671E-06 2.432181E-05 7.414308E-05 1.096288E-04 2.978678E-04 3.695148E-04 3.967457E-04 3.359105E-04
242 8.983929E+01 5.178571E-01 2.079278E+00 1.749005E-06 5.397432E-06 2.559138E-05 7.801323E-05 1.153513E-04 3.134160E-04 3.888029E-04 4.174552E-04 3.534445E-04
243 9.035714E+01 5.178571E-01 2.079278E+00 1.838425E-06 5.673382E-06 2.689977E-05 8.200176E-05 1.212488E-04 3.294398E-04 4.086809E-04 4.387981E-04 3.715148E-04
244 9.087500E+01 5.178571E-01 2.079278E+00 1.930374E-06 5.957136E-06 2.824515E-05 8.610306E-05 1.273130E-04 3.459167E-04 4.291211E-04 4.607445E-04 3.900961E-04
245 9.139286E+01 5.178571E-01 2.079278E+00 2.024700E-06 6.248229E-06 2.962534E-05 9.031046E-05 1.335341E-04 3.628197E-04 4.500899E-04 4.832586E-04 4.091580E-04
246 9.191071E+01 5.178571E-01 2.079278E+00 2.121230E-06 6.546120E-06 3.103776E-05 9.461610E-05 1.399005E-04 3.801176E-04 4.715484E-04 5.062985E-04 4.286650E-04
247 9.242857E+01 5.178571E-01 2.079278E+00 2.219761E-06 6.850187E-06 3.247947E-05 9.901102E-05 1.463989E-04 3.977740E-04 4.934518E-04 5.298160E-04 4.485765E-04
248 9.294643E+01 5.178571E-01 2.079278E+00 2.320066E-06 7.159729E-06 3.394712E-05 1.034851E-04 1.530142E-04 4.157484E-04 5.157496E-04 5.537570E-04 4.688464E-04
249 9.346429E+01 5.178571E-01 2.079278E+00 2.421892E-06 7.473963E-06 3.543704E-05 1.080269E-04 1.597299E-04 4.339952E-04 5.383854E-04 5.780609E-04 4.894237E-04
250 9.398214E+01 5.178571E-01 2.079278E+00 2.524961E-06 7.792032E-06 3.694513E-05 1.126242E-04 1.665275E-04 4.524647E-04 5.612975E-04 6.026614E-04 5.102521E-04
251 9.450000E+01 5.178571E-01 2.079278E+00 2.628970E-06 8.113004E-06 3.846698E-05 1.172635E-04 1.733872E-04 4.711028E-04 5.844186E-04 6.274864E-04 5.312706E-04
252 9.501786E+01 5.178571E-01 2.079278E+00 2.733595E-06 8.435877E-06 3.999785E-05 1.219302E-04 1.802875E-04 4.898513E-04 6.076767E-04 6.524585E-04 5.524136E-04
253 9.553571E+01 5.178571E-01 2.079278E+00 2.838491E-06 8.759587E-06 4.153269E-05 1.266090E-04 1.872056E-04 5.086483E-04 6.309951E-04 6.774953E-04 5.736113E-04
254 9.605357E+01 5.178571E-01 2.079278E+00 2.943295E-06 9.083012E-06 4.306618E-05 1.312838E-04 1.941177E-04 5.274289E-04 6.542929E-04 7.025101E-04 5.947904E-04
255 9.657143E+01 5.178571E-01 2.079278E+00 3.047628E-06 9.404984E-06 4.459277E-05 1.359375E-04 2.009987E-04 5.461250E-04 6.774861E-04 7.274124E-04 6.158743E-04
256 9.708929E+01 5.178571E-01 2.079278E+00 3.151098E-06 9.724294E-06 4.610675E-05 1.405527E-04 2.078229E-04 5.646665E-04 7.004875E-04 7.521089E-04 6.367840E-04
257 9.760714E+01 5.178571E-01 2.079278E+00 3.253305E-06 1.003971E-05 4.760224E-05 1.451116E-04 2.145637E-04 5.829818E-04 7.232082E-04 7.765039E-04 6.574384E-04
258 9.812500E+01 5.178571E-01 2.079278E+00 3.353844E-06 1.034997E-05 4.907332E-05 1.495960E-04 2.211945E-04 6.009979E-04 7.455578E-04 8.005005E-04 6.777555E-04
259 9.864286E+01 5.178571E-01 2.079278E+00 3.452305E-06 1.065382E-05 5.051400E-05 1.539878E-04 2.276882E-04 6.186418E-04 7.674457E-04 8.240014E-04 6.976529E-04
260 9.916071E+01 5.178571E-01 2.079278E+00 3.548283E-06 1.095001E-05 5.191835E-05 1.582689E-04 2.340182E-04 6.358409E-04 7.887816E-04 8.469097E-04 7.170485E-04
261 9.967857E+01 5.178571E-01 2.079278E+00 3.641379E-06 1.123730E-05 5.328053E-05 1.624214E-04 2.401582E-04 6.525233E-04 8.094768E-04 8.691300E-04 7.358616E-04
262 1.001964E+02 5.178571E-01 2.079278E+00 3.731203E-06 1.151450E-05 5.459483E-05 1.664279E-04 2.460823E-04 6.686195E-04 8.294446E-04 8.905693E-04 7.540135E-04
263 1.007143E+02 5.178571E-01 2.079278E+00 3.817380E-06 1.178044E-05 5.585576E-05 1.702717E-04 2.517658E-04 6.840620E-04 8.486016E-04 9.111380E-04 7.714283E-04
264 1.012321E+02 5.178571E-01 2.079278E+00 3.899551E-06 1.203402E-05 5.705808E-05 1.739369E-04 2.571852E-04 6.987868E-04 8.668681E-04 9.307507E-04 7.880337E-04
265 1.017500E+02 5.178571E-01 2.079278E+00 3.977380E-06 1.227420E-05 5.819687E-05 1.774085E-04 2.623182E-04 7.127335E-04 8.841695E-04 9.493271E-04 8.037617E-04
266 1.022679E+02 5.178571E-01 2.079278E+00 4.050555E-06 1.250002E-05 5.926757E-05 1.806724E-04 2.671443E-04 7.258463E-04 9.004363E-04 9.667926E-04 8.185491E-04
267 1.027857E+02 5.178571E-01 2.079278E+00 4.118791E-06 1.271060E-05 6.026600E-05 1.837160E-04 2.716447E-04 7.380740E-04 9.156052E-04 9.830794E-04 8.323385E-04
268 1.033036E+02 5.178571E-01 2.079278E+00 4.181834E-06 1.290515E-05 6.118843E-05 1.865280E-04 2.758025E-04 7.493710E-04 9.296195E-04 9.981264E-04 8.450783E-04
269 1.038214E+02 5.178571E-01 2.079278E+00 4.239458E-06 1.308298E-05 6.203160E-05 1.890983E-04 2.796030E-04 7.596972E-04 9.424295E-04 1.011880E-03 8.567233E-04
270 1.043393E+02 5.178571E-01 2.079278E+00 4.291476E-06 1.324350E-05 6.279271E-05 1.914185E-04 2.830337E-04 7.690185E-04 9.539929E-04 1.024296E-03 8.672352E-04
271 1.048571E+02 5.178571E-01 2.079278E+00 4.337730E-06 1.338624E-05 6.346950E-05 1.934816E-04 2.860842E-04 7.773071E-04 9.642752E-04 1.035336E-03 8.765824E-04
272 1.053750E+02 5.178571E-01 2.079278E+00 4.378100E-06 1.351082E-05 6.406020E-05 1.952823E-04 2.887468E-04 7.845414E-04 9.732495E-04 1.044972E-03 8.847406E-04
273 1.058929E+02 5.178571E-01 2.079278E+00 4.412502E-06 1.361699E-05 6.456356E-05 1.968168E-04 2.910156E-04 7.907060E-04 9.808969E-04 1.053183E-03 8.916925E-04
274 1.064107E+02 5.178571E-01 2.079278E+00 4.440884E-06 1.370457E-05 6.497884E-05 1.980827E-04 2.928875E-04 7.957919E-04 9.872062E-04 1.059957E-03 8.974280E-04
275 1.069286E+02 5.178571E-01 2.079278E+00 4.463230E-06 1.377353E-05 6.530581E-05 1.990795E-04 2.943613E-04 7.997963E-04 9.921737E-04 1.065290E-03 9.019438E-04
276 1.074464E+02 5.178571E-01 2.079278E+00 4.479557E-06 1.382392E-05 6.554472E-05 1.998078E-04 2.954381E-04 8.027221E-04 9.958034E-04 1.069188E-03 9.052433E-04
277 1.079643E+02 5.178571E-01 2.079278E+00 4.489916E-06 1.385589E-05 6.569628E-05 2.002698E-04 2.961213E-04 8.045783E-04 9.981060E-04 1.071660E-03 9.073366E-04
278 1.084821E+02 5.178571E-01 2.079278E+00 4.494384E-06 1.386968E-05 6.576166E-05 2.004691E-04 2.964160E-04 8.053790E-04 9.990993E-04 1.072726E-03 9.082395E-04
279 1.090000E+02 5.178571E-01 2.079278E+00 4.493069E-06 1.386562E-05 6.574242E-05 2.004104E-04 2.963292E-04 8.051434E-04 9.988070E-04 1.072413E-03 9.079738E-04
280 1.095179E+02 5.178571E-01 2.079278E+00 4.486105E-06 1.384413E-05 6.564052E-05 2.000998E-04 2.958699E-04 8.038954E-04 9.972588E-04 1.070750E-03 9.065664E-04
281 1.100357E+02 5.178571E-01 2.079278E+00 4.473648E-06 1.380569E-05 6.545825E-05 1.995442E-04 2.950484E-04 8.016632E-04 9.944897E-04 1.067777E-03 9.040492E-04
282 1.105536E+02 5.178571E-01 2.079278E+00 4.455878E-06 1.375085E-05 6.519824E-05 1.987516E-04 2.938764E-04 7.984789E-04 9.905394E-04 1.063536E-03 9.004581E-04
283 1.110714E+02 5.178571E-01 2.079278E+00 4.432992E-06 1.368022E-05 6.486337E-05 1.977307E-04 2.923670E-04 7.943777E-04 9.854518E-04 1.058073E-03 8.958332E-04
284 1.115893E+02 5.178571E-01 2.079278E+00 4.405203E-06 1.359446E-05 6.445677E-05 1.964912E-04 2.905343E-04 7.893981E-04 9.792745E-04 1.051441E-03 8.902176E-04
285 1.121071E+02 5.178571E-01 2.079278E+00 4.372740E-06 1.349428E-05 6.398177E-05 1.950433E-04 2.883933E-04 7.835809E-04 9.720580E-04 1.043692E-03 8.836574E-04
286 1.126250E+02 5.178571E-01 2.079278E+00 4.335842E-06 1.338042E-05 6.344188E-05 1.933974E-04 2.859597E-04 7.769688E-04 9.638555E-04 1.034885E-03 8.762009E-04
287 1.131429E+02 5.178571E-01 2.079278E+00 4.294757E-06 1.325363E-05 6.284072E-05 1.915649E-04 2.832501E-04 7.696065E-04 9.547223E-04 1.025079E-03 8.678982E-04
288 1.136607E+02 5.178571E-01 2.079278E+00 4.249740E-06 1.311470E-05 6.218203E-05 1.895569E-04 2.802811E-04 7.615395E-04 9.447150E-04 1.014334E-03 8.588010E-04
289 1.141786E+02 5.178571E-01 2.079278E+00 4.201050E-06 1.296445E-05 6.146961E-05 1.873851E-04 2.770699E-04 7.528145E-04 9.338913E-04 1.002713E-03 8.489617E-04
290 1.146964E+02 5.178571E-01 2.079278E+00 4.148951E-06 1.280367E-05 6.070729E-05 1.850613E-04 2.736338E-04 7.434785E-04 9.223096E-04 9.902778E-04 8.384332E-04
291 1.152143E+02 5.178571E-01 2.079278E+00 4.093704E-06 1.263318E-05 5.989892E-05 1.825970E-04 2.699901E-04 7.335785E-04 9.100283E-04 9.770915E-04 8.272688E-04
292 1.157321E+02 5.178571E-01 2.079278E+00 4.035572E-06 1.245378E-05 5.904834E-05 1.800041E-04 2.661562E-04 7.231615E-04 8.971057E-04 9.632166E-04 8.155214E-04
293 1.162500E+02 5.178571E-01 2.079278E+00 3.974815E-06 1.226629E-05 5.815935E-05 1.772941E-04 2.621491E-04 7.122739E-04 8.835994E-04 9.487149E-04 8.032434E-04
294 1.167679E+02 5.178571E-01 2.079278E+00 3.911687E-06 1.207147E-05 5.723566E-05 1.744783E-04 2.579857E-04 7.009617E-04 8.695661E-04 9.336475E-04 7.904863E-04
295 1.172857E+02 5.178571E-01 2.079278E+00 3.846439E-06 1.187012E-05 5.628096E-05 1.715679E-04 2.536824E-04 6.892694E-04 8.550615E-04 9.180740E-04 7.773008E-04
296 1.178036E+02 5.178571E-01 2.079278E+00 3.779315E-06 1.166297E-05 5.529879E-05 1.685739E-04 2.492553E-04 6.772409E-04 8.401398E-04 9.020526E-04 7.637360E-04
297 1.183214E+02 5.178571E-01 2.079278E+00 3.710550E-06 1.145076E-05 5.429263E-05 1.655067E-04 2.447201E-04 6.649185E-04 8.248534E-04 8.856398E-04 7.498399E-04
298 1.188393E+02 5.178571E-01 2.079278E+00 3.640374E-06 1.123420E-05 5.326581E-05 1.623765E-04 2.400918E-04 6.523432E-04 8.092533E-04 8.688900E-04 7.356584E-04
299 1.193571E+02 5.178571E-01 2.079278E+00 3.569005E-06 1.101396E-05 5.222155E-05 1.591932E-04 2.353849E-04 6.395541E-04 7.933881E-04 8.518556E-04 7.212360E-04
300 1.198750E+02 5.178571E-01 2.079278E+00 3.496655E-06 1.079068E-05 5.116292E-05 1.559660E-04 2.306132E-04 6.265892E-04 7.773046E-04 8.345869E-04 7.066152E-04
301 1.203929E+02 5.178571E-01 2.079278E+00 3.423523E-06 1.056500E-05 5.009286E-05 1.527040E-04 2.257900E-04 6.134842E-04 7.610474E-04 8.171316E-04 6.918365E-04
302 1.209107E+02 5.178571E-01 2.079278E+00 3.349800E-06 1.033749E-05 4.901415E-05 1.494157E-04 2.209278E-04 6.002733E-04 7.446589E-04 7.995354E-04 6.769383E-04
303 1.214286E+02 5.178571E-01 2.079278E+00 3.275667E-06 1.010871E-05 4.792944E-05 1.461090E-04 2.160385E-04 5.869889E-04 7.281791E-04 7.818412E-04 6.619573E-04
304 1.219464E+02 5.178571E-01 2.079278E+00 3.201294E-06 9.879197E-06 4.684121E-05 1.427916E-04 2.111334E-04 5.736614E-04 7.116460E-04 7.640896E-04 6.469277E-04
305 1.224643E+02 5.178571E-01 2.079278E+00 3.126840E-06 9.649432E-06 4.575180E-05 1.394707E-04 2.062230E-04 5.603195E-04 6.950949E-04 7.463188E-04 6.318818E-04
306 1.229821E+02 5.178571E-01 2.079278E+00 3.052454E-06 9.419879E-06 4.466340E-05 1.361528E-04 2.013171E-04 5.469899E-04 6.785591E-04 7.285645E-04 6.168498E-04
307 1.235000E+02 5.178571E-01 2.079278E+00 2.978278E-06 9.190969E-06 4.357805E-05 1.328441E-04 1.964249E-04 5.336977E-04 6.620696E-04 7.108598E-04 6.018599E-04
308 1.240179E+02 5.178571E-01 2.079278E+00 2.904438E-06 8.963100E-06 4.249763E-05 1.295506E-04 1.915550E-04 5.204659E-04 6.456551E-04 6.932357E-04 5.869381E-04
309 1.245357E+02 5.178571E-01 2.079278E+00 2.831056E-06 8.736642E-06 4.142390E-05 1.262774E-04 1.867153E-04 5.073160E-04 6.293422E-04 6.757207E-04 5.721088E-04
310 1.250536E+02 5.178571E-01 2.079278E+00 2.758240E-06 8.511934E-06 4.035847E-05 1.230295E-04 1.819129E-04 4.942677E-04 6.131554E-04 6.583410E-04 5.573940E-04
311 1.255714E+02 5.178571E-01 2.079278E+00 2.686093E-06 8.289286E-06 3.930281E-05 1.198114E-04 1.771546E-04 4.813391E-04 5.971171E-04 6.411207E-04 5.428142E-04
312 1.260893E+02 5.178571E-01 2.079278E+00 2.614705E-06 8.068984E-06 3.825827E-05 1.166272E-04 1.724464E-04 4.685467E-04 5.812476E-04 6.240818E-04 5.283880E-04
313 1.266071E+02 5.178571E-01 2.079278E+00 2.544161E-06 7.851284E-06 3.722607E-05 1.134806E-04 1.677938E-04 4.559053E-04 5.655657E-04 6.072442E-04 5.141322E-04
314 1.271250E+02 5.178571E-01 2.079278E+00 2.474535E-06 7.636418E-06 3.620730E-05 1.103750E-04 1.632018E-04 4.434286E-04 5.500878E-04 5.906257E-04 5.000619E-04
315 1.276429E+02 5.178571E-01 2.079278E+00 2.405895E-06 7.424595E-06 3.520296E-05 1.073134E-04 1.586748E-04 4.311285E-04 5.348292E-04 5.742426E-04 4.861909E-04
316 1.281607E+02 5.178571E-01 2.079278E+00 2.338300E-06 7.215999E-06 3.421393E-05 1.042984E-04 1.542168E-04 4.190159E-04 5.198030E-04 5.581091E-04 4.725313E-04
317 1.286786E+02 5.178571E-01 2.079278E+00 2.271805E-06 7.010794E-06 3.324097E-05 1.013324E-04 1.498313E-04 4.071001E-04 5.050211E-04 5.422379E-04 4.590936E-04
318 1.291964E+02 5.178571E-01 2.079278E+00 2.206454E-06 6.809122E-06 3.228476E-05 9.841747E-05 1.455212E-04 3.953895E-04 4.904937E-04 5.266399E-04 4.458874E-04
319 1.297143E+02 5.178571E-01 2.079278E+00 2.142289E-06 6.611107E-06 3.134589E-05 9.555541E-05 1.412894E-04 3.838912E-04 4.762297E-04 5.113247E-04 4.329206E-04
320 1.302321E+02 5.178571E-01 2.079278E+00 2.079342E-06 6.416853E-06 3.042486E-05 9.274771E-05 1.371379E-04 3.726114E-04 4.622367E-04 4.963006E-04 4.202001E-04
321 1.307500E+02 5.178571E-01 2.079278E+00 2.017643E-06 6.226450E-06 2.952208E-05 8.999567E-05 1.330687E-04 3.615551E-04 4.485210E-04 4.815741E-04 4.077318E-04
322 1.312679E+02 5.178571E-01 2.079278E+00 1.957215E-06 6.039969E-06 2.863790E-05 8.730031E-05 1.290833E-04 3.507266E-04 4.350879E-04 4.671510E-04 3.955203E-04
323 1.317857E+02 5.178571E-01 2.079278E+00 1.898076E-06 5.857466E-06 2.777258E-05 8.466247E-05 1.251829E-04 3.401291E-04 4.219414E-04 4.530357E-04 3.835693E-04
324 1.323036E+02 5.178571E-01 2.079278E+00 1.840241E-06 5.678987E-06 2.692634E-05 8.208277E-05 1.213685E-04 3.297652E-04 4.090847E-04 4.392316E-04 3.718818E-04
325 1.328214E+02 5.178571E-01 2.079278E+00 1.783719E-06 5.504561E-06 2.609932E-05 7.956165E-05 1.176408E-04 3.196367E-04 3.965199E-04 4.257409E-04 3.604597E-04
326 1.333393E+02 5.178571E-01 2.079278E+00 1.728517E-06 5.334207E-06 2.529160E-05 7.709940E-05 1.140001E-04 3.097447E-04 3.842485E-04 4.125651E-04 3.493043E-04
327 1.338571E+02 5.178571E-01 2.079278E+00 1.674637E-06 5.167934E-06 2.450323E-05 7.469612E-05 1.104466E-04 3.000896E-04 3.722710E-04 3.997050E-04 3.384161E-04
328 1.343750E+02 5.178571E-01 2.079278E+00 1.622079E-06 5.005738E-06 2.373420E-05 7.235178E-05 1.069802E-04 2.906713E-04 3.605873E-04 3.871602E-04 3.277949E-04
329 1.348929E+02 5.178571E-01 2.079278E+00 1.570838E-06 4.847609E-06 2.298445E-05 7.006622E-05 1.036007E-04 2.814891E-04 3.491965E-04 3.749300E-04 3.174400E-04
330 1.354107E+02 5.178571E-01 2.079278E+00 1.520909E-06 4.693528E-06 2.225388E-05 6.783917E-05 1.003078E-04 2.725420E-04 3.380973E-04 3.630129E-04 3.073502E-04
331 1.359286E+02 5.178571E-01 2.079278E+00 1.472283E-06 4.543467E-06 2.154239E-05 6.567022E-05 9.710076E-05 2.638283E-04 3.272877E-04 3.514067E-04 2.975236E-04
332 1.364464E+02 5.178571E-01 2.079278E+00 1.424948E-06 4.397392E-06 2.084979E-05 6.355889E-05 9.397893E-05 2.553461E-04 3.167653E-04 3.401088E-04 2.879581E-04
333 1.369643E+02 5.178571E-01 2.079278E+00 1.378892E-06 4.255264E-06 2.017590E-05 6.150461E-05 9.094144E-05 2.470931E-04 3.065271E-04 3.291162E-04 2.786510E-04
334 1.374821E+02 5.178571E-01 2.079278E+00 1.334101E-06 4.117037E-06 1.952051E-05 5.950670E-05 8.798732E-05 2.390665E-04 2.965699E-04 3.184252E-04 2.695994E-04
335 1.380000E+02 5.178571E-01 2.079278E+00 1.290557E-06 3.982661E-06 1.888338E-05 5.756446E-05 8.511549E-05 2.312636E-04 2.868902E-04 3.080321E-04 2.607999E-04
336 1.385179E+02 5.178571E-01 2.079278E+00 1.248243E-06 3.852080E-06 1.826424E-05 5.567707E-05 8.232477E-05 2.236811E-04 2.774838E-04 2.979325E-04 2.522489E-04
337 1.390357E+02 5.178571E-01 2.079278E+00 1.207140E-06 3.725236E-06 1.766283E-05 5.384370E-05 7.961393E-05 2.163156E-04 2.683466E-04 2.881220E-04 2.439427E-04
338 1.395536E+02 5.178571E-01 2.079278E+00 1.167228E-06 3.602068E-06 1.707884E-05 5.206345E-05 7.698163E-05 2.091635E-04 2.594742E-04 2.785958E-04 2.358772E-04
339 1.400714E+02 5.178571E-01 2.079278E+00 1.128486E-06 3.482509E-06 1.651196E-05 5.033539E-05 7.442650E-05 2.022210E-04 2.508619E-04 2.693487E-04 2.280481E-04
