0 -3.548214E+01 5.178571E-01 0.000000E+00 9.253862E-02 9.519144E-02 1.128351E-01 1.289883E-01 1.245542E-01 1.625747E-01 1.239234E-01 9.089407E-02 6.850000E-02
1 -3.496429E+01 5.178571E-01 9.233017E-01 9.253861E-02 9.519144E-02 1.128351E-01 1.289883E-01 1.245542E-01 1.625747E-01 1.239234E-01 9.089406E-02 6.850000E-02
2 -3.444643E+01 5.178571E-01 2.350061E+00 9.253860E-02 9.519142E-02 1.128351E-01 1.289883E-01 1.245542E-01 1.625747E-01 1.239234E-01 9.089405E-02 6.849999E-02
3 -3.392857E+01 5.178571E-01 3.014563E+00 9.253858E-02 9.519140E-02 1.128351E-01 1.289882E-01 1.245541E-01 1.625746E-01 1.239234E-01 9.089403E-02 6.849997E-02
4 -3.341071E+01 5.178571E-01 4.446050E+00 9.253856E-02 9.519138E-02 1.128351E-01 1.289882E-01 1.245541E-01 1.625746E-01 1.239233E-01 9.089401E-02 6.849996E-02
5 -3.289286E+01 5.178571E-01 1.137218E+01 9.253851E-02 9.519133E-02 1.128350E-01 1.289881E-01 1.245540E-01 1.625745E-01 1.239233E-01 9.089396E-02 6.849992E-02
6 -3.237500E+01 5.178571E-01 1.711798E+01 9.253842E-02 9.519123E-02 1.128349E-01 1.289880E-01 1.245539E-01 1.625743E-01 1.239232E-01 9.089387E-02 6.849985E-02
7 -3.185714E+01 5.178571E-01 1.768037E+01 9.253829E-02 9.519110E-02 1.128347E-01 1.289878E-01 1.245537E-01 1.625741E-01 1.239230E-01 9.089374E-02 6.849976E-02
8 -3.133929E+01 5.178571E-01 1.381083E+01 9.253814E-02 9.519095E-02 1.128346E-01 1.289876E-01 1.245536E-01 1.625739E-01 1.239228E-01 9.089360E-02 6.849965E-02
9 -3.082143E+01 5.178571E-01 7.707340E+00 9.253803E-02 9.519083E-02 1.128344E-01 1.289875E-01 1.245534E-01 1.625737E-01 1.239226E-01 9.089348E-02 6.849956E-02
10 -3.030357E+01 5.178571E-01 5.462810E+00 9.253791E-02 9.519072E-02 1.128343E-01 1.289873E-01 1.245532E-01 1.625735E-01 1.239225E-01 9.089337E-02 6.849948E-02
11 -2.978571E+01 5.178571E-01 5.901385E+00 9.253776E-02 9.519056E-02 1.128341E-01 1.289871E-01 1.245530E-01 1.625732E-01 1.239223E-01 9.089322E-02 6.849936E-02
12 -2.926786E+01 5.178571E-01 6.191562E+00 9.253755E-02 9.519034E-02 1.128338E-01 1.289868E-01 1.245528E-01 1.625728E-01 1.239220E-01 9.089302E-02 6.849921E-02
13 -2.875000E+01 5.178571E-01 6.357139E+00 9.253729E-02 9.519007E-02 1.128335E-01 1.289864E-01 1.245524E-01 1.625724E-01 1.239216E-01 9.089276E-02 6.849902E-02
14 -2.823214E+01 5.178571E-01 5.472308E+00 9.253701E-02 9.518979E-02 1.128332E-01 1.289860E-01 1.245520E-01 1.625719E-01 1.239213E-01 9.089249E-02 6.849881E-02
15 -2.771429E+01 5.178571E-01 4.052109E+00 9.253675E-02 9.518952E-02 1.128329E-01 1.289857E-01 1.245517E-01 1.625714E-01 1.239209E-01 9.089224E-02 6.849862E-02
16 -2.719643E+01 5.178571E-01 3.934342E+00 9.253646E-02 9.518922E-02 1.128325E-01 1.289853E-01 1.245513E-01 1.625709E-01 1.239205E-01 9.089195E-02 6.849840E-02
17 -2.667857E+01 5.178571E-01 4.421834E+00 9.253606E-02 9.518881E-02 1.128320E-01 1.289847E-01 1.245508E-01 1.625702E-01 1.239200E-01 9.089156E-02 6.849811E-02
18 -2.616071E+01 5.178571E-01 5.351276E+00 9.253550E-02 9.518823E-02 1.128313E-01 1.289839E-01 1.245500E-01 1.625692E-01 1.239192E-01 9.089100E-02 6.849769E-02
19 -2.564286E+01 5.178571E-01 6.211053E+00 9.253471E-02 9.518742E-02 1.128304E-01 1.289828E-01 1.245489E-01 1.625678E-01 1.239182E-01 9.089023E-02 6.849711E-02
20 -2.512500E+01 5.178571E-01 5.659375E+00 9.253384E-02 9.518653E-02 1.128293E-01 1.289816E-01 1.245478E-01 1.625663E-01 1.239170E-01 9.088937E-02 6.849647E-02
21 -2.460714E+01 5.178571E-01 4.718651E+00 9.253296E-02 9.518562E-02 1.128282E-01 1.289804E-01 1.245466E-01 1.625648E-01 1.239158E-01 9.088851E-02 6.849581E-02
22 -2.408929E+01 5.178571E-01 3.404798E+00 9.253220E-02 9.518484E-02 1.128273E-01 1.289793E-01 1.245456E-01 1.625634E-01 1.239148E-01 9.088776E-02 6.849525E-02
23 -2.357143E+01 5.178571E-01 2.299712E+00 9.253159E-02 9.518421E-02 1.128266E-01 1.289785E-01 1.245447E-01 1.625624E-01 1.239140E-01 9.088717E-02 6.849480E-02
24 -2.305357E+01 5.178571E-01 2.250132E+00 9.253092E-02 9.518352E-02 1.128257E-01 1.289776E-01 1.245438E-01 1.625612E-01 1.239131E-01 9.088650E-02 6.849430E-02
25 -2.253571E+01 5.178571E-01 2.355800E+00 9.253012E-02 9.518270E-02 1.128248E-01 1.289764E-01 1.245427E-01 1.625598E-01 1.239120E-01 9.088572E-02 6.849371E-02
26 -2.201786E+01 5.178571E-01 2.740878E+00 9.252908E-02 9.518163E-02 1.128235E-01 1.289750E-01 1.245413E-01 1.625579E-01 1.239106E-01 9.088469E-02 6.849294E-02
27 -2.150000E+01 5.178571E-01 3.061839E+00 9.252778E-02 9.518029E-02 1.128219E-01 1.289732E-01 1.245396E-01 1.625557E-01 1.239089E-01 9.088342E-02 6.849198E-02
28 -2.098214E+01 5.178571E-01 3.194030E+00 9.252626E-02 9.517873E-02 1.128201E-01 1.289711E-01 1.245376E-01 1.625530E-01 1.239069E-01 9.088193E-02 6.849085E-02
29 -2.046429E+01 5.178571E-01 3.252157E+00 9.252452E-02 9.517693E-02 1.128179E-01 1.289686E-01 1.245352E-01 1.625499E-01 1.239045E-01 9.088022E-02 6.848956E-02
30 -1.994643E+01 5.178571E-01 3.366430E+00 9.252248E-02 9.517484E-02 1.128155E-01 1.289658E-01 1.245325E-01 1.625463E-01 1.239018E-01 9.087821E-02 6.848805E-02
31 -1.942857E+01 5.178571E-01 3.398992E+00 9.252014E-02 9.517243E-02 1.128126E-01 1.289625E-01 1.245293E-01 1.625422E-01 1.238987E-01 9.087591E-02 6.848632E-02
32 -1.891071E+01 5.178571E-01 3.354808E+00 9.251751E-02 9.516973E-02 1.128094E-01 1.289589E-01 1.245258E-01 1.625376E-01 1.238952E-01 9.087334E-02 6.848438E-02
33 -1.839286E+01 5.178571E-01 3.274453E+00 9.251460E-02 9.516673E-02 1.128058E-01 1.289548E-01 1.245219E-01 1.625325E-01 1.238913E-01 9.087047E-02 6.848222E-02
34 -1.787500E+01 5.178571E-01 3.198319E+00 9.251136E-02 9.516340E-02 1.128019E-01 1.289503E-01 1.245175E-01 1.625268E-01 1.238869E-01 9.086729E-02 6.847982E-02
35 -1.735714E+01 5.178571E-01 3.083237E+00 9.250780E-02 9.515974E-02 1.127976E-01 1.289453E-01 1.245127E-01 1.625206E-01 1.238822E-01 9.086380E-02 6.847719E-02
36 -1.683929E+01 5.178571E-01 2.922678E+00 9.250399E-02 9.515582E-02 1.127929E-01 1.289400E-01 1.245076E-01 1.625139E-01 1.238771E-01 9.086005E-02 6.847437E-02
37 -1.632143E+01 5.178571E-01 2.755025E+00 9.249993E-02 9.515164E-02 1.127880E-01 1.289344E-01 1.245021E-01 1.625067E-01 1.238716E-01 9.085606E-02 6.847136E-02
38 -1.580357E+01 5.178571E-01 2.578623E+00 9.249566E-02 9.514725E-02 1.127827E-01 1.289284E-01 1.244964E-01 1.624992E-01 1.238659E-01 9.085187E-02 6.846820E-02
39 -1.528571E+01 5.178571E-01 2.437765E+00 9.249114E-02 9.514260E-02 1.127772E-01 1.289221E-01 1.244903E-01 1.624913E-01 1.238598E-01 9.084743E-02 6.846485E-02
40 -1.476786E+01 5.178571E-01 2.337497E+00 9.248631E-02 9.513764E-02 1.127714E-01 1.289154E-01 1.244838E-01 1.624828E-01 1.238534E-01 9.084269E-02 6.846128E-02
41 -1.425000E+01 5.178571E-01 2.217272E+00 9.248125E-02 9.513242E-02 1.127652E-01 1.289083E-01 1.244770E-01 1.624739E-01 1.238466E-01 9.083771E-02 6.845753E-02
42 -1.373214E+01 5.178571E-01 2.079278E+00 9.247600E-02 9.512703E-02 1.127588E-01 1.289010E-01 1.244699E-01 1.624647E-01 1.238396E-01 9.083256E-02 6.845365E-02
43 -1.321429E+01 5.178571E-01 2.079278E+00 9.247025E-02 9.512111E-02 1.127518E-01 1.288930E-01 1.244622E-01 1.624546E-01 1.238319E-01 9.082691E-02 6.844939E-02
44 -1.269643E+01 5.178571E-01 2.079278E+00 9.246395E-02 9.511463E-02 1.127441E-01 1.288842E-01 1.244537E-01 1.624435E-01 1.238234E-01 9.082072E-02 6.844473E-02
45 -1.217857E+01 5.178571E-01 2.079278E+00 9.245706E-02 9.510755E-02 1.127357E-01 1.288746E-01 1.244444E-01 1.624314E-01 1.238142E-01 9.081396E-02 6.843963E-02
46 -1.166071E+01 5.178571E-01 2.079278E+00 9.244955E-02 9.509982E-02 1.127265E-01 1.288641E-01 1.244343E-01 1.624182E-01 1.238042E-01 9.080658E-02 6.843407E-02
47 -1.114286E+01 5.178571E-01 2.079278E+00 9.244136E-02 9.509140E-02 1.127165E-01 1.288527E-01 1.244233E-01 1.624038E-01 1.237932E-01 9.079854E-02 6.842801E-02
48 -1.062500E+01 5.178571E-01 2.079278E+00 9.243244E-02 9.508222E-02 1.127057E-01 1.288403E-01 1.244113E-01 1.623882E-01 1.237812E-01 9.078978E-02 6.842141E-02
49 -1.010714E+01 5.178571E-01 2.079278E+00 9.242272E-02 9.507223E-02 1.126938E-01 1.288267E-01 1.243982E-01 1.623711E-01 1.237682E-01 9.078023E-02 6.841421E-02
50 -9.589286E+00 5.178571E-01 2.079278E+00 9.241214E-02 9.506134E-02 1.126809E-01 1.288120E-01 1.243840E-01 1.623525E-01 1.237541E-01 9.076984E-02 6.840638E-02
51 -9.071429E+00 5.178571E-01 2.079278E+00 9.240062E-02 9.504949E-02 1.126669E-01 1.287959E-01 1.243685E-01 1.623323E-01 1.237386E-01 9.075852E-02 6.839785E-02
52 -8.553571E+00 5.178571E-01 2.079278E+00 9.238808E-02 9.503659E-02 1.126516E-01 1.287785E-01 1.243516E-01 1.623102E-01 1.237218E-01 9.074620E-02 6.838857E-02
53 -8.035714E+00 5.178571E-01 2.079278E+00 9.237443E-02 9.502255E-02 1.126349E-01 1.287594E-01 1.243332E-01 1.622863E-01 1.237036E-01 9.073280E-02 6.837847E-02
54 -7.517857E+00 5.178571E-01 2.079278E+00 9.235957E-02 9.500726E-02 1.126168E-01 1.287387E-01 1.243132E-01 1.622602E-01 1.236837E-01 9.071820E-02 6.836747E-02
55 -7.000000E+00 5.178571E-01 2.079278E+00 9.234341E-02 9.499063E-02 1.125971E-01 1.287162E-01 1.242914E-01 1.622317E-01 1.236620E-01 9.070232E-02 6.835550E-02
56 -6.482143E+00 5.178571E-01 2.079278E+00 9.232581E-02 9.497253E-02 1.125757E-01 1.286917E-01 1.242678E-01 1.622008E-01 1.236384E-01 9.068504E-02 6.834248E-02
57 -5.964286E+00 5.178571E-01 2.079278E+00 9.230667E-02 9.495284E-02 1.125523E-01 1.286650E-01 1.242420E-01 1.621672E-01 1.236128E-01 9.066624E-02 6.832830E-02
58 -5.446429E+00 5.178571E-01 2.079278E+00 9.228583E-02 9.493141E-02 1.125269E-01 1.286359E-01 1.242139E-01 1.621306E-01 1.235849E-01 9.064577E-02 6.831288E-02
59 -4.928571E+00 5.178571E-01 2.079278E+00 9.226316E-02 9.490809E-02 1.124993E-01 1.286043E-01 1.241834E-01 1.620908E-01 1.235545E-01 9.062351E-02 6.829610E-02
60 -4.410714E+00 5.178571E-01 2.079278E+00 9.223850E-02 9.488272E-02 1.124692E-01 1.285700E-01 1.241502E-01 1.620474E-01 1.235215E-01 9.059928E-02 6.827784E-02
61 -3.892857E+00 5.178571E-01 2.079278E+00 9.221167E-02 9.485512E-02 1.124365E-01 1.285326E-01 1.241141E-01 1.620003E-01 1.234856E-01 9.057293E-02 6.825798E-02
62 -3.375000E+00 5.178571E-01 2.079278E+00 9.218248E-02 9.482509E-02 1.124009E-01 1.284919E-01 1.240748E-01 1.619490E-01 1.234465E-01 9.054425E-02 6.823637E-02
63 -2.857143E+00 5.178571E-01 2.079278E+00 9.215072E-02 9.479242E-02 1.123622E-01 1.284476E-01 1.240321E-01 1.618932E-01 1.234040E-01 9.051306E-02 6.821287E-02
64 -2.339286E+00 5.178571E-01 2.079278E+00 9.211618E-02 9.475689E-02 1.123200E-01 1.283995E-01 1.239856E-01 1.618325E-01 1.233577E-01 9.047913E-02 6.818730E-02
65 -1.821429E+00 5.178571E-01 2.079278E+00 9.207860E-02 9.471824E-02 1.122742E-01 1.283471E-01 1.239350E-01 1.617665E-01 1.233074E-01 9.044222E-02 6.815948E-02
66 -1.303571E+00 5.178571E-01 2.079278E+00 9.203773E-02 9.467620E-02 1.122244E-01 1.282901E-01 1.238800E-01 1.616947E-01 1.232527E-01 9.040208E-02 6.812923E-02
67 -7.857143E-01 5.178571E-01 2.079278E+00 9.199329E-02 9.463048E-02 1.121702E-01 1.282282E-01 1.238202E-01 1.616166E-01 1.231931E-01 9.035843E-02 6.809633E-02
68 -2.678571E-01 5.178571E-01 2.079278E+00 9.194495E-02 9.458076E-02 1.121113E-01 1.281608E-01 1.237551E-01 1.615317E-01 1.231284E-01 9.031095E-02 6.806055E-02
69 2.500000E-01 5.178571E-01 2.079278E+00 9.189239E-02 9.452669E-02 1.120472E-01 1.280875E-01 1.236844E-01 1.614394E-01 1.230580E-01 9.025933E-02 6.802164E-02
70 7.678571E-01 5.178571E-01 2.079278E+00 6.698465E-02 6.890491E-02 8.167641E-02 9.336897E-02 1.699814E-03 2.218686E-03 1.691205E-03 1.240448E-03 9.348319E-04
71 1.285714E+00 5.178571E-01 2.079278E+00 6.693993E-02 6.885891E-02 8.162188E-02 9.330663E-02 1.698679E-03 2.217205E-03 1.690076E-03 1.239620E-03 9.342078E-04
72 1.803571E+00 5.178571E-01 2.079278E+00 6.689250E-02 6.881012E-02 8.156405E-02 9.324052E-02 1.697475E-03 2.215634E-03 1.688879E-03 1.238741E-03 9.335459E-04
73 2.321429E+00 5.178571E-01 2.079278E+00 6.684280E-02 6.875900E-02 8.150345E-02 9.317125E-02 1.696214E-03 2.213988E-03 1.687624E-03 1.237821E-03 9.328523E-04
74 2.839286E+00 5.178571E-01 2.079278E+00 6.679116E-02 6.870587E-02 8.144048E-02 9.309926E-02 1.694904E-03 2.212278E-03 1.686320E-03 1.236865E-03 9.321316E-04
75 3.357143E+00 5.178571E-01 2.079278E+00 6.673781E-02 6.865100E-02 8.137543E-02 9.302491E-02 1.693550E-03 2.210511E-03 1.684973E-03 1.235877E-03 9.313871E-04
76 3.875000E+00 5.178571E-01 2.079278E+00 6.668294E-02 6.859456E-02 8.130853E-02 9.294842E-02 1.692157E-03 2.208693E-03 1.683588E-03 1.234861E-03 9.306213E-04
77 4.392857E+00 5.178571E-01 2.079278E+00 6.662668E-02 6.853668E-02 8.123993E-02 9.287000E-02 1.690730E-03 2.206830E-03 1.682168E-03 1.233819E-03 9.298361E-04
78 4.910714E+00 5.178571E-01 2.079278E+00 6.656912E-02 6.847747E-02 8.116974E-02 9.278977E-02 1.689269E-03 2.204923E-03 1.680714E-03 1.232753E-03 9.290329E-04
79 5.428571E+00 5.178571E-01 2.079278E+00 6.651034E-02 6.841701E-02 8.109807E-02 9.270784E-02 1.687777E-03 2.202976E-03 1.679230E-03 1.231664E-03 9.282125E-04
80 5.946429E+00 5.178571E-01 2.079278E+00 6.645039E-02 6.835533E-02 8.102497E-02 9.262427E-02 1.686256E-03 2.200990E-03 1.677717E-03 1.230554E-03 9.273758E-04
81 6.464286E+00 5.178571E-01 2.079278E+00 6.638931E-02 6.829250E-02 8.095049E-02 9.253913E-02 1.684706E-03 2.198967E-03 1.676174E-03 1.229423E-03 9.265233E-04
82 6.982143E+00 5.178571E-01 2.079278E+00 6.632712E-02 6.822853E-02 8.087466E-02 9.245245E-02 1.683128E-03 2.196908E-03 1.674604E-03 1.228271E-03 9.256555E-04
83 7.500000E+00 5.178571E-01 2.079278E+00 6.626385E-02 6.816345E-02 8.079752E-02 9.236426E-02 1.681523E-03 2.194812E-03 1.673007E-03 1.227100E-03 9.247725E-04
84 8.017857E+00 5.178571E-01 2.079278E+00 6.619952E-02 6.809727E-02 8.071907E-02 9.227458E-02 1.679890E-03 2.192681E-03 1.671383E-03 1.225908E-03 9.238747E-04
85 8.535714E+00 5.178571E-01 2.079278E+00 6.613412E-02 6.803000E-02 8.063934E-02 9.218343E-02 1.678231E-03 2.190515E-03 1.669732E-03 1.224697E-03 9.229621E-04
86 9.053571E+00 5.178571E-01 2.079278E+00 6.606768E-02 6.796165E-02 8.055832E-02 9.209082E-02 1.676544E-03 2.188314E-03 1.668054E-03 1.223467E-03 9.220348E-04
87 9.571429E+00 5.178571E-01 2.079278E+00 6.600018E-02 6.789222E-02 8.047602E-02 9.199674E-02 1.674832E-03 2.186079E-03 1.666350E-03 1.222217E-03 9.210928E-04
88 1.008929E+01 5.178571E-01 2.079278E+00 6.593164E-02 6.782172E-02 8.039244E-02 9.190119E-02 1.673092E-03 2.183808E-03 1.664619E-03 1.220948E-03 9.201362E-04
89 1.060714E+01 5.178571E-01 2.079278E+00 6.586205E-02 6.775013E-02 8.030759E-02 9.180419E-02 1.671326E-03 2.181503E-03 1.662862E-03 1.219659E-03 9.191650E-04
90 1.112500E+01 5.178571E-01 2.079278E+00 6.579141E-02 6.767746E-02 8.022145E-02 9.170572E-02 1.669534E-03 2.179163E-03 1.661079E-03 1.218351E-03 9.181791E-04
91 1.164286E+01 5.178571E-01 2.079278E+00 6.571971E-02 6.760371E-02 8.013403E-02 9.160578E-02 1.667714E-03 2.176789E-03 1.659269E-03 1.217023E-03 9.171785E-04
92 1.216071E+01 5.178571E-01 2.079278E+00 6.564695E-02 6.752886E-02 8.004531E-02 9.150437E-02 1.665868E-03 2.174379E-03 1.657432E-03 1.215676E-03 9.161631E-04
93 1.267857E+01 5.178571E-01 2.079278E+00 6.557313E-02 6.745293E-02 7.995530E-02 9.140147E-02 1.663995E-03 2.171934E-03 1.655568E-03 1.214309E-03 9.151328E-04
94 1.319643E+01 5.178571E-01 2.079278E+00 6.549824E-02 6.737589E-02 7.986398E-02 9.129708E-02 1.662094E-03 2.169453E-03 1.653677E-03 1.212922E-03 9.140877E-04
95 1.371429E+01 5.178571E-01 2.079278E+00 6.542227E-02 6.729774E-02 7.977135E-02 9.119119E-02 1.660166E-03 2.166937E-03 1.651759E-03 1.211515E-03 9.130275E-04
96 1.423214E+01 5.178571E-01 2.079278E+00 6.534522E-02 6.721848E-02 7.967740E-02 9.108379E-02 1.658211E-03 2.164385E-03 1.649814E-03 1.210088E-03 9.119521E-04
97 1.475000E+01 5.178571E-01 2.079278E+00 6.526708E-02 6.713810E-02 7.958212E-02 9.097487E-02 1.656228E-03 2.161796E-03 1.647841E-03 1.208641E-03 9.108616E-04
98 1.526786E+01 5.178571E-01 2.079278E+00 6.518784E-02 6.705659E-02 7.948550E-02 9.086442E-02 1.654217E-03 2.159172E-03 1.645840E-03 1.207174E-03 9.097558E-04
99 1.578571E+01 5.178571E-01 2.079278E+00 6.510749E-02 6.697394E-02 7.938753E-02 9.075243E-02 1.652179E-03 2.156511E-03 1.643812E-03 1.205686E-03 9.086345E-04
100 1.630357E+01 5.178571E-01 2.079278E+00 6.502604E-02 6.689015E-02 7.928821E-02 9.063889E-02 1.650112E-03 2.153813E-03 1.641755E-03 1.204177E-03 9.074977E-04
101 1.682143E+01 5.178571E-01 2.079278E+00 6.494346E-02 6.680521E-02 7.918753E-02 9.052379E-02 1.648016E-03 2.151078E-03 1.639670E-03 1.202648E-03 9.063453E-04
102 1.733929E+01 5.178571E-01 2.079278E+00 6.485976E-02 6.671911E-02 7.908546E-02 9.040711E-02 1.645892E-03 2.148305E-03 1.637557E-03 1.201098E-03 9.051771E-04
103 1.785714E+01 5.178571E-01 2.079278E+00 6.477492E-02 6.663183E-02 7.898202E-02 9.028885E-02 1.643739E-03 2.145495E-03 1.635415E-03 1.199527E-03 9.039931E-04
104 1.837500E+01 5.178571E-01 2.079278E+00 6.468893E-02 6.654338E-02 7.887717E-02 9.016900E-02 1.641557E-03 2.142647E-03 1.633244E-03 1.197935E-03 9.027931E-04
105 1.889286E+01 5.178571E-01 2.079278E+00 6.460180E-02 6.645375E-02 7.877092E-02 9.004754E-02 1.639346E-03 2.139761E-03 1.631044E-03 1.196321E-03 9.015770E-04
106 1.941071E+01 5.178571E-01 2.079278E+00 6.451350E-02 6.636292E-02 7.866326E-02 8.992447E-02 1.637105E-03 2.136836E-03 1.628815E-03 1.194686E-03 9.003448E-04
107 1.992857E+01 5.178571E-01 2.079278E+00 6.442404E-02 6.627089E-02 7.855417E-02 8.979976E-02 1.634835E-03 2.133873E-03 1.626556E-03 1.193029E-03 8.990962E-04
108 2.044643E+01 5.178571E-01 2.079278E+00 6.433339E-02 6.617765E-02 7.844365E-02 8.967342E-02 1.632535E-03 2.130871E-03 1.624267E-03 1.191351E-03 8.978312E-04
109 2.096429E+01 5.178571E-01 2.079278E+00 6.424157E-02 6.608319E-02 7.833169E-02 8.954542E-02 1.630205E-03 2.127829E-03 1.621949E-03 1.189650E-03 8.965497E-04
110 2.148214E+01 5.178571E-01 2.079278E+00 6.414855E-02 6.598751E-02 7.821827E-02 8.941577E-02 1.627844E-03 2.124748E-03 1.619601E-03 1.187928E-03 8.952516E-04
111 2.200000E+01 5.178571E-01 2.079278E+00 6.405433E-02 6.589059E-02 7.810338E-02 8.928444E-02 1.625453E-03 2.121627E-03 1.617222E-03 1.186183E-03 8.939367E-04
112 2.251786E+01 5.178571E-01 2.079278E+00 6.395891E-02 6.579243E-02 7.798703E-02 8.915143E-02 1.623032E-03 2.118467E-03 1.614812E-03 1.184416E-03 8.926049E-04
113 2.303571E+01 5.178571E-01 2.079278E+00 6.386226E-02 6.569302E-02 7.786919E-02 8.901672E-02 1.620579E-03 2.115266E-03 1.612372E-03 1.182626E-03 8.912562E-04
114 2.355357E+01 5.178571E-01 2.079278E+00 6.376440E-02 6.559235E-02 7.774986E-02 8.888031E-02 1.618096E-03 2.112024E-03 1.609902E-03 1.180814E-03 8.898904E-04
115 2.407143E+01 5.178571E-01 2.079278E+00 6.366531E-02 6.549041E-02 7.762903E-02 8.874218E-02 1.615581E-03 2.108742E-03 1.607400E-03 1.178979E-03 8.885075E-04
116 2.458929E+01 5.178571E-01 2.079278E+00 6.356498E-02 6.538721E-02 7.750670E-02 8.860233E-02 1.613035E-03 2.105419E-03 1.604867E-03 1.177121E-03 8.871073E-04
117 2.510714E+01 5.178571E-01 2.079278E+00 6.346340E-02 6.528272E-02 7.738285E-02 8.846075E-02 1.610458E-03 2.102055E-03 1.602302E-03 1.175240E-03 8.856897E-04
118 2.562500E+01 5.178571E-01 2.079278E+00 6.336058E-02 6.517695E-02 7.725747E-02 8.831743E-02 1.607849E-03 2.098649E-03 1.599706E-03 1.173336E-03 8.842547E-04
119 2.614286E+01 5.178571E-01 2.079278E+00 6.325650E-02 6.506988E-02 7.713056E-02 8.817235E-02 1.605207E-03 2.095201E-03 1.597078E-03 1.171408E-03 8.828021E-04
120 2.666071E+01 5.178571E-01 2.079278E+00 6.315115E-02 6.496152E-02 7.700211E-02 8.802551E-02 1.602534E-03 2.091712E-03 1.594419E-03 1.169458E-03 8.813320E-04
121 2.717857E+01 5.178571E-01 2.079278E+00 6.304454E-02 6.485185E-02 7.687211E-02 8.787690E-02 1.599829E-03 2.088181E-03 1.591727E-03 1.167483E-03 8.798441E-04
122 2.769643E+01 5.178571E-01 2.079278E+00 6.293665E-02 6.474086E-02 7.674056E-02 8.772651E-02 1.597091E-03 2.084607E-03 1.589003E-03 1.165485E-03 8.783383E-04
123 2.821429E+01 5.178571E-01 2.079278E+00 6.282748E-02 6.462856E-02 7.660744E-02 8.757434E-02 1.594320E-03 2.080991E-03 1.586247E-03 1.163464E-03 8.768148E-04
124 2.873214E+01 5.178571E-01 2.079278E+00 6.271702E-02 6.451494E-02 7.647276E-02 8.742038E-02 1.591517E-03 2.077333E-03 1.583458E-03 1.161418E-03 8.752732E-04
125 2.925000E+01 5.178571E-01 2.079278E+00 6.260527E-02 6.439999E-02 7.633650E-02 8.726461E-02 1.588682E-03 2.073631E-03 1.580636E-03 1.159349E-03 8.737137E-04
126 2.976786E+01 5.178571E-01 2.079278E+00 6.249223E-02 6.428370E-02 7.619866E-02 8.710704E-02 1.585813E-03 2.069887E-03 1.577782E-03 1.157255E-03 8.721360E-04
127 3.028571E+01 5.178571E-01 2.079278E+00 6.237788E-02 6.416608E-02 7.605923E-02 8.694766E-02 1.582911E-03 2.066100E-03 1.574895E-03 1.155138E-03 8.705402E-04
128 3.080357E+01 5.178571E-01 2.079278E+00 6.226223E-02 6.404711E-02 7.591822E-02 8.678645E-02 1.579977E-03 2.062269E-03 1.571975E-03 1.152996E-03 8.689262E-04
129 3.132143E+01 5.178571E-01 2.079278E+00 6.214527E-02 6.392680E-02 7.577560E-02 8.662342E-02 1.577009E-03 2.058395E-03 1.569022E-03 1.150830E-03 8.672939E-04
130 3.183929E+01 5.178571E-01 2.079278E+00 6.202700E-02 6.380514E-02 7.563139E-02 8.645856E-02 1.574007E-03 2.054477E-03 1.566036E-03 1.148640E-03 8.656433E-04
131 3.235714E+01 5.178571E-01 2.079278E+00 6.190741E-02 6.368212E-02 7.548557E-02 8.629187E-02 1.570973E-03 2.050516E-03 1.563017E-03 1.146425E-03 8.639744E-04
132 3.287500E+01 5.178571E-01 2.079278E+00 6.178650E-02 6.355775E-02 7.533815E-02 8.612334E-02 1.567905E-03 2.046512E-03 1.559964E-03 1.144186E-03 8.622870E-04
133 3.339286E+01 5.178571E-01 2.079278E+00 6.166427E-02 6.343201E-02 7.518911E-02 8.595297E-02 1.564803E-03 2.042463E-03 1.556878E-03 1.141923E-03 8.605812E-04
134 3.391071E+01 5.178571E-01 2.079278E+00 6.154072E-02 6.330492E-02 7.503846E-02 8.578075E-02 1.561668E-03 2.038371E-03 1.553759E-03 1.139635E-03 8.588569E-04
135 3.442857E+01 5.178571E-01 2.079278E+00 6.141584E-02 6.317646E-02 7.488619E-02 8.560668E-02 1.558499E-03 2.034235E-03 1.550606E-03 1.137322E-03 8.571141E-04
136 3.494643E+01 5.178571E-01 2.079278E+00 6.128964E-02 6.304664E-02 7.473230E-02 8.543077E-02 1.555296E-03 2.030054E-03 1.547420E-03 1.134985E-03 8.553528E-04
137 3.546429E+01 5.178571E-01 2.079278E+00 6.116210E-02 6.291545E-02 7.457680E-02 8.525300E-02 1.552060E-03 2.025830E-03 1.544200E-03 1.132624E-03 8.535729E-04
138 3.598214E+01 5.178571E-01 2.079278E+00 6.103324E-02 6.278289E-02 7.441967E-02 8.507338E-02 1.548790E-03 2.021562E-03 1.540946E-03 1.130237E-03 8.517745E-04
139 3.650000E+01 5.178571E-01 2.079278E+00 6.090304E-02 6.264896E-02 7.426092E-02 8.489190E-02 1.545486E-03 2.017250E-03 1.537659E-03 1.127826E-03 8.499576E-04
140 3.701786E+01 5.178571E-01 2.079278E+00 6.077152E-02 6.251367E-02 7.410055E-02 8.470858E-02 1.542148E-03 2.012893E-03 1.534338E-03 1.125391E-03 8.481221E-04
141 3.753571E+01 5.178571E-01 2.079278E+00 6.063867E-02 6.237701E-02 7.393856E-02 8.452340E-02 1.538777E-03 2.008493E-03 1.530984E-03 1.122930E-03 8.462680E-04
142 3.805357E+01 5.178571E-01 2.079278E+00 6.050449E-02 6.223898E-02 7.377495E-02 8.433636E-02 1.535372E-03 2.004049E-03 1.527597E-03 1.120446E-03 8.443954E-04
143 3.857143E+01 5.178571E-01 2.079278E+00 6.036898E-02 6.209959E-02 7.360973E-02 8.414748E-02 1.531933E-03 1.999560E-03 1.524175E-03 1.117936E-03 8.425043E-04
144 3.908929E+01 5.178571E-01 2.079278E+00 6.023215E-02 6.195884E-02 7.344288E-02 8.395675E-02 1.528461E-03 1.995028E-03 1.520721E-03 1.115402E-03 8.405946E-04
145 3.960714E+01 5.178571E-01 2.079278E+00 6.009400E-02 6.181672E-02 7.327442E-02 8.376418E-02 1.524955E-03 1.990452E-03 1.517233E-03 1.112844E-03 8.386665E-04
146 4.012500E+01 5.178571E-01 2.079278E+00 5.995452E-02 6.167325E-02 7.310436E-02 8.356977E-02 1.521416E-03 1.985832E-03 1.513711E-03 1.110261E-03 8.367200E-04
147 4.064286E+01 5.178571E-01 2.079278E+00 5.981373E-02 6.152842E-02 7.293268E-02 8.337352E-02 1.517843E-03 1.981169E-03 1.510156E-03 1.107654E-03 8.347551E-04
148 4.116071E+01 5.178571E-01 2.079278E+00 5.967162E-02 6.138224E-02 7.275941E-02 8.317544E-02 1.514237E-03 1.976462E-03 1.506568E-03 1.105022E-03 8.327719E-04
149 4.167857E+01 5.178571E-01 2.079278E+00 5.952820E-02 6.123471E-02 7.258454E-02 8.297553E-02 1.510598E-03 1.971712E-03 1.502948E-03 1.102366E-03 8.307704E-04
150 4.219643E+01 5.178571E-01 2.079278E+00 5.938348E-02 6.108584E-02 7.240807E-02 8.277380E-02 1.506925E-03 1.966918E-03 1.499294E-03 1.099686E-03 8.287506E-04
151 4.271429E+01 5.178571E-01 2.079278E+00 5.923746E-02 6.093563E-02 7.223002E-02 8.257026E-02 1.503220E-03 1.962081E-03 1.495607E-03 1.096982E-03 8.267128E-04
152 4.323214E+01 5.178571E-01 2.079278E+00 5.909014E-02 6.078409E-02 7.205039E-02 8.236492E-02 1.499481E-03 1.957202E-03 1.491887E-03 1.094254E-03 8.246568E-04
153 4.375000E+01 5.178571E-01 2.079278E+00 5.894153E-02 6.063122E-02 7.186919E-02 8.215778E-02 1.495710E-03 1.952280E-03 1.488136E-03 1.091502E-03 8.225829E-04
154 4.426786E+01 5.178571E-01 2.079278E+00 5.879164E-02 6.047704E-02 7.168643E-02 8.194885E-02 1.491907E-03 1.947315E-03 1.484351E-03 1.088727E-03 8.204910E-04
155 4.478571E+01 5.178571E-01 2.079278E+00 5.864048E-02 6.032154E-02 7.150211E-02 8.173815E-02 1.488071E-03 1.942308E-03 1.480535E-03 1.085927E-03 8.183814E-04
156 4.530357E+01 5.178571E-01 2.079278E+00 5.848805E-02 6.016474E-02 7.131624E-02 8.152567E-02 1.484202E-03 1.937259E-03 1.476686E-03 1.083104E-03 8.162541E-04
157 4.582143E+01 5.178571E-01 2.079278E+00 5.833435E-02 6.000664E-02 7.112884E-02 8.131144E-02 1.480302E-03 1.932169E-03 1.472806E-03 1.080258E-03 8.141092E-04
158 4.633929E+01 5.178571E-01 2.079278E+00 5.817941E-02 5.984725E-02 7.093991E-02 8.109547E-02 1.476370E-03 1.927037E-03 1.468894E-03 1.077389E-03 8.119468E-04
159 4.685714E+01 5.178571E-01 2.079278E+00 5.802323E-02 5.968659E-02 7.074947E-02 8.087776E-02 1.472407E-03 1.921863E-03 1.464950E-03 1.074497E-03 8.097671E-04
160 4.737500E+01 5.178571E-01 2.079278E+00 5.786581E-02 5.952466E-02 7.055753E-02 8.065834E-02 1.468412E-03 1.916649E-03 1.460976E-03 1.071581E-03 8.075701E-04
161 4.789286E+01 5.178571E-01 2.079278E+00 5.770717E-02 5.936147E-02 7.036409E-02 8.043721E-02 1.464387E-03 1.911395E-03 1.456971E-03 1.068644E-03 8.053562E-04
162 4.841071E+01 5.178571E-01 2.079278E+00 5.754731E-02 5.919703E-02 7.016918E-02 8.021440E-02 1.460330E-03 1.906100E-03 1.452935E-03 1.065683E-03 8.031253E-04
163 4.892857E+01 5.178571E-01 2.079278E+00 5.738626E-02 5.903136E-02 6.997280E-02 7.998990E-02 1.456243E-03 1.900765E-03 1.448868E-03 1.062701E-03 8.008776E-04
164 4.944643E+01 5.178571E-01 2.079278E+00 5.722401E-02 5.886447E-02 6.977497E-02 7.976376E-02 1.452126E-03 1.895392E-03 1.444772E-03 1.059697E-03 7.986133E-04
165 4.996429E+01 5.178571E-01 2.079278E+00 5.706059E-02 5.869636E-02 6.957571E-02 7.953597E-02 1.447979E-03 1.889979E-03 1.440646E-03 1.056670E-03 7.963327E-04
166 5.048214E+01 5.178571E-01 2.079278E+00 5.689601E-02 5.852706E-02 6.937502E-02 7.930655E-02 1.443803E-03 1.884527E-03 1.436491E-03 1.053622E-03 7.940357E-04
167 5.100000E+01 5.178571E-01 2.079278E+00 5.673027E-02 5.835657E-02 6.917294E-02 7.907554E-02 1.439597E-03 1.879038E-03 1.432306E-03 1.050553E-03 7.917228E-04
168 5.151786E+01 5.178571E-01 2.079278E+00 5.656340E-02 5.818492E-02 6.896947E-02 7.884294E-02 1.435362E-03 1.873511E-03 1.428093E-03 1.047463E-03 7.893939E-04
169 5.203571E+01 5.178571E-01 2.079278E+00 5.639541E-02 5.801210E-02 6.876462E-02 7.860877E-02 1.431099E-03 1.867946E-03 1.423852E-03 1.044352E-03 7.870494E-04
170 5.255357E+01 5.178571E-01 2.079278E+00 5.622630E-02 5.783815E-02 6.855843E-02 7.837306E-02 1.426808E-03 1.862345E-03 1.419582E-03 1.041221E-03 7.846894E-04
171 5.307143E+01 5.178571E-01 2.079278E+00 5.605611E-02 5.766308E-02 6.835091E-02 7.813583E-02 1.422489E-03 1.856708E-03 1.415285E-03 1.038069E-03 7.823142E-04
172 5.358929E+01 5.178571E-01 2.079278E+00 5.588484E-02 5.748690E-02 6.814207E-02 7.789709E-02 1.418143E-03 1.851035E-03 1.410961E-03 1.034897E-03 7.799239E-04
173 5.410714E+01 5.178571E-01 2.079278E+00 5.571250E-02 5.730963E-02 6.793194E-02 7.765688E-02 1.413770E-03 1.845327E-03 1.406610E-03 1.031706E-03 7.775188E-04
174 5.462500E+01 5.178571E-01 2.079278E+00 5.553913E-02 5.713128E-02 6.772054E-02 7.741522E-02 1.409370E-03 1.839584E-03 1.402233E-03 1.028495E-03 7.750992E-04
175 5.514286E+01 5.178571E-01 2.079278E+00 5.536473E-02 5.695188E-02 6.750789E-02 7.717212E-02 1.404945E-03 1.833808E-03 1.397830E-03 1.025266E-03 7.726653E-04
176 5.566071E+01 5.178571E-01 2.079278E+00 5.518932E-02 5.677144E-02 6.729401E-02 7.692762E-02 1.400493E-03 1.827998E-03 1.393401E-03 1.022017E-03 7.702173E-04
177 5.617857E+01 5.178571E-01 2.079278E+00 5.501292E-02 5.658999E-02 6.707892E-02 7.668175E-02 1.396017E-03 1.822155E-03 1.388947E-03 1.018751E-03 7.677556E-04
178 5.669643E+01 5.178571E-01 2.079278E+00 5.483556E-02 5.640754E-02 6.686265E-02 7.643452E-02 1.391516E-03 1.816280E-03 1.384469E-03 1.015466E-03 7.652802E-04
179 5.721429E+01 5.178571E-01 2.079278E+00 5.465724E-02 5.622411E-02 6.664522E-02 7.618596E-02 1.386991E-03 1.810374E-03 1.379967E-03 1.012164E-03 7.627917E-04
180 5.773214E+01 5.178571E-01 2.079278E+00 5.447799E-02 5.603972E-02 6.642666E-02 7.593611E-02 1.382443E-03 1.804437E-03 1.375442E-03 1.008845E-03 7.602901E-04
181 5.825000E+01 5.178571E-01 2.079278E+00 5.429783E-02 5.585440E-02 6.620699E-02 7.568499E-02 1.377871E-03 1.798470E-03 1.370893E-03 1.005508E-03 7.577758E-04
182 5.876786E+01 5.178571E-01 2.079278E+00 5.411679E-02 5.566816E-02 6.598623E-02 7.543263E-02 1.373277E-03 1.792473E-03 1.366322E-03 1.002156E-03 7.552491E-04
183 5.928571E+01 5.178571E-01 2.079278E+00 5.393487E-02 5.548103E-02 6.576442E-02 7.517906E-02 1.368660E-03 1.786448E-03 1.361729E-03 9.987869E-04 7.527103E-04
184 5.980357E+01 5.178571E-01 2.079278E+00 5.375211E-02 5.529303E-02 6.554157E-02 7.492431E-02 1.364022E-03 1.780394E-03 1.357115E-03 9.954024E-04 7.501597E-04
185 6.032143E+01 5.178571E-01 2.079278E+00 5.356852E-02 5.510418E-02 6.531772E-02 7.466842E-02 1.359364E-03 1.774313E-03 1.352480E-03 9.920027E-04 7.475976E-04
186 6.083929E+01 5.178571E-01 2.079278E+00 5.338414E-02 5.491451E-02 6.509289E-02 7.441140E-02 1.354685E-03 1.768206E-03 1.347824E-03 9.885882E-04 7.450243E-04
187 6.135714E+01 5.178571E-01 2.079278E+00 5.319897E-02 5.472404E-02 6.486711E-02 7.415330E-02 1.349986E-03 1.762073E-03 1.343149E-03 9.851592E-04 7.424402E-04
188 6.187500E+01 5.178571E-01 2.079278E+00 5.301305E-02 5.453279E-02 6.464042E-02 7.389415E-02 1.345268E-03 1.755915E-03 1.338455E-03 9.817163E-04 7.398455E-04
189 6.239286E+01 5.178571E-01 2.079278E+00 5.282640E-02 5.434079E-02 6.441283E-02 7.363399E-02 1.340532E-03 1.749733E-03 1.333743E-03 9.782599E-04 7.372407E-04
190 6.291071E+01 5.178571E-01 2.079278E+00 5.263905E-02 5.414806E-02 6.418438E-02 7.337283E-02 1.335777E-03 1.743527E-03 1.329013E-03 9.747903E-04 7.346260E-04
191 6.342857E+01 5.178571E-01 2.079278E+00 5.245101E-02 5.395463E-02 6.395510E-02 7.311073E-02 1.331006E-03 1.737299E-03 1.324265E-03 9.713082E-04 7.320017E-04
192 6.394643E+01 5.178571E-01 2.079278E+00 5.226232E-02 5.376053E-02 6.372502E-02 7.284771E-02 1.326217E-03 1.731049E-03 1.319501E-03 9.678139E-04 7.293683E-04
193 6.446429E+01 5.178571E-01 2.079278E+00 5.207299E-02 5.356578E-02 6.349417E-02 7.258382E-02 1.321413E-03 1.724778E-03 1.314721E-03 9.643079E-04 7.267261E-04
194 6.498214E+01 5.178571E-01 2.079278E+00 5.188306E-02 5.337040E-02 6.326259E-02 7.231908E-02 1.316593E-03 1.718487E-03 1.309926E-03 9.607907E-04 7.240755E-04
195 6.550000E+01 5.178571E-01 2.079278E+00 5.169255E-02 5.317443E-02 6.303029E-02 7.205353E-02 1.311759E-03 1.712177E-03 1.305116E-03 9.572628E-04 7.214167E-04
196 6.601786E+01 5.178571E-01 2.079278E+00 5.150149E-02 5.297789E-02 6.279732E-02 7.178721E-02 1.306910E-03 1.705848E-03 1.300292E-03 9.537246E-04 7.187503E-04
197 6.653571E+01 5.178571E-01 2.079278E+00 5.130990E-02 5.278081E-02 6.256371E-02 7.152016E-02 1.302049E-03 1.699503E-03 1.295455E-03 9.501767E-04 7.160765E-04
198 6.705357E+01 5.178571E-01 2.079278E+00 5.111781E-02 5.258322E-02 6.232949E-02 7.125241E-02 1.297174E-03 1.693140E-03 1.290605E-03 9.466195E-04 7.133957E-04
199 6.757143E+01 5.178571E-01 2.079278E+00 5.092525E-02 5.238514E-02 6.209470E-02 7.098400E-02 1.292288E-03 1.686762E-03 1.285743E-03 9.430536E-04 7.107084E-04
200 6.808929E+01 5.178571E-01 2.079278E+00 5.073225E-02 5.218660E-02 6.185936E-02 7.071497E-02 1.287390E-03 1.680369E-03 1.280870E-03 9.394795E-04 7.080148E-04
201 6.860714E+01 5.178571E-01 2.079278E+00 5.053882E-02 5.198763E-02 6.162352E-02 7.044536E-02 1.282482E-03 1.673963E-03 1.275987E-03 9.358976E-04 7.053154E-04
202 6.912500E+01 5.178571E-01 2.079278E+00 5.034501E-02 5.178826E-02 6.138719E-02 7.017521E-02 1.277563E-03 1.667543E-03 1.271094E-03 9.323085E-04 7.026106E-04
203 6.964286E+01 5.178571E-01 2.079278E+00 5.015084E-02 5.158852E-02 6.115043E-02 6.990455E-02 1.272636E-03 1.661112E-03 1.266191E-03 9.287127E-04 6.999007E-04
204 7.016071E+01 5.178571E-01 2.079278E+00 4.995633E-02 5.138844E-02 6.091326E-02 6.963343E-02 1.267700E-03 1.654669E-03 1.261280E-03 9.251108E-04 6.971862E-04
205 7.067857E+01 5.178571E-01 2.079278E+00 4.976152E-02 5.118804E-02 6.067573E-02 6.936189E-02 1.262757E-03 1.648217E-03 1.256362E-03 9.215032E-04 6.944674E-04
206 7.119643E+01 5.178571E-01 2.079278E+00 4.956643E-02 5.098736E-02 6.043785E-02 6.908996E-02 1.257806E-03 1.641755E-03 1.251436E-03 9.178905E-04 6.917448E-04
207 7.171429E+01 5.178571E-01 2.079278E+00 4.937110E-02 5.078643E-02 6.019967E-02 6.881768E-02 1.252849E-03 1.635285E-03 1.246504E-03 9.142732E-04 6.890187E-04
208 7.223214E+01 5.178571E-01 2.079278E+00 4.917554E-02 5.058527E-02 5.996123E-02 6.854510E-02 1.247887E-03 1.628808E-03 1.241567E-03 9.106518E-04 6.862896E-04
209 7.275000E+01 5.178571E-01 2.079278E+00 4.897980E-02 5.038391E-02 5.972255E-02 6.827226E-02 1.242920E-03 1.622324E-03 1.236625E-03 9.070270E-04 6.835578E-04
210 7.326786E+01 5.178571E-01 2.079278E+00 4.878389E-02 5.018239E-02 5.948368E-02 6.799919E-02 1.237948E-03 1.615835E-03 1.231679E-03 9.033991E-04 6.808238E-04
211 7.378571E+01 5.178571E-01 2.079278E+00 4.858786E-02 4.998073E-02 5.924464E-02 6.772594E-02 1.232974E-03 1.609342E-03 1.226729E-03 8.997688E-04 6.780879E-04
212 7.430357E+01 5.178571E-01 2.079278E+00 4.839172E-02 4.977897E-02 5.900548E-02 6.745254E-02 1.227996E-03 1.602845E-03 1.221777E-03 8.961366E-04 6.753506E-04
213 7.482143E+01 5.178571E-01 2.079278E+00 4.819550E-02 4.957713E-02 5.876623E-02 6.717904E-02 1.223017E-03 1.596346E-03 1.216823E-03 8.925030E-04 6.726122E-04
214 7.533929E+01 5.178571E-01 2.079278E+00 4.799924E-02 4.937525E-02 5.852693E-02 6.690547E-02 1.218037E-03 1.589846E-03 1.211868E-03 8.888686E-04 6.698732E-04
215 7.585714E+01 5.178571E-01 2.079278E+00 4.780297E-02 4.917334E-02 5.828760E-02 6.663189E-02 1.213056E-03 1.583345E-03 1.206913E-03 8.852339E-04 6.671340E-04
216 7.637500E+01 5.178571E-01 2.079278E+00 4.760670E-02 4.897146E-02 5.804829E-02 6.635832E-02 1.208076E-03 1.576844E-03 1.201958E-03 8.815995E-04 6.643950E-04
217 7.689286E+01 5.178571E-01 2.079278E+00 4.741048E-02 4.876961E-02 5.780904E-02 6.608481E-02 1.203096E-03 1.570345E-03 1.197004E-03 8.779658E-04 6.616566E-04
218 7.741071E+01 5.178571E-01 2.079278E+00 4.721433E-02 4.856784E-02 5.756986E-02 6.581140E-02 1.198119E-03 1.563848E-03 1.192051E-03 8.743334E-04 6.589191E-04
219 7.792857E+01 5.178571E-01 2.079278E+00 4.701828E-02 4.836617E-02 5.733081E-02 6.553813E-02 1.193144E-03 1.557354E-03 1.187101E-03 8.707029E-04 6.561831E-04
220 7.844643E+01 5.178571E-01 2.079278E+00 4.682236E-02 4.816463E-02 5.709192E-02 6.526504E-02 1.188172E-03 1.550865E-03 1.182155E-03 8.670747E-04 6.534488E-04
221 7.896429E+01 5.178571E-01 2.079278E+00 4.662660E-02 4.796325E-02 5.685322E-02 6.499216E-02 1.183204E-03 1.544381E-03 1.177212E-03 8.634494E-04 6.507167E-04
222 7.948214E+01 5.178571E-01 2.079278E+00 4.643101E-02 4.776206E-02 5.661474E-02 6.471954E-02 1.178241E-03 1.537903E-03 1.172274E-03 8.598276E-04 6.479872E-04
223 8.000000E+01 5.178571E-01 2.079278E+00 4.623565E-02 4.756109E-02 5.637652E-02 6.444722E-02 1.173283E-03 1.531431E-03 1.167342E-03 8.562097E-04 6.452607E-04
224 8.051786E+01 5.178571E-01 2.079278E+00 4.604052E-02 4.736037E-02 5.613860E-02 6.417524E-02 1.168332E-03 1.524968E-03 1.162415E-03 8.525963E-04 6.425375E-04
225 8.103571E+01 5.178571E-01 2.079278E+00 4.584566E-02 4.715993E-02 5.590100E-02 6.390363E-02 1.163387E-03 1.518514E-03 1.157496E-03 8.489878E-04 6.398181E-04
226 8.155357E+01 5.178571E-01 2.079278E+00 4.565110E-02 4.695979E-02 5.566377E-02 6.363244E-02 1.158450E-03 1.512070E-03 1.152583E-03 8.453849E-04 6.371028E-04
227 8.207143E+01 5.178571E-01 2.079278E+00 4.545687E-02 4.675999E-02 5.542693E-02 6.336169E-02 1.153521E-03 1.505637E-03 1.147679E-03 8.417879E-04 6.343921E-04
228 8.258929E+01 5.178571E-01 2.079278E+00 4.526298E-02 4.656055E-02 5.519052E-02 6.309144E-02 1.148601E-03 1.499215E-03 1.142784E-03 8.381975E-04 6.316862E-04
229 8.310714E+01 5.178571E-01 2.079278E+00 4.506948E-02 4.636149E-02 5.495458E-02 6.282172E-02 1.143691E-03 1.492805E-03 1.137899E-03 8.346141E-04 6.289857E-04
230 8.362500E+01 5.178571E-01 2.079278E+00 4.487638E-02 4.616286E-02 5.471912E-02 6.255255E-02 1.138790E-03 1.486409E-03 1.133023E-03 8.310382E-04 6.262908E-04
231 8.414286E+01 5.178571E-01 2.079278E+00 4.468371E-02 4.596466E-02 5.448419E-02 6.228399E-02 1.133901E-03 1.480028E-03 1.128159E-03 8.274702E-04 6.236019E-04
232 8.466071E+01 5.178571E-01 2.079278E+00 4.449149E-02 4.576694E-02 5.424982E-02 6.201607E-02 1.129024E-03 1.473661E-03 1.123306E-03 8.239108E-04 6.209194E-04
233 8.517857E+01 5.178571E-01 2.079278E+00 4.429977E-02 4.556972E-02 5.401604E-02 6.174883E-02 1.124158E-03 1.467311E-03 1.118465E-03 8.203603E-04 6.182437E-04
234 8.569643E+01 5.178571E-01 2.079278E+00 4.410855E-02 4.537301E-02 5.378288E-02 6.148229E-02 1.119306E-03 1.460977E-03 1.113637E-03 8.168192E-04 6.155750E-04
235 8.621429E+01 5.178571E-01 2.079278E+00 4.391786E-02 4.517686E-02 5.355037E-02 6.121649E-02 1.114467E-03 1.454661E-03 1.108823E-03 8.132880E-04 6.129138E-04
236 8.673214E+01 5.178571E-01 2.079278E+00 4.372773E-02 4.498128E-02 5.331855E-02 6.095148E-02 1.109642E-03 1.448364E-03 1.104023E-03 8.097672E-04 6.102604E-04
237 8.725000E+01 5.178571E-01 2.079278E+00 4.353819E-02 4.478631E-02 5.308743E-02 6.068727E-02 1.104832E-03 1.442085E-03 1.099237E-03 8.062571E-04 6.076152E-04
238 8.776786E+01 5.178571E-01 2.079278E+00 4.334925E-02 4.459195E-02 5.285705E-02 6.042392E-02 1.100038E-03 1.435827E-03 1.094467E-03 8.027583E-04 6.049784E-04
239 8.828571E+01 5.178571E-01 2.079278E+00 4.316095E-02 4.439825E-02 5.262745E-02 6.016144E-02 1.095259E-03 1.429590E-03 1.089713E-03 7.992712E-04 6.023504E-04
240 8.880357E+01 5.178571E-01 2.079278E+00 4.297330E-02 4.420522E-02 5.239864E-02 5.989988E-02 1.090497E-03 1.423375E-03 1.084975E-03 7.957962E-04 5.997316E-04
241 8.932143E+01 5.178571E-01 2.079278E+00 4.278632E-02 4.401288E-02 5.217065E-02 5.963926E-02 1.085753E-03 1.417182E-03 1.080254E-03 7.923337E-04 5.971222E-04
242 8.983929E+01 5.178571E-01 2.079278E+00 4.260005E-02 4.382127E-02 5.194352E-02 5.937961E-02 1.081026E-03 1.411012E-03 1.075551E-03 7.888842E-04 5.945225E-04
243 9.035714E+01 5.178571E-01 2.079278E+00 4.241449E-02 4.363040E-02 5.171727E-02 5.912097E-02 1.076317E-03 1.404866E-03 1.070867E-03 7.854481E-04 5.919330E-04
244 9.087500E+01 5.178571E-01 2.079278E+00 4.222968E-02 4.344029E-02 5.149193E-02 5.886337E-02 1.071627E-03 1.398745E-03 1.066200E-03 7.820257E-04 5.893538E-04
245 9.139286E+01 5.178571E-01 2.079278E+00 4.204564E-02 4.325097E-02 5.126752E-02 5.860683E-02 1.066957E-03 1.392649E-03 1.061554E-03 7.786174E-04 5.867852E-04
246 9.191071E+01 5.178571E-01 2.079278E+00 4.186238E-02 4.306245E-02 5.104406E-02 5.835138E-02 1.062307E-03 1.386579E-03 1.056927E-03 7.752238E-04 5.842277E-04
247 9.242857E+01 5.178571E-01 2.079278E+00 4.167992E-02 4.287477E-02 5.082159E-02 5.809706E-02 1.057677E-03 1.380535E-03 1.052320E-03 7.718450E-04 5.816813E-04
248 9.294643E+01 5.178571E-01 2.079278E+00 4.149829E-02 4.268793E-02 5.060012E-02 5.784389E-02 1.053068E-03 1.374519E-03 1.047735E-03 7.684815E-04 5.791465E-04
249 9.346429E+01 5.178571E-01 2.079278E+00 4.131751E-02 4.250196E-02 5.037968E-02 5.759189E-02 1.048480E-03 1.368531E-03 1.043170E-03 7.651336E-04 5.766235E-04
250 9.398214E+01 5.178571E-01 2.079278E+00 4.113758E-02 4.231688E-02 5.016030E-02 5.734110E-02 1.043914E-03 1.362572E-03 1.038628E-03 7.618018E-04 5.741125E-04
251 9.450000E+01 5.178571E-01 2.079278E+00 4.095854E-02 4.213271E-02 4.994199E-02 5.709154E-02 1.039371E-03 1.356642E-03 1.034107E-03 7.584862E-04 5.716138E-04
252 9.501786E+01 5.178571E-01 2.079278E+00 4.078040E-02 4.194946E-02 4.972478E-02 5.684323E-02 1.034850E-03 1.350741E-03 1.029610E-03 7.551873E-04 5.691277E-04
253 9.553571E+01 5.178571E-01 2.079278E+00 4.060318E-02 4.176716E-02 4.950868E-02 5.659620E-02 1.030353E-03 1.344871E-03 1.025135E-03 7.519054E-04 5.666544E-04
254 9.605357E+01 5.178571E-01 2.079278E+00 4.042689E-02 4.158582E-02 4.929373E-02 5.635048E-02 1.025879E-03 1.339032E-03 1.020684E-03 7.486409E-04 5.641941E-04
255 9.657143E+01 5.178571E-01 2.079278E+00 4.025155E-02 4.140545E-02 4.907993E-02 5.610608E-02 1.021430E-03 1.333224E-03 1.016257E-03 7.453939E-04 5.617471E-04
256 9.708929E+01 5.178571E-01 2.079278E+00 4.007718E-02 4.122608E-02 4.886732E-02 5.586302E-02 1.017005E-03 1.327449E-03 1.011855E-03 7.421648E-04 5.593136E-04
257 9.760714E+01 5.178571E-01 2.079278E+00 3.990379E-02 4.104772E-02 4.865590E-02 5.562134E-02 1.012605E-03 1.321706E-03 1.007477E-03 7.389539E-04 5.568938E-04
258 9.812500E+01 5.178571E-01 2.079278E+00 3.973140E-02 4.087038E-02 4.844569E-02 5.538104E-02 1.008231E-03 1.315996E-03 1.003125E-03 7.357615E-04 5.544879E-04
259 9.864286E+01 5.178571E-01 2.079278E+00 3.956002E-02 4.069409E-02 4.823672E-02 5.514215E-02 1.003882E-03 1.310319E-03 9.987977E-04 7.325878E-04 5.520961E-04
260 9.916071E+01 5.178571E-01 2.079278E+00 3.938966E-02 4.051885E-02 4.802900E-02 5.490470E-02 9.995586E-04 1.304677E-03 9.944966E-04 7.294330E-04 5.497187E-04
261 9.967857E+01 5.178571E-01 2.079278E+00 3.922034E-02 4.034468E-02 4.782255E-02 5.466869E-02 9.952620E-04 1.299068E-03 9.902218E-04 7.262976E-04 5.473557E-04
262 1.001964E+02 5.178571E-01 2.079278E+00 3.905208E-02 4.017159E-02 4.761738E-02 5.443415E-02 9.909921E-04 1.293495E-03 9.859735E-04 7.231816E-04 5.450074E-04
263 1.007143E+02 5.178571E-01 2.079278E+00 3.888488E-02 3.999960E-02 4.741351E-02 5.420109E-02 9.867492E-04 1.287957E-03 9.817521E-04 7.200853E-04 5.426740E-04
264 1.012321E+02 5.178571E-01 2.079278E+00 3.871876E-02 3.982871E-02 4.721095E-02 5.396953E-02 9.825336E-04 1.282455E-03 9.775578E-04 7.170090E-04 5.403556E-04
265 1.017500E+02 5.178571E-01 2.079278E+00 3.855372E-02 3.965895E-02 4.700972E-02 5.373949E-02 9.783456E-04 1.276988E-03 9.733911E-04 7.139528E-04 5.380524E-04
266 1.022679E+02 5.178571E-01 2.079278E+00 3.838979E-02 3.949031E-02 4.680983E-02 5.351099E-02 9.741856E-04 1.271558E-03 9.692521E-04 7.109170E-04 5.357645E-04
267 1.027857E+02 5.178571E-01 2.079278E+00 3.822696E-02 3.932282E-02 4.661129E-02 5.328402E-02 9.700537E-04 1.266165E-03 9.651411E-04 7.079017E-04 5.334921E-04
268 1.033036E+02 5.178571E-01 2.079278E+00 3.806525E-02 3.915648E-02 4.641411E-02 5.305862E-02 9.659502E-04 1.260809E-03 9.610584E-04 7.049071E-04 5.312353E-04
269 1.038214E+02 5.178571E-01 2.079278E+00 3.790467E-02 3.899130E-02 4.621832E-02 5.283480E-02 9.618753E-04 1.255490E-03 9.570042E-04 7.019335E-04 5.289943E-04
270 1.043393E+02 5.178571E-01 2.079278E+00 3.774524E-02 3.882729E-02 4.602391E-02 5.261256E-02 9.578294E-04 1.250209E-03 9.529787E-04 6.989809E-04 5.267692E-04
271 1.048571E+02 5.178571E-01 2.079278E+00 3.758694E-02 3.866445E-02 4.583090E-02 5.239191E-02 9.538125E-04 1.244966E-03 9.489822E-04 6.960496E-04 5.245601E-04
272 1.053750E+02 5.178571E-01 2.079278E+00 3.742980E-02 3.850281E-02 4.563929E-02 5.217288E-02 9.498249E-04 1.239762E-03 9.450148E-04 6.931397E-04 5.223671E-04
273 1.058929E+02 5.178571E-01 2.079278E+00 3.727383E-02 3.834237E-02 4.544911E-02 5.195547E-02 9.458669E-04 1.234595E-03 9.410768E-04 6.902513E-04 5.201903E-04
274 1.064107E+02 5.178571E-01 2.079278E+00 3.711902E-02 3.818312E-02 4.526035E-02 5.173969E-02 9.419385E-04 1.229468E-03 9.371684E-04 6.873845E-04 5.180299E-04
275 1.069286E+02 5.178571E-01 2.079278E+00 3.696540E-02 3.802509E-02 4.507302E-02 5.152555E-02 9.380400E-04 1.224379E-03 9.332896E-04 6.845396E-04 5.158858E-04
276 1.074464E+02 5.178571E-01 2.079278E+00 3.681295E-02 3.786827E-02 4.488714E-02 5.131306E-02 9.341715E-04 1.219330E-03 9.294407E-04 6.817165E-04 5.137583E-04
277 1.079643E+02 5.178571E-01 2.079278E+00 3.666169E-02 3.771268E-02 4.470271E-02 5.110222E-02 9.303332E-04 1.214320E-03 9.256218E-04 6.789155E-04 5.116474E-04
278 1.084821E+02 5.178571E-01 2.079278E+00 3.651163E-02 3.755832E-02 4.451973E-02 5.089305E-02 9.265252E-04 1.209350E-03 9.218331E-04 6.761366E-04 5.095531E-04
279 1.090000E+02 5.178571E-01 2.079278E+00 3.636277E-02 3.740518E-02 4.433822E-02 5.068555E-02 9.227476E-04 1.204419E-03 9.180746E-04 6.733798E-04 5.074756E-04
280 1.095179E+02 5.178571E-01 2.079278E+00 3.621510E-02 3.725329E-02 4.415817E-02 5.047973E-02 9.190005E-04 1.199528E-03 9.143465E-04 6.706454E-04 5.054148E-04
281 1.100357E+02 5.178571E-01 2.079278E+00 3.606865E-02 3.710264E-02 4.397960E-02 5.027559E-02 9.152841E-04 1.194677E-03 9.106489E-04 6.679333E-04 5.033710E-04
282 1.105536E+02 5.178571E-01 2.079278E+00 3.592341E-02 3.695323E-02 4.380250E-02 5.007314E-02 9.115984E-04 1.189866E-03 9.069819E-04 6.652437E-04 5.013440E-04
283 1.110714E+02 5.178571E-01 2.079278E+00 3.577938E-02 3.680508E-02 4.362688E-02 4.987238E-02 9.079435E-04 1.185096E-03 9.033455E-04 6.625765E-04 4.993339E-04
284 1.115893E+02 5.178571E-01 2.079278E+00 3.563657E-02 3.665817E-02 4.345275E-02 4.967332E-02 9.043195E-04 1.180366E-03 8.997399E-04 6.599319E-04 4.973409E-04
285 1.121071E+02 5.178571E-01 2.079278E+00 3.549498E-02 3.651252E-02 4.328010E-02 4.947596E-02 9.007265E-04 1.175676E-03 8.961650E-04 6.573098E-04 4.953648E-04
286 1.126250E+02 5.178571E-01 2.079278E+00 3.535461E-02 3.636813E-02 4.310895E-02 4.928030E-02 8.971645E-04 1.171026E-03 8.926211E-04 6.547104E-04 4.934059E-04
287 1.131429E+02 5.178571E-01 2.079278E+00 3.521547E-02 3.622499E-02 4.293928E-02 4.908635E-02 8.936335E-04 1.166418E-03 8.891080E-04 6.521337E-04 4.914640E-04
288 1.136607E+02 5.178571E-01 2.079278E+00 3.507754E-02 3.608312E-02 4.277111E-02 4.889410E-02 8.901336E-04 1.161849E-03 8.856258E-04 6.495796E-04 4.895391E-04
289 1.141786E+02 5.178571E-01 2.079278E+00 3.494085E-02 3.594251E-02 4.260443E-02 4.870356E-02 8.866648E-04 1.157322E-03 8.821745E-04 6.470482E-04 4.876314E-04
290 1.146964E+02 5.178571E-01 2.079278E+00 3.480538E-02 3.580315E-02 4.243925E-02 4.851473E-02 8.832271E-04 1.152835E-03 8.787543E-04 6.445396E-04 4.857408E-04
291 1.152143E+02 5.178571E-01 2.079278E+00 3.467114E-02 3.566506E-02 4.227557E-02 4.832761E-02 8.798205E-04 1.148388E-03 8.753649E-04 6.420536E-04 4.838674E-04
292 1.157321E+02 5.178571E-01 2.079278E+00 3.453812E-02 3.552823E-02 4.211337E-02 4.814220E-02 8.764451E-04 1.143982E-03 8.720066E-04 6.395903E-04 4.820110E-04
293 1.162500E+02 5.178571E-01 2.079278E+00 3.440633E-02 3.539266E-02 4.195268E-02 4.795850E-02 8.731007E-04 1.139617E-03 8.686792E-04 6.371498E-04 4.801717E-04
294 1.167679E+02 5.178571E-01 2.079278E+00 3.427576E-02 3.525835E-02 4.179348E-02 4.777651E-02 8.697875E-04 1.135293E-03 8.653827E-04 6.347319E-04 4.783496E-04
295 1.172857E+02 5.178571E-01 2.079278E+00 3.414642E-02 3.512530E-02 4.163576E-02 4.759622E-02 8.665053E-04 1.131008E-03 8.621171E-04 6.323367E-04 4.765445E-04
296 1.178036E+02 5.178571E-01 2.079278E+00 3.401830E-02 3.499351E-02 4.147954E-02 4.741764E-02 8.632541E-04 1.126765E-03 8.588824E-04 6.299642E-04 4.747565E-04
297 1.183214E+02 5.178571E-01 2.079278E+00 3.389140E-02 3.486298E-02 4.132481E-02 4.724075E-02 8.600339E-04 1.122562E-03 8.556785E-04 6.276142E-04 4.729855E-04
298 1.188393E+02 5.178571E-01 2.079278E+00 3.376572E-02 3.473369E-02 4.117157E-02 4.706557E-02 8.568446E-04 1.118399E-03 8.525054E-04 6.252868E-04 4.712315E-04
299 1.193571E+02 5.178571E-01 2.079278E+00 3.364126E-02 3.460566E-02 4.101980E-02 4.689208E-02 8.536862E-04 1.114276E-03 8.493629E-04 6.229819E-04 4.694945E-04
300 1.198750E+02 5.178571E-01 2.079278E+00 3.351801E-02 3.447888E-02 4.086952E-02 4.672028E-02 8.505585E-04 1.110194E-03 8.462511E-04 6.206995E-04 4.677744E-04
301 1.203929E+02 5.178571E-01 2.079278E+00 3.339597E-02 3.435334E-02 4.072071E-02 4.655017E-02 8.474616E-04 1.106152E-03 8.431699E-04 6.184395E-04 4.660712E-04
302 1.209107E+02 5.178571E-01 2.079278E+00 3.327514E-02 3.422904E-02 4.057338E-02 4.638175E-02 8.443954E-04 1.102149E-03 8.401192E-04 6.162019E-04 4.643849E-04
303 1.214286E+02 5.178571E-01 2.079278E+00 3.315551E-02 3.410598E-02 4.042751E-02 4.621500E-02 8.413596E-04 1.098187E-03 8.370988E-04 6.139866E-04 4.627154E-04
304 1.219464E+02 5.178571E-01 2.079278E+00 3.303708E-02 3.398416E-02 4.028311E-02 4.604992E-02 8.383544E-04 1.094264E-03 8.341088E-04 6.117935E-04 4.610626E-04
305 1.224643E+02 5.178571E-01 2.079278E+00 3.291985E-02 3.386357E-02 4.014016E-02 4.588651E-02 8.353795E-04 1.090381E-03 8.311490E-04 6.096225E-04 4.594265E-04
306 1.229821E+02 5.178571E-01 2.079278E+00 3.280381E-02 3.374420E-02 3.999867E-02 4.572477E-02 8.324348E-04 1.086538E-03 8.282192E-04 6.074736E-04 4.578071E-04
307 1.235000E+02 5.178571E-01 2.079278E+00 3.268895E-02 3.362606E-02 3.985863E-02 4.556468E-02 8.295203E-04 1.082734E-03 8.253195E-04 6.053468E-04 4.562042E-04
308 1.240179E+02 5.178571E-01 2.079278E+00 3.257529E-02 3.350913E-02 3.972003E-02 4.540624E-02 8.266359E-04 1.078969E-03 8.224496E-04 6.032418E-04 4.546178E-04
309 1.245357E+02 5.178571E-01 2.079278E+00 3.246280E-02 3.339341E-02 3.958287E-02 4.524944E-02 8.237813E-04 1.075243E-03 8.196095E-04 6.011587E-04 4.530479E-04
310 1.250536E+02 5.178571E-01 2.079278E+00 3.235148E-02 3.327890E-02 3.944713E-02 4.509427E-02 8.209565E-04 1.071556E-03 8.167990E-04 5.990972E-04 4.514944E-04
311 1.255714E+02 5.178571E-01 2.079278E+00 3.224133E-02 3.316560E-02 3.931283E-02 4.494074E-02 8.181613E-04 1.067907E-03 8.140180E-04 5.970575E-04 4.499572E-04
312 1.260893E+02 5.178571E-01 2.079278E+00 3.213234E-02 3.305349E-02 3.917994E-02 4.478882E-02 8.153956E-04 1.064297E-03 8.112663E-04 5.950392E-04 4.484362E-04
313 1.266071E+02 5.178571E-01 2.079278E+00 3.202451E-02 3.294257E-02 3.904846E-02 4.463852E-02 8.126593E-04 1.060726E-03 8.085439E-04 5.930424E-04 4.469313E-04
314 1.271250E+02 5.178571E-01 2.079278E+00 3.191783E-02 3.283283E-02 3.891838E-02 4.448982E-02 8.099522E-04 1.057192E-03 8.058505E-04 5.910668E-04 4.454425E-04
315 1.276429E+02 5.178571E-01 2.079278E+00 3.181230E-02 3.272427E-02 3.878970E-02 4.434272E-02 8.072742E-04 1.053697E-03 8.031860E-04 5.891125E-04 4.439697E-04
316 1.281607E+02 5.178571E-01 2.079278E+00 3.170791E-02 3.261688E-02 3.866241E-02 4.419721E-02 8.046251E-04 1.050239E-03 8.005503E-04 5.871793E-04 4.425128E-04
317 1.286786E+02 5.178571E-01 2.079278E+00 3.160464E-02 3.251066E-02 3.853650E-02 4.405327E-02 8.020047E-04 1.046819E-03 7.979432E-04 5.852671E-04 4.410716E-04
318 1.291964E+02 5.178571E-01 2.079278E+00 3.150251E-02 3.240560E-02 3.841196E-02 4.391091E-02 7.994129E-04 1.043436E-03 7.953645E-04 5.833757E-04 4.396463E-04
319 1.297143E+02 5.178571E-01 2.079278E+00 3.140149E-02 3.230169E-02 3.828879E-02 4.377010E-02 7.968495E-04 1.040090E-03 7.928141E-04 5.815050E-04 4.382365E-04
320 1.302321E+02 5.178571E-01 2.079278E+00 3.130159E-02 3.219892E-02 3.816697E-02 4.363085E-02 7.943143E-04 1.036781E-03 7.902918E-04 5.796550E-04 4.368422E-04
321 1.307500E+02 5.178571E-01 2.079278E+00 3.120279E-02 3.209729E-02 3.804651E-02 4.349314E-02 7.918072E-04 1.033509E-03 7.877974E-04 5.778254E-04 4.354634E-04
322 1.312679E+02 5.178571E-01 2.079278E+00 3.110509E-02 3.199679E-02 3.792738E-02 4.335696E-02 7.893280E-04 1.030273E-03 7.853307E-04 5.760162E-04 4.341000E-04
323 1.317857E+02 5.178571E-01 2.079278E+00 3.100849E-02 3.189742E-02 3.780959E-02 4.322230E-02 7.868766E-04 1.027073E-03 7.828917E-04 5.742272E-04 4.327518E-04
324 1.323036E+02 5.178571E-01 2.079278E+00 3.091297E-02 3.179916E-02 3.769312E-02 4.308915E-02 7.844526E-04 1.023909E-03 7.804800E-04 5.724584E-04 4.314187E-04
325 1.328214E+02 5.178571E-01 2.079278E+00 3.081852E-02 3.170200E-02 3.757796E-02 4.295751E-02 7.820560E-04 1.020781E-03 7.780955E-04 5.707094E-04 4.301006E-04
326 1.333393E+02 5.178571E-01 2.079278E+00 3.072515E-02 3.160595E-02 3.746410E-02 4.282736E-02 7.796865E-04 1.017688E-03 7.757380E-04 5.689803E-04 4.287975E-04
327 1.338571E+02 5.178571E-01 2.079278E+00 3.063284E-02 3.151100E-02 3.735155E-02 4.269869E-02 7.773440E-04 1.014630E-03 7.734074E-04 5.672708E-04 4.275092E-04
328 1.343750E+02 5.178571E-01 2.079278E+00 3.054158E-02 3.141712E-02 3.724027E-02 4.257149E-02 7.750283E-04 1.011608E-03 7.711034E-04 5.655809E-04 4.262357E-04
329 1.348929E+02 5.178571E-01 2.079278E+00 3.045137E-02 3.132433E-02 3.713028E-02 4.244574E-02 7.727391E-04 1.008620E-03 7.688258E-04 5.639104E-04 4.249767E-04
330 1.354107E+02 5.178571E-01 2.079278E+00 3.036220E-02 3.123260E-02 3.702155E-02 4.232145E-02 7.704763E-04 1.005666E-03 7.665745E-04 5.622591E-04 4.237323E-04
331 1.359286E+02 5.178571E-01 2.079278E+00 3.027407E-02 3.114194E-02 3.691408E-02 4.219860E-02 7.682397E-04 1.002747E-03 7.643492E-04 5.606269E-04 4.225022E-04
332 1.364464E+02 5.178571E-01 2.079278E+00 3.018695E-02 3.105233E-02 3.680786E-02 4.207717E-02 7.660291E-04 9.998616E-04 7.621497E-04 5.590137E-04 4.212864E-04
333 1.369643E+02 5.178571E-01 2.079278E+00 3.010085E-02 3.096376E-02 3.670288E-02 4.195716E-02 7.638442E-04 9.970098E-04 7.599759E-04 5.574193E-04 4.200848E-04
334 1.374821E+02 5.178571E-01 2.079278E+00 3.001576E-02 3.087623E-02 3.659912E-02 4.183855E-02 7.616849E-04 9.941913E-04 7.578276E-04 5.558435E-04 4.188973E-04
335 1.380000E+02 5.178571E-01 2.079278E+00 2.993167E-02 3.078972E-02 3.649659E-02 4.172133E-02 7.595510E-04 9.914060E-04 7.557044E-04 5.542862E-04 4.177237E-04
336 1.385179E+02 5.178571E-01 2.079278E+00 2.984857E-02 3.070424E-02 3.639526E-02 4.160550E-02 7.574422E-04 9.886535E-04 7.536063E-04 5.527473E-04 4.165640E-04
337 1.390357E+02 5.178571E-01 2.079278E+00 2.976645E-02 3.061977E-02 3.629513E-02 4.149104E-02 7.553583E-04 9.859336E-04 7.515330E-04 5.512267E-04 4.154179E-04
338 1.395536E+02 5.178571E-01 2.079278E+00 2.968530E-02 3.053630E-02 3.619619E-02 4.137793E-02 7.532992E-04 9.832459E-04 7.494844E-04 5.497240E-04 4.142855E-04
339 1.400714E+02 5.178571E-01 2.079278E+00 2.960513E-02 3.045382E-02 3.609843E-02 4.126618E-02 7.512647E-04 9.805903E-04 7.474601E-04 5.482393E-04 4.131666E-04
340 1.405893E+02 5.178571E-01 2.079278E+00 2.952591E-02 3.037234E-02 3.600183E-02 4.115575E-02 7.492544E-04 9.779664E-04 7.454600E-04 5.467723E-04 4.120610E-04
341 1.411071E+02 5.178571E-01 2.079278E+00 2.944764E-02 3.029182E-02 3.590640E-02 4.104666E-02 7.472682E-04 9.753740E-04 7.434839E-04 5.453229E-04 4.109687E-04
342 1.416250E+02 5.178571E-01 2.079278E+00 2.937032E-02 3.021228E-02 3.581211E-02 4.093887E-02 7.453060E-04 9.728127E-04 7.415316E-04 5.438909E-04 4.098896E-04
343 1.421429E+02 5.178571E-01 2.079278E+00 2.929392E-02 3.013370E-02 3.571896E-02 4.083239E-02 7.433674E-04 9.702824E-04 7.396029E-04 5.424762E-04 4.088234E-04
344 1.426607E+02 5.178571E-01 2.079278E+00 2.921845E-02 3.005606E-02 3.562694E-02 4.072719E-02 7.414523E-04 9.677827E-04 7.376974E-04 5.410787E-04 4.077702E-04
345 1.431786E+02 5.178571E-01 2.079278E+00 2.914390E-02 2.997937E-02 3.553604E-02 4.062328E-02 7.395605E-04 9.653133E-04 7.358152E-04 5.396981E-04 4.067297E-04
346 1.436964E+02 5.178571E-01 2.079278E+00 2.907026E-02 2.990362E-02 3.544624E-02 4.052062E-02 7.376916E-04 9.628741E-04 7.339558E-04 5.383343E-04 4.057020E-04
347 1.442143E+02 5.178571E-01 2.079278E+00 2.899751E-02 2.982879E-02 3.535754E-02 4.041923E-02 7.358456E-04 9.604646E-04 7.321192E-04 5.369872E-04 4.046867E-04
348 1.447321E+02 5.178571E-01 2.079278E+00 2.892566E-02 2.975487E-02 3.526993E-02 4.031907E-02 7.340223E-04 9.580846E-04 7.303050E-04 5.356566E-04 4.036839E-04
349 1.452500E+02 5.178571E-01 2.079278E+00 2.885469E-02 2.968187E-02 3.518339E-02 4.022014E-02 7.322213E-04 9.557339E-04 7.285132E-04 5.343423E-04 4.026935E-04
350 1.457679E+02 5.178571E-01 2.079278E+00 2.878459E-02 2.960976E-02 3.509792E-02 4.012244E-02 7.304425E-04 9.534121E-04 7.267434E-04 5.330442E-04 4.017152E-04
351 1.462857E+02 5.178571E-01 2.079278E+00 2.871536E-02 2.953855E-02 3.501350E-02 4.002594E-02 7.286857E-04 9.511190E-04 7.249955E-04 5.317621E-04 4.007490E-04
352 1.468036E+02 5.178571E-01 2.079278E+00 2.864698E-02 2.946821E-02 3.493013E-02 3.993063E-02 7.269506E-04 9.488543E-04 7.232692E-04 5.304960E-04 3.997948E-04
353 1.473214E+02 5.178571E-01 2.079278E+00 2.857946E-02 2.939875E-02 3.484780E-02 3.983651E-02 7.252371E-04 9.466177E-04 7.215643E-04 5.292455E-04 3.988524E-04
354 1.478393E+02 5.178571E-01 2.079278E+00 2.851277E-02 2.933015E-02 3.476649E-02 3.974356E-02 7.235449E-04 9.444089E-04 7.198807E-04 5.280106E-04 3.979218E-04
355 1.483571E+02 5.178571E-01 2.079278E+00 2.844692E-02 2.926241E-02 3.468619E-02 3.965177E-02 7.218738E-04 9.422278E-04 7.182181E-04 5.267911E-04 3.970027E-04
356 1.488750E+02 5.178571E-01 2.079278E+00 2.838189E-02 2.919552E-02 3.460690E-02 3.956112E-02 7.202236E-04 9.400739E-04 7.165763E-04 5.255869E-04 3.960952E-04
357 1.493929E+02 5.178571E-01 2.079278E+00 2.831768E-02 2.912947E-02 3.452860E-02 3.947162E-02 7.185941E-04 9.379470E-04 7.149550E-04 5.243978E-04 3.951991E-04
358 1.499107E+02 5.178571E-01 2.079278E+00 2.825427E-02 2.906424E-02 3.445129E-02 3.938324E-02 7.169851E-04 9.358468E-04 7.133542E-04 5.232236E-04 3.943142E-04
359 1.504286E+02 5.178571E-01 2.079278E+00 2.819167E-02 2.899984E-02 3.437495E-02 3.929597E-02 7.153964E-04 9.337731E-04 7.117735E-04 5.220642E-04 3.934404E-04
360 1.509464E+02 5.178571E-01 2.079278E+00 2.812985E-02 2.893625E-02 3.429958E-02 3.920980E-02 7.138277E-04 9.317256E-04 7.102128E-04 5.209195E-04 3.925777E-04
361 1.514643E+02 5.178571E-01 2.079278E+00 2.806881E-02 2.887347E-02 3.422515E-02 3.912473E-02 7.122789E-04 9.297040E-04 7.086718E-04 5.197892E-04 3.917259E-04
362 1.519821E+02 5.178571E-01 2.079278E+00 2.800855E-02 2.881148E-02 3.415168E-02 3.904073E-02 7.107497E-04 9.277081E-04 7.071503E-04 5.186733E-04 3.908849E-04
363 1.525000E+02 5.178571E-01 2.079278E+00 2.794906E-02 2.875028E-02 3.407913E-02 3.895780E-02 7.092400E-04 9.257375E-04 7.056483E-04 5.175716E-04 3.900546E-04
364 1.530179E+02 5.178571E-01 2.079278E+00 2.789032E-02 2.868986E-02 3.400751E-02 3.887593E-02 7.077495E-04 9.237920E-04 7.041653E-04 5.164839E-04 3.892349E-04
365 1.535357E+02 5.178571E-01 2.079278E+00 2.783234E-02 2.863021E-02 3.393681E-02 3.879511E-02 7.062780E-04 9.218713E-04 7.027013E-04 5.154100E-04 3.884257E-04
366 1.540536E+02 5.178571E-01 2.079278E+00 2.777509E-02 2.857133E-02 3.386701E-02 3.871531E-02 7.048253E-04 9.199752E-04 7.012560E-04 5.143499E-04 3.876268E-04
367 1.545714E+02 5.178571E-01 2.079278E+00 2.771858E-02 2.851319E-02 3.379810E-02 3.863654E-02 7.033913E-04 9.181034E-04 6.998292E-04 5.133034E-04 3.868381E-04
368 1.550893E+02 5.178571E-01 2.079278E+00 2.766279E-02 2.845581E-02 3.373008E-02 3.855878E-02 7.019757E-04 9.162557E-04 6.984207E-04 5.122704E-04 3.860595E-04
369 1.556071E+02 5.178571E-01 2.079278E+00 2.760773E-02 2.839916E-02 3.366293E-02 3.848202E-02 7.005782E-04 9.144317E-04 6.970304E-04 5.112506E-04 3.852910E-04
370 1.561250E+02 5.178571E-01 2.079278E+00 2.755337E-02 2.834324E-02 3.359665E-02 3.840625E-02 6.991988E-04 9.126312E-04 6.956579E-04 5.102440E-04 3.845324E-04
371 1.566429E+02 5.178571E-01 2.079278E+00 2.749971E-02 2.828805E-02 3.353123E-02 3.833146E-02 6.978372E-04 9.108540E-04 6.943032E-04 5.092503E-04 3.837836E-04
372 1.571607E+02 5.178571E-01 2.079278E+00 2.744675E-02 2.823357E-02 3.346665E-02 3.825764E-02 6.964932E-04 9.090997E-04 6.929660E-04 5.082695E-04 3.830444E-04
373 1.576786E+02 5.178571E-01 2.079278E+00 2.739447E-02 2.817979E-02 3.340291E-02 3.818477E-02 6.951667E-04 9.073682E-04 6.916462E-04 5.073015E-04 3.823149E-04
374 1.581964E+02 5.178571E-01 2.079278E+00 2.734287E-02 2.812672E-02 3.333999E-02 3.811285E-02 6.938573E-04 9.056592E-04 6.903435E-04 5.063460E-04 3.815948E-04
375 1.587143E+02 5.178571E-01 2.079278E+00 2.729195E-02 2.807433E-02 3.327790E-02 3.804187E-02 6.925650E-04 9.039724E-04 6.890577E-04 5.054029E-04 3.808840E-04
376 1.592321E+02 5.178571E-01 2.079278E+00 2.724168E-02 2.802263E-02 3.321661E-02 3.797180E-02 6.912895E-04 9.023076E-04 6.877887E-04 5.044721E-04 3.801826E-04
377 1.597500E+02 5.178571E-01 2.079278E+00 2.719208E-02 2.797160E-02 3.315612E-02 3.790266E-02 6.900307E-04 9.006644E-04 6.865362E-04 5.035535E-04 3.794903E-04
378 1.602679E+02 5.178571E-01 2.079278E+00 2.714312E-02 2.792124E-02 3.309642E-02 3.783441E-02 6.887883E-04 8.990428E-04 6.853001E-04 5.026468E-04 3.788070E-04
379 1.607857E+02 5.178571E-01 2.079278E+00 2.709480E-02 2.787153E-02 3.303751E-02 3.776706E-02 6.875621E-04 8.974424E-04 6.840802E-04 5.017520E-04 3.781327E-04
380 1.613036E+02 5.178571E-01 2.079278E+00 2.704712E-02 2.782248E-02 3.297937E-02 3.770060E-02 6.863521E-04 8.958630E-04 6.828763E-04 5.008690E-04 3.774672E-04
381 1.618214E+02 5.178571E-01 2.079278E+00 2.700006E-02 2.777407E-02 3.292199E-02 3.763500E-02 6.851579E-04 8.943043E-04 6.816881E-04 4.999975E-04 3.768104E-04
382 1.623393E+02 5.178571E-01 2.079278E+00 2.695362E-02 2.772630E-02 3.286536E-02 3.757027E-02 6.839795E-04 8.927661E-04 6.805156E-04 4.991376E-04 3.761623E-04
383 1.628571E+02 5.178571E-01 2.079278E+00 2.690779E-02 2.767916E-02 3.280948E-02 3.750639E-02 6.828165E-04 8.912481E-04 6.793586E-04 4.982889E-04 3.755227E-04
384 1.633750E+02 5.178571E-01 2.079278E+00 2.686256E-02 2.763264E-02 3.275434E-02 3.744335E-02 6.816689E-04 8.897502E-04 6.782168E-04 4.974514E-04 3.748916E-04
385 1.638929E+02 5.178571E-01 2.079278E+00 2.681794E-02 2.758673E-02 3.269992E-02 3.738115E-02 6.805364E-04 8.882721E-04 6.770901E-04 4.966250E-04 3.742688E-04
386 1.644107E+02 5.178571E-01 2.079278E+00 2.677390E-02 2.754143E-02 3.264623E-02 3.731977E-02 6.794190E-04 8.868135E-04 6.759783E-04 4.958095E-04 3.736542E-04
387 1.649286E+02 5.178571E-01 2.079278E+00 2.673045E-02 2.749674E-02 3.259324E-02 3.725920E-02 6.783163E-04 8.853742E-04 6.748812E-04 4.950048E-04 3.730478E-04
388 1.654464E+02 5.178571E-01 2.079278E+00 2.668757E-02 2.745263E-02 3.254096E-02 3.719943E-02 6.772282E-04 8.839540E-04 6.737986E-04 4.942108E-04 3.724494E-04
389 1.659643E+02 5.178571E-01 2.079278E+00 2.664526E-02 2.740911E-02 3.248938E-02 3.714046E-02 6.761546E-04 8.825527E-04 6.727305E-04 4.934274E-04 3.718590E-04
390 1.664821E+02 5.178571E-01 2.079278E+00 2.660352E-02 2.736617E-02 3.243847E-02 3.708227E-02 6.750953E-04 8.811700E-04 6.716765E-04 4.926543E-04 3.712764E-04
391 1.670000E+02 5.178571E-01 2.079278E+00 2.656233E-02 2.732380E-02 3.238825E-02 3.702486E-02 6.740501E-04 8.798057E-04 6.706366E-04 4.918915E-04 3.707015E-04
392 1.675179E+02 5.178571E-01 2.079278E+00 2.652169E-02 2.728199E-02 3.233870E-02 3.696821E-02 6.730188E-04 8.784596E-04 6.696105E-04 4.911389E-04 3.701344E-04
393 1.680357E+02 5.178571E-01 2.079278E+00 2.648159E-02 2.724074E-02 3.228980E-02 3.691232E-02 6.720013E-04 8.771315E-04 6.685981E-04 4.903964E-04 3.695748E-04
394 1.685536E+02 5.178571E-01 2.079278E+00 2.644203E-02 2.720005E-02 3.224157E-02 3.685718E-02 6.709973E-04 8.758211E-04 6.675993E-04 4.896638E-04 3.690226E-04
395 1.690714E+02 5.178571E-01 2.079278E+00 2.640300E-02 2.715990E-02 3.219397E-02 3.680277E-02 6.700068E-04 8.745283E-04 6.666138E-04 4.889409E-04 3.684779E-04
396 1.695893E+02 5.178571E-01 2.079278E+00 2.636449E-02 2.712028E-02 3.214701E-02 3.674909E-02 6.690296E-04 8.732527E-04 6.656415E-04 4.882278E-04 3.679405E-04
397 1.701071E+02 5.178571E-01 2.079278E+00 2.632649E-02 2.708120E-02 3.210069E-02 3.669613E-02 6.680654E-04 8.719943E-04 6.646822E-04 4.875242E-04 3.674102E-04
398 1.706250E+02 5.178571E-01 2.079278E+00 2.628901E-02 2.704264E-02 3.205498E-02 3.664388E-02 6.671143E-04 8.707527E-04 6.637359E-04 4.868301E-04 3.668871E-04
399 1.711429E+02 5.178571E-01 2.079278E+00 2.625203E-02 2.700460E-02 3.200989E-02 3.659234E-02 6.661759E-04 8.695279E-04 6.628022E-04 4.861453E-04 3.663710E-04
400 1.716607E+02 5.178571E-01 2.079278E+00 2.621555E-02 2.696707E-02 3.196541E-02 3.654148E-02 6.652501E-04 8.683195E-04 6.618811E-04 4.854697E-04 3.658619E-04
401 1.721786E+02 5.178571E-01 2.079278E+00 2.617956E-02 2.693005E-02 3.192152E-02 3.649132E-02 6.643368E-04 8.671274E-04 6.609724E-04 4.848032E-04 3.653596E-04
402 1.726964E+02 5.178571E-01 2.079278E+00 2.614405E-02 2.689353E-02 3.187823E-02 3.644183E-02 6.634358E-04 8.659514E-04 6.600760E-04 4.841457E-04 3.648641E-04
403 1.732143E+02 5.178571E-01 2.079278E+00 2.610902E-02 2.685750E-02 3.183552E-02 3.639300E-02 6.625469E-04 8.647912E-04 6.591916E-04 4.834970E-04 3.643752E-04
404 1.737321E+02 5.178571E-01 2.079278E+00 2.607447E-02 2.682195E-02 3.179339E-02 3.634484E-02 6.616701E-04 8.636467E-04 6.583192E-04 4.828572E-04 3.638930E-04
405 1.742500E+02 5.178571E-01 2.079278E+00 2.604038E-02 2.678689E-02 3.175183E-02 3.629733E-02 6.608051E-04 8.625177E-04 6.574586E-04 4.822259E-04 3.634173E-04
406 1.747679E+02 5.178571E-01 2.079278E+00 2.600676E-02 2.675230E-02 3.171083E-02 3.625046E-02 6.599518E-04 8.614040E-04 6.566097E-04 4.816033E-04 3.629481E-04
407 1.752857E+02 5.178571E-01 2.079278E+00 2.597359E-02 2.671818E-02 3.167038E-02 3.620422E-02 6.591101E-04 8.603053E-04 6.557722E-04 4.809890E-04 3.624851E-04
408 1.758036E+02 5.178571E-01 2.079278E+00 2.594087E-02 2.668452E-02 3.163049E-02 3.615862E-02 6.582798E-04 8.592216E-04 6.549462E-04 4.803831E-04 3.620285E-04
409 1.763214E+02 5.178571E-01 2.079278E+00 2.590859E-02 2.665132E-02 3.159113E-02 3.611363E-02 6.574608E-04 8.581525E-04 6.541313E-04 4.797854E-04 3.615781E-04
410 1.768393E+02 5.178571E-01 2.079278E+00 2.587676E-02 2.661857E-02 3.155231E-02 3.606925E-02 6.566529E-04 8.570980E-04 6.533275E-04 4.791959E-04 3.611338E-04
411 1.773571E+02 5.178571E-01 2.079278E+00 2.584535E-02 2.658627E-02 3.151402E-02 3.602548E-02 6.558560E-04 8.560578E-04 6.525346E-04 4.786143E-04 3.606955E-04
412 1.778750E+02 5.178571E-01 2.079278E+00 2.581438E-02 2.655440E-02 3.147625E-02 3.598230E-02 6.550699E-04 8.550318E-04 6.517525E-04 4.780407E-04 3.602632E-04
413 1.783929E+02 5.178571E-01 2.079278E+00 2.578382E-02 2.652297E-02 3.143899E-02 3.593971E-02 6.542946E-04 8.540198E-04 6.509811E-04 4.774748E-04 3.598368E-04
414 1.789107E+02 5.178571E-01 2.079278E+00 2.575368E-02 2.649197E-02 3.140225E-02 3.589770E-02 6.535298E-04 8.530216E-04 6.502202E-04 4.769167E-04 3.594162E-04
415 1.794286E+02 5.178571E-01 2.079278E+00 2.572396E-02 2.646139E-02 3.136600E-02 3.585627E-02 6.527754E-04 8.520369E-04 6.494696E-04 4.763662E-04 3.590013E-04
416 1.799464E+02 5.178571E-01 2.079278E+00 2.569464E-02 2.643123E-02 3.133025E-02 3.581540E-02 6.520314E-04 8.510658E-04 6.487294E-04 4.758233E-04 3.585921E-04
417 1.804643E+02 5.178571E-01 2.079278E+00 2.566572E-02 2.640148E-02 3.129498E-02 3.577508E-02 6.512975E-04 8.501079E-04 6.479992E-04 4.752877E-04 3.581885E-04
418 1.809821E+02 5.178571E-01 2.079278E+00 2.563719E-02 2.637214E-02 3.126020E-02 3.573532E-02 6.505736E-04 8.491630E-04 6.472790E-04 4.747595E-04 3.577904E-04
419 1.815000E+02 5.178571E-01 2.079278E+00 2.560906E-02 2.634320E-02 3.122590E-02 3.569611E-02 6.498597E-04 8.482312E-04 6.465687E-04 4.742385E-04 3.573978E-04
420 1.820179E+02 5.178571E-01 2.079278E+00 2.558131E-02 2.631465E-02 3.119206E-02 3.565743E-02 6.491555E-04 8.473121E-04 6.458681E-04 4.737246E-04 3.570105E-04
421 1.825357E+02 5.178571E-01 2.079278E+00 2.555394E-02 2.628650E-02 3.115869E-02 3.561928E-02 6.484610E-04 8.464056E-04 6.451771E-04 4.732178E-04 3.566286E-04
422 1.830536E+02 5.178571E-01 2.079278E+00 2.552695E-02 2.625873E-02 3.112578E-02 3.558166E-02 6.477761E-04 8.455115E-04 6.444956E-04 4.727179E-04 3.562519E-04
423 1.835714E+02 5.178571E-01 2.079278E+00 2.550033E-02 2.623135E-02 3.109332E-02 3.554455E-02 6.471005E-04 8.446297E-04 6.438234E-04 4.722249E-04 3.558803E-04
424 1.840893E+02 5.178571E-01 2.079278E+00 2.547407E-02 2.620434E-02 3.106130E-02 3.550795E-02 6.464342E-04 8.437600E-04 6.431605E-04 4.717387E-04 3.555139E-04
425 1.846071E+02 5.178571E-01 2.079278E+00 2.544817E-02 2.617770E-02 3.102973E-02 3.547185E-02 6.457771E-04 8.429023E-04 6.425067E-04 4.712592E-04 3.551525E-04
426 1.851250E+02 5.178571E-01 2.079278E+00 2.542263E-02 2.615143E-02 3.099859E-02 3.543625E-02 6.451290E-04 8.420564E-04 6.418619E-04 4.707862E-04 3.547960E-04
427 1.856429E+02 5.178571E-01 2.079278E+00 2.539745E-02 2.612552E-02 3.096787E-02 3.540114E-02 6.444898E-04 8.412221E-04 6.412260E-04 4.703198E-04 3.544445E-04
428 1.861607E+02 5.178571E-01 2.079278E+00 2.537260E-02 2.609997E-02 3.093758E-02 3.536652E-02 6.438594E-04 8.403993E-04 6.405988E-04 4.698597E-04 3.540979E-04
429 1.866786E+02 5.178571E-01 2.079278E+00 2.534811E-02 2.607476E-02 3.090771E-02 3.533237E-02 6.432377E-04 8.395878E-04 6.399803E-04 4.694061E-04 3.537560E-04
430 1.871964E+02 5.178571E-01 2.079278E+00 2.532395E-02 2.604991E-02 3.087825E-02 3.529869E-02 6.426246E-04 8.387876E-04 6.393703E-04 4.689587E-04 3.534188E-04
431 1.877143E+02 5.178571E-01 2.079278E+00 2.530012E-02 2.602540E-02 3.084920E-02 3.526548E-02 6.420200E-04 8.379984E-04 6.387687E-04 4.685174E-04 3.530862E-04
432 1.882321E+02 5.178571E-01 2.079278E+00 2.527662E-02 2.600123E-02 3.082055E-02 3.523273E-02 6.414237E-04 8.372201E-04 6.381754E-04 4.680823E-04 3.527583E-04
433 1.887500E+02 5.178571E-01 2.079278E+00 2.525345E-02 2.597739E-02 3.079229E-02 3.520043E-02 6.408356E-04 8.364525E-04 6.375903E-04 4.676531E-04 3.524349E-04
434 1.892679E+02 5.178571E-01 2.079278E+00 2.523059E-02 2.595388E-02 3.076443E-02 3.516857E-02 6.402557E-04 8.356956E-04 6.370133E-04 4.672299E-04 3.521160E-04
435 1.897857E+02 5.178571E-01 2.079278E+00 2.520806E-02 2.593070E-02 3.073695E-02 3.513716E-02 6.396838E-04 8.349491E-04 6.364443E-04 4.668126E-04 3.518014E-04
436 1.903036E+02 5.178571E-01 2.079278E+00 2.518583E-02 2.590784E-02 3.070985E-02 3.510618E-02 6.391198E-04 8.342130E-04 6.358832E-04 4.664010E-04 3.514913E-04
437 1.908214E+02 5.178571E-01 2.079278E+00 2.516391E-02 2.588529E-02 3.068312E-02 3.507563E-02 6.385637E-04 8.334870E-04 6.353299E-04 4.659952E-04 3.511854E-04
438 1.913393E+02 5.178571E-01 2.079278E+00 2.514230E-02 2.586306E-02 3.065677E-02 3.504550E-02 6.380152E-04 8.327711E-04 6.347842E-04 4.655949E-04 3.508838E-04
439 1.918571E+02 5.178571E-01 2.079278E+00 2.512099E-02 2.584114E-02 3.063078E-02 3.501579E-02 6.374744E-04 8.320652E-04 6.342460E-04 4.652002E-04 3.505863E-04
440 1.923750E+02 5.178571E-01 2.079278E+00 2.509997E-02 2.581952E-02 3.060515E-02 3.498650E-02 6.369410E-04 8.313690E-04 6.337154E-04 4.648110E-04 3.502930E-04
441 1.928929E+02 5.178571E-01 2.079278E+00 2.507924E-02 2.579819E-02 3.057988E-02 3.495761E-02 6.364150E-04 8.306825E-04 6.331921E-04 4.644272E-04 3.500037E-04
442 1.934107E+02 5.178571E-01 2.079278E+00 2.505880E-02 2.577717E-02 3.055496E-02 3.492912E-02 6.358964E-04 8.300055E-04 6.326761E-04 4.640487E-04 3.497185E-04
443 1.939286E+02 5.178571E-01 2.079278E+00 2.503865E-02 2.575644E-02 3.053038E-02 3.490103E-02 6.353850E-04 8.293380E-04 6.321672E-04 4.636755E-04 3.494372E-04
444 1.944464E+02 5.178571E-01 2.079278E+00 2.501878E-02 2.573599E-02 3.050615E-02 3.487332E-02 6.348806E-04 8.286797E-04 6.316655E-04 4.633074E-04 3.491599E-04
445 1.949643E+02 5.178571E-01 2.079278E+00 2.499918E-02 2.571583E-02 3.048225E-02 3.484601E-02 6.343833E-04 8.280306E-04 6.311707E-04 4.629445E-04 3.488863E-04
446 1.954821E+02 5.178571E-01 2.079278E+00 2.497985E-02 2.569596E-02 3.045869E-02 3.481907E-02 6.338929E-04 8.273905E-04 6.306827E-04 4.625866E-04 3.486167E-04
447 1.960000E+02 5.178571E-01 2.079278E+00 2.496080E-02 2.567635E-02 3.043545E-02 3.479251E-02 6.334093E-04 8.267593E-04 6.302016E-04 4.622337E-04 3.483507E-04
448 1.965179E+02 5.178571E-01 2.079278E+00 2.494201E-02 2.565702E-02 3.041254E-02 3.476631E-02 6.329325E-04 8.261369E-04 6.297272E-04 4.618858E-04 3.480885E-04
449 1.970357E+02 5.178571E-01 2.079278E+00 2.492348E-02 2.563796E-02 3.038995E-02 3.474049E-02 6.324623E-04 8.255232E-04 6.292594E-04 4.615426E-04 3.478299E-04
450 1.975536E+02 5.178571E-01 2.079278E+00 2.490521E-02 2.561917E-02 3.036767E-02 3.471502E-02 6.319987E-04 8.249180E-04 6.287981E-04 4.612043E-04 3.475749E-04
451 1.980714E+02 5.178571E-01 2.079278E+00 2.488719E-02 2.560064E-02 3.034570E-02 3.468991E-02 6.315415E-04 8.243213E-04 6.283432E-04 4.608707E-04 3.473235E-04
452 1.985893E+02 5.178571E-01 2.079278E+00 2.486943E-02 2.558236E-02 3.032404E-02 3.466515E-02 6.310907E-04 8.237329E-04 6.278947E-04 4.605417E-04 3.470756E-04
453 1.991071E+02 5.178571E-01 2.079278E+00 2.485191E-02 2.556435E-02 3.030269E-02 3.464073E-02 6.306462E-04 8.231527E-04 6.274525E-04 4.602173E-04 3.468311E-04
454 1.996250E+02 5.178571E-01 2.079278E+00 2.483464E-02 2.554658E-02 3.028163E-02 3.461666E-02 6.302079E-04 8.225806E-04 6.270164E-04 4.598975E-04 3.465901E-04
455 2.001429E+02 5.178571E-01 2.079278E+00 2.481761E-02 2.552906E-02 3.026086E-02 3.459292E-02 6.297758E-04 8.220166E-04 6.265864E-04 4.595821E-04 3.463524E-04
456 2.006607E+02 5.178571E-01 2.079278E+00 2.480082E-02 2.551179E-02 3.024039E-02 3.456951E-02 6.293496E-04 8.214604E-04 6.261625E-04 4.592712E-04 3.461180E-04
457 2.011786E+02 5.178571E-01 2.079278E+00 2.478426E-02 2.549475E-02 3.022020E-02 3.454643E-02 6.289295E-04 8.209119E-04 6.257444E-04 4.589645E-04 3.458870E-04
458 2.016964E+02 5.178571E-01 2.079278E+00 2.476793E-02 2.547796E-02 3.020029E-02 3.452368E-02 6.285152E-04 8.203712E-04 6.253322E-04 4.586622E-04 3.456591E-04
459 2.022143E+02 5.178571E-01 2.079278E+00 2.475184E-02 2.546140E-02 3.018066E-02 3.450124E-02 6.281067E-04 8.198380E-04 6.249258E-04 4.583641E-04 3.454345E-04
460 2.027321E+02 5.178571E-01 2.079278E+00 2.473596E-02 2.544507E-02 3.016131E-02 3.447911E-02 6.277039E-04 8.193123E-04 6.245251E-04 4.580702E-04 3.452129E-04
461 2.032500E+02 5.178571E-01 2.079278E+00 2.472031E-02 2.542898E-02 3.014223E-02 3.445730E-02 6.273068E-04 8.187939E-04 6.241300E-04 4.577804E-04 3.449945E-04
462 2.037679E+02 5.178571E-01 2.079278E+00 2.470488E-02 2.541310E-02 3.012341E-02 3.443579E-02 6.269152E-04 8.182828E-04 6.237404E-04 4.574946E-04 3.447792E-04
463 2.042857E+02 5.178571E-01 2.079278E+00 2.468967E-02 2.539745E-02 3.010486E-02 3.441458E-02 6.265291E-04 8.177789E-04 6.233563E-04 4.572129E-04 3.445669E-04
464 2.048036E+02 5.178571E-01 2.079278E+00 2.467467E-02 2.538202E-02 3.008657E-02 3.439367E-02 6.261485E-04 8.172820E-04 6.229775E-04 4.569351E-04 3.443575E-04
465 2.053214E+02 5.178571E-01 2.079278E+00 2.465988E-02 2.536681E-02 3.006853E-02 3.437306E-02 6.257731E-04 8.167921E-04 6.226041E-04 4.566612E-04 3.441511E-04
466 2.058393E+02 5.178571E-01 2.079278E+00 2.464529E-02 2.535180E-02 3.005075E-02 3.435273E-02 6.254031E-04 8.163091E-04 6.222359E-04 4.563911E-04 3.439476E-04
467 2.063571E+02 5.178571E-01 2.079278E+00 2.463091E-02 2.533701E-02 3.003322E-02 3.433269E-02 6.250382E-04 8.158328E-04 6.218729E-04 4.561249E-04 3.437469E-04
468 2.068750E+02 5.178571E-01 2.079278E+00 2.461674E-02 2.532243E-02 3.001593E-02 3.431293E-02 6.246784E-04 8.153633E-04 6.215149E-04 4.558623E-04 3.435490E-04
469 2.073929E+02 5.178571E-01 2.079278E+00 2.460276E-02 2.530805E-02 2.999889E-02 3.429344E-02 6.243237E-04 8.149003E-04 6.211620E-04 4.556035E-04 3.433540E-04
470 2.079107E+02 5.178571E-01 2.079278E+00 2.458898E-02 2.529388E-02 2.998209E-02 3.427424E-02 6.239740E-04 8.144438E-04 6.208141E-04 4.553483E-04 3.431616E-04
471 2.084286E+02 5.178571E-01 2.079278E+00 2.457539E-02 2.527990E-02 2.996552E-02 3.425530E-02 6.236292E-04 8.139938E-04 6.204710E-04 4.550967E-04 3.429720E-04
472 2.089464E+02 5.178571E-01 2.079278E+00 2.456200E-02 2.526612E-02 2.994918E-02 3.423662E-02 6.232893E-04 8.135500E-04 6.201328E-04 4.548486E-04 3.427851E-04
473 2.094643E+02 5.178571E-01 2.079278E+00 2.454879E-02 2.525253E-02 2.993308E-02 3.421821E-02 6.229541E-04 8.131126E-04 6.197993E-04 4.546040E-04 3.426007E-04
474 2.099821E+02 5.178571E-01 2.079278E+00 2.453576E-02 2.523914E-02 2.991720E-02 3.420006E-02 6.226236E-04 8.126812E-04 6.194705E-04 4.543628E-04 3.424190E-04
475 2.105000E+02 5.178571E-01 2.079278E+00 2.452293E-02 2.522593E-02 2.990154E-02 3.418216E-02 6.222978E-04 8.122560E-04 6.191464E-04 4.541251E-04 3.422398E-04
476 2.110179E+02 5.178571E-01 2.079278E+00 2.451027E-02 2.521291E-02 2.988611E-02 3.416452E-02 6.219766E-04 8.118367E-04 6.188268E-04 4.538907E-04 3.420631E-04
477 2.115357E+02 5.178571E-01 2.079278E+00 2.449779E-02 2.520007E-02 2.987089E-02 3.414712E-02 6.216599E-04 8.114233E-04 6.185117E-04 4.536595E-04 3.418890E-04
478 2.120536E+02 5.178571E-01 2.079278E+00 2.448548E-02 2.518741E-02 2.985589E-02 3.412997E-02 6.213477E-04 8.110158E-04 6.182010E-04 4.534317E-04 3.417173E-04
479 2.125714E+02 5.178571E-01 2.079278E+00 2.447335E-02 2.517493E-02 2.984110E-02 3.411306E-02 6.210398E-04 8.106139E-04 6.178947E-04 4.532070E-04 3.415480E-04
480 2.130893E+02 5.178571E-01 2.079278E+00 2.446139E-02 2.516263E-02 2.982651E-02 3.409639E-02 6.207363E-04 8.102178E-04 6.175928E-04 4.529855E-04 3.413810E-04
481 2.136071E+02 5.178571E-01 2.079278E+00 2.444960E-02 2.515050E-02 2.981214E-02 3.407996E-02 6.204371E-04 8.098272E-04 6.172951E-04 4.527672E-04 3.412165E-04
482 2.141250E+02 5.178571E-01 2.079278E+00 2.443797E-02 2.513854E-02 2.979796E-02 3.406375E-02 6.201421E-04 8.094422E-04 6.170016E-04 4.525519E-04 3.410542E-04
483 2.146429E+02 5.178571E-01 2.079278E+00 2.442651E-02 2.512675E-02 2.978398E-02 3.404777E-02 6.198512E-04 8.090625E-04 6.167122E-04 4.523396E-04 3.408943E-04
484 2.151607E+02 5.178571E-01 2.079278E+00 2.441521E-02 2.511513E-02 2.977021E-02 3.403202E-02 6.195645E-04 8.086883E-04 6.164269E-04 4.521304E-04 3.407366E-04
485 2.156786E+02 5.178571E-01 2.079278E+00 2.440407E-02 2.510367E-02 2.975662E-02 3.401650E-02 6.192818E-04 8.083193E-04 6.161456E-04 4.519241E-04 3.405811E-04
486 2.161964E+02 5.178571E-01 2.079278E+00 2.439309E-02 2.509237E-02 2.974323E-02 3.400119E-02 6.190031E-04 8.079555E-04 6.158683E-04 4.517207E-04 3.404278E-04
487 2.167143E+02 5.178571E-01 2.079278E+00 2.438226E-02 2.508123E-02 2.973003E-02 3.398609E-02 6.187283E-04 8.075968E-04 6.155949E-04 4.515202E-04 3.402767E-04
488 2.172321E+02 5.178571E-01 2.079278E+00 2.437159E-02 2.507025E-02 2.971701E-02 3.397121E-02 6.184574E-04 8.072432E-04 6.153254E-04 4.513225E-04 3.401277E-04
489 2.177500E+02 5.178571E-01 2.079278E+00 2.436106E-02 2.505942E-02 2.970418E-02 3.395654E-02 6.181903E-04 8.068946E-04 6.150597E-04 4.511276E-04 3.399808E-04
490 2.182679E+02 5.178571E-01 2.079278E+00 2.435068E-02 2.504875E-02 2.969153E-02 3.394208E-02 6.179270E-04 8.065510E-04 6.147977E-04 4.509354E-04 3.398360E-04
491 2.187857E+02 5.178571E-01 2.079278E+00 2.434046E-02 2.503823E-02 2.967905E-02 3.392782E-02 6.176674E-04 8.062121E-04 6.145394E-04 4.507460E-04 3.396933E-04
492 2.193036E+02 5.178571E-01 2.079278E+00 2.433037E-02 2.502785E-02 2.966676E-02 3.391376E-02 6.174115E-04 8.058781E-04 6.142848E-04 4.505593E-04 3.395525E-04
493 2.198214E+02 5.178571E-01 2.079278E+00 2.432043E-02 2.501763E-02 2.965463E-02 3.389991E-02 6.171592E-04 8.055488E-04 6.140338E-04 4.503752E-04 3.394138E-04
494 2.203393E+02 5.178571E-01 2.079278E+00 2.431063E-02 2.500754E-02 2.964268E-02 3.388624E-02 6.169105E-04 8.052242E-04 6.137863E-04 4.501936E-04 3.392770E-04
495 2.208571E+02 5.178571E-01 2.079278E+00 2.430096E-02 2.499760E-02 2.963090E-02 3.387277E-02 6.166653E-04 8.049041E-04 6.135424E-04 4.500147E-04 3.391421E-04
496 2.213750E+02 5.178571E-01 2.079278E+00 2.429144E-02 2.498781E-02 2.961928E-02 3.385950E-02 6.164236E-04 8.045886E-04 6.133019E-04 4.498383E-04 3.390092E-04
497 2.218929E+02 5.178571E-01 2.079278E+00 2.428205E-02 2.497814E-02 2.960783E-02 3.384641E-02 6.161852E-04 8.042775E-04 6.130648E-04 4.496644E-04 3.388781E-04
498 2.224107E+02 5.178571E-01 2.079278E+00 2.427279E-02 2.496862E-02 2.959654E-02 3.383350E-02 6.159503E-04 8.039708E-04 6.128310E-04 4.494929E-04 3.387489E-04
499 2.229286E+02 5.178571E-01 2.079278E+00 2.426366E-02 2.495923E-02 2.958541E-02 3.382078E-02 6.157187E-04 8.036685E-04 6.126005E-04 4.493239E-04 3.386215E-04
500 2.234464E+02 5.178571E-01 2.079278E+00 2.425466E-02 2.494998E-02 2.957444E-02 3.380823E-02 6.154903E-04 8.033705E-04 6.123734E-04 4.491573E-04 3.384959E-04
501 2.239643E+02 5.178571E-01 2.079278E+00 2.424579E-02 2.494085E-02 2.956363E-02 3.379587E-02 6.152652E-04 8.030766E-04 6.121494E-04 4.489930E-04 3.383721E-04
502 2.244821E+02 5.178571E-01 2.079278E+00 2.423705E-02 2.493185E-02 2.955296E-02 3.378368E-02 6.150433E-04 8.027870E-04 6.119286E-04 4.488310E-04 3.382501E-04
503 2.250000E+02 5.178571E-01 2.079278E+00 2.422842E-02 2.492299E-02 2.954245E-02 3.377166E-02 6.148245E-04 8.025014E-04 6.117109E-04 4.486714E-04 3.381298E-04
504 2.255179E+02 5.178571E-01 2.079278E+00 2.421992E-02 2.491424E-02 2.953209E-02 3.375982E-02 6.146088E-04 8.022199E-04 6.114963E-04 4.485140E-04 3.380112E-04
505 2.260357E+02 5.178571E-01 2.079278E+00 2.421155E-02 2.490562E-02 2.952187E-02 3.374814E-02 6.143962E-04 8.019424E-04 6.112848E-04 4.483588E-04 3.378942E-04
506 2.265536E+02 5.178571E-01 2.079278E+00 2.420329E-02 2.489713E-02 2.951180E-02 3.373662E-02 6.141866E-04 8.016688E-04 6.110762E-04 4.482059E-04 3.377789E-04
507 2.270714E+02 5.178571E-01 2.079278E+00 2.419514E-02 2.488875E-02 2.950187E-02 3.372527E-02 6.139800E-04 8.013991E-04 6.108706E-04 4.480551E-04 3.376653E-04
508 2.275893E+02 5.178571E-01 2.079278E+00 2.418712E-02 2.488049E-02 2.949208E-02 3.371408E-02 6.137763E-04 8.011332E-04 6.106680E-04 4.479064E-04 3.375533E-04
509 2.281071E+02 5.178571E-01 2.079278E+00 2.417920E-02 2.487235E-02 2.948243E-02 3.370305E-02 6.135754E-04 8.008710E-04 6.104682E-04 4.477599E-04 3.374428E-04
510 2.286250E+02 5.178571E-01 2.079278E+00 2.417140E-02 2.486433E-02 2.947292E-02 3.369218E-02 6.133775E-04 8.006126E-04 6.102712E-04 4.476154E-04 3.373339E-04
511 2.291429E+02 5.178571E-01 2.079278E+00 2.416371E-02 2.485642E-02 2.946354E-02 3.368146E-02 6.131823E-04 8.003579E-04 6.100770E-04 4.474730E-04 3.372266E-04
512 2.296607E+02 5.178571E-01 2.079278E+00 2.415613E-02 2.484862E-02 2.945430E-02 3.367089E-02 6.129899E-04 8.001068E-04 6.098856E-04 4.473326E-04 3.371208E-04
513 2.301786E+02 5.178571E-01 2.079278E+00 2.414865E-02 2.484093E-02 2.944518E-02 3.366047E-02 6.128002E-04 7.998592E-04 6.096969E-04 4.471942E-04 3.370165E-04
514 2.306964E+02 5.178571E-01 2.079278E+00 2.414129E-02 2.483335E-02 2.943620E-02 3.365020E-02 6.126133E-04 7.996152E-04 6.095109E-04 4.470577E-04 3.369137E-04
515 2.312143E+02 5.178571E-01 2.079278E+00 2.413402E-02 2.482588E-02 2.942734E-02 3.364008E-02 6.124289E-04 7.993746E-04 6.093275E-04 4.469232E-04 3.368123E-04
516 2.317321E+02 5.178571E-01 2.079278E+00 2.412686E-02 2.481851E-02 2.941861E-02 3.363010E-02 6.122472E-04 7.991374E-04 6.091467E-04 4.467906E-04 3.367124E-04
517 2.322500E+02 5.178571E-01 2.079278E+00 2.411980E-02 2.481125E-02 2.941000E-02 3.362026E-02 6.120681E-04 7.989036E-04 6.089685E-04 4.466599E-04 3.366139E-04
518 2.327679E+02 5.178571E-01 2.079278E+00 2.411284E-02 2.480409E-02 2.940152E-02 3.361056E-02 6.118915E-04 7.986731E-04 6.087928E-04 4.465310E-04 3.365168E-04
519 2.332857E+02 5.178571E-01 2.079278E+00 2.410598E-02 2.479704E-02 2.939316E-02 3.360100E-02 6.117175E-04 7.984459E-04 6.086196E-04 4.464040E-04 3.364210E-04
520 2.338036E+02 5.178571E-01 2.079278E+00 2.409922E-02 2.479008E-02 2.938491E-02 3.359157E-02 6.115459E-04 7.982219E-04 6.084489E-04 4.462788E-04 3.363266E-04
521 2.343214E+02 5.178571E-01 2.079278E+00 2.409256E-02 2.478322E-02 2.937678E-02 3.358228E-02 6.113767E-04 7.980012E-04 6.082806E-04 4.461553E-04 3.362336E-04
522 2.348393E+02 5.178571E-01 2.079278E+00 2.408599E-02 2.477646E-02 2.936877E-02 3.357312E-02 6.112100E-04 7.977835E-04 6.081147E-04 4.460336E-04 3.361419E-04
523 2.353571E+02 5.178571E-01 2.079278E+00 2.407951E-02 2.476980E-02 2.936087E-02 3.356409E-02 6.110456E-04 7.975689E-04 6.079511E-04 4.459137E-04 3.360515E-04
524 2.358750E+02 5.178571E-01 2.079278E+00 2.407312E-02 2.476323E-02 2.935308E-02 3.355519E-02 6.108835E-04 7.973574E-04 6.077899E-04 4.457954E-04 3.359624E-04
525 2.363929E+02 5.178571E-01 2.079278E+00 2.406683E-02 2.475675E-02 2.934541E-02 3.354641E-02 6.107238E-04 7.971489E-04 6.076309E-04 4.456788E-04 3.358745E-04
526 2.369107E+02 5.178571E-01 2.079278E+00 2.406062E-02 2.475037E-02 2.933784E-02 3.353776E-02 6.105663E-04 7.969434E-04 6.074743E-04 4.455639E-04 3.357879E-04
527 2.374286E+02 5.178571E-01 2.079278E+00 2.405450E-02 2.474408E-02 2.933038E-02 3.352924E-02 6.104111E-04 7.967407E-04 6.073198E-04 4.454506E-04 3.357025E-04
528 2.379464E+02 5.178571E-01 2.079278E+00 2.404847E-02 2.473787E-02 2.932303E-02 3.352083E-02 6.102580E-04 7.965410E-04 6.071676E-04 4.453390E-04 3.356184E-04
529 2.384643E+02 5.178571E-01 2.079278E+00 2.404253E-02 2.473176E-02 2.931578E-02 3.351254E-02 6.101072E-04 7.963441E-04 6.070175E-04 4.452289E-04 3.355354E-04
530 2.389821E+02 5.178571E-01 2.079278E+00 2.403667E-02 2.472573E-02 2.930864E-02 3.350438E-02 6.099585E-04 7.961500E-04 6.068695E-04 4.451204E-04 3.354536E-04
531 2.395000E+02 5.178571E-01 2.079278E+00 2.403089E-02 2.471979E-02 2.930159E-02 3.349632E-02 6.098119E-04 7.959586E-04 6.067237E-04 4.450134E-04 3.353730E-04
532 2.400179E+02 5.178571E-01 2.079278E+00 2.402520E-02 2.471393E-02 2.929465E-02 3.348839E-02 6.096674E-04 7.957700E-04 6.065799E-04 4.449079E-04 3.352935E-04
533 2.405357E+02 5.178571E-01 2.079278E+00 2.401958E-02 2.470816E-02 2.928780E-02 3.348056E-02 6.095249E-04 7.955841E-04 6.064382E-04 4.448040E-04 3.352152E-04
534 2.410536E+02 5.178571E-01 2.079278E+00 2.401405E-02 2.470246E-02 2.928106E-02 3.347285E-02 6.093845E-04 7.954008E-04 6.062985E-04 4.447015E-04 3.351380E-04
535 2.415714E+02 5.178571E-01 2.079278E+00 2.400859E-02 2.469685E-02 2.927440E-02 3.346524E-02 6.092461E-04 7.952201E-04 6.061607E-04 4.446005E-04 3.350618E-04
536 2.420893E+02 5.178571E-01 2.079278E+00 2.400322E-02 2.469132E-02 2.926785E-02 3.345775E-02 6.091096E-04 7.950420E-04 6.060250E-04 4.445009E-04 3.349868E-04
537 2.426071E+02 5.178571E-01 2.079278E+00 2.399792E-02 2.468587E-02 2.926139E-02 3.345036E-02 6.089751E-04 7.948665E-04 6.058911E-04 4.444027E-04 3.349128E-04
538 2.431250E+02 5.178571E-01 2.079278E+00 2.399269E-02 2.468049E-02 2.925501E-02 3.344308E-02 6.088425E-04 7.946934E-04 6.057592E-04 4.443060E-04 3.348399E-04
539 2.436429E+02 5.178571E-01 2.079278E+00 2.398754E-02 2.467520E-02 2.924873E-02 3.343590E-02 6.087118E-04 7.945228E-04 6.056292E-04 4.442106E-04 3.347680E-04
540 2.441607E+02 5.178571E-01 2.079278E+00 2.398246E-02 2.466997E-02 2.924254E-02 3.342882E-02 6.085830E-04 7.943546E-04 6.055010E-04 4.441166E-04 3.346972E-04
541 2.446786E+02 5.178571E-01 2.079278E+00 2.397746E-02 2.466482E-02 2.923644E-02 3.342184E-02 6.084560E-04 7.941888E-04 6.053746E-04 4.440239E-04 3.346273E-04
542 2.451964E+02 5.178571E-01 2.079278E+00 2.397252E-02 2.465975E-02 2.923042E-02 3.341497E-02 6.083308E-04 7.940254E-04 6.052500E-04 4.439325E-04 3.345585E-04
543 2.457143E+02 5.178571E-01 2.079278E+00 2.396766E-02 2.465475E-02 2.922449E-02 3.340819E-02 6.082073E-04 7.938643E-04 6.051273E-04 4.438425E-04 3.344906E-04
544 2.462321E+02 5.178571E-01 2.079278E+00 2.396287E-02 2.464981E-02 2.921865E-02 3.340151E-02 6.080857E-04 7.937055E-04 6.050062E-04 4.437537E-04 3.344237E-04
545 2.467500E+02 5.178571E-01 2.079278E+00 2.395814E-02 2.464495E-02 2.921288E-02 3.339492E-02 6.079658E-04 7.935490E-04 6.048869E-04 4.436662E-04 3.343577E-04
546 2.472679E+02 5.178571E-01 2.079278E+00 2.395348E-02 2.464016E-02 2.920720E-02 3.338842E-02 6.078475E-04 7.933947E-04 6.047693E-04 4.435799E-04 3.342927E-04
547 2.477857E+02 5.178571E-01 2.079278E+00 2.394889E-02 2.463544E-02 2.920161E-02 3.338202E-02 6.077310E-04 7.932426E-04 6.046533E-04 4.434948E-04 3.342286E-04
548 2.483036E+02 5.178571E-01 2.079278E+00 2.394436E-02 2.463078E-02 2.919609E-02 3.337571E-02 6.076161E-04 7.930926E-04 6.045390E-04 4.434110E-04 3.341654E-04
549 2.488214E+02 5.178571E-01 2.079278E+00 2.393990E-02 2.462619E-02 2.919064E-02 3.336949E-02 6.075029E-04 7.929448E-04 6.044264E-04 4.433284E-04 3.341032E-04
550 2.493393E+02 5.178571E-01 2.079278E+00 2.393550E-02 2.462167E-02 2.918528E-02 3.336336E-02 6.073913E-04 7.927991E-04 6.043153E-04 4.432469E-04 3.340418E-04
551 2.498571E+02 5.178571E-01 2.079278E+00 2.393117E-02 2.461721E-02 2.917999E-02 3.335732E-02 6.072812E-04 7.926555E-04 6.042059E-04 4.431666E-04 3.339813E-04
552 2.503750E+02 5.178571E-01 2.079278E+00 2.392689E-02 2.461281E-02 2.917478E-02 3.335136E-02 6.071728E-04 7.925140E-04 6.040979E-04 4.430875E-04 3.339216E-04
553 2.508929E+02 5.178571E-01 2.079278E+00 2.392268E-02 2.460848E-02 2.916965E-02 3.334549E-02 6.070659E-04 7.923744E-04 6.039916E-04 4.430095E-04 3.338628E-04
554 2.514107E+02 5.178571E-01 2.079278E+00 2.391853E-02 2.460420E-02 2.916458E-02 3.333970E-02 6.069605E-04 7.922369E-04 6.038867E-04 4.429326E-04 3.338049E-04
555 2.519286E+02 5.178571E-01 2.079278E+00 2.391443E-02 2.459999E-02 2.915959E-02 3.333399E-02 6.068566E-04 7.921013E-04 6.037834E-04 4.428567E-04 3.337477E-04
556 2.524464E+02 5.178571E-01 2.079278E+00 2.391040E-02 2.459584E-02 2.915467E-02 3.332837E-02 6.067542E-04 7.919676E-04 6.036815E-04 4.427820E-04 3.336914E-04
557 2.529643E+02 5.178571E-01 2.079278E+00 2.390642E-02 2.459175E-02 2.914982E-02 3.332282E-02 6.066533E-04 7.918358E-04 6.035810E-04 4.427084E-04 3.336359E-04
558 2.534821E+02 5.178571E-01 2.079278E+00 2.390250E-02 2.458772E-02 2.914504E-02 3.331736E-02 6.065537E-04 7.917060E-04 6.034820E-04 4.426357E-04 3.335812E-04
559 2.540000E+02 5.178571E-01 2.079278E+00 2.389863E-02 2.458374E-02 2.914032E-02 3.331197E-02 6.064557E-04 7.915779E-04 6.033844E-04 4.425642E-04 3.335272E-04
560 2.545179E+02 5.178571E-01 2.079278E+00 2.389482E-02 2.457982E-02 2.913568E-02 3.330666E-02 6.063590E-04 7.914517E-04 6.032883E-04 4.424936E-04 3.334741E-04
561 2.550357E+02 5.178571E-01 2.079278E+00 2.389107E-02 2.457596E-02 2.913110E-02 3.330142E-02 6.062637E-04 7.913273E-04 6.031934E-04 4.424241E-04 3.334216E-04
562 2.555536E+02 5.178571E-01 2.079278E+00 2.388736E-02 2.457215E-02 2.912659E-02 3.329626E-02 6.061697E-04 7.912047E-04 6.031000E-04 4.423555E-04 3.333700E-04
563 2.560714E+02 5.178571E-01 2.079278E+00 2.388372E-02 2.456839E-02 2.912214E-02 3.329118E-02 6.060771E-04 7.910838E-04 6.030078E-04 4.422879E-04 3.333190E-04
564 2.565893E+02 5.178571E-01 2.079278E+00 2.388012E-02 2.456469E-02 2.911775E-02 3.328616E-02 6.059858E-04 7.909647E-04 6.029170E-04 4.422213E-04 3.332688E-04
565 2.571071E+02 5.178571E-01 2.079278E+00 2.387657E-02 2.456105E-02 2.911343E-02 3.328122E-02 6.058959E-04 7.908473E-04 6.028275E-04 4.421556E-04 3.332194E-04
566 2.576250E+02 5.178571E-01 2.079278E+00 2.387308E-02 2.455745E-02 2.910916E-02 3.327635E-02 6.058072E-04 7.907315E-04 6.027392E-04 4.420909E-04 3.331706E-04
567 2.581429E+02 5.178571E-01 2.079278E+00 2.386963E-02 2.455391E-02 2.910496E-02 3.327155E-02 6.057197E-04 7.906174E-04 6.026522E-04 4.420271E-04 3.331225E-04
568 2.586607E+02 5.178571E-01 2.079278E+00 2.386624E-02 2.455041E-02 2.910082E-02 3.326681E-02 6.056336E-04 7.905049E-04 6.025665E-04 4.419642E-04 3.330751E-04
569 2.591786E+02 5.178571E-01 2.079278E+00 2.386289E-02 2.454697E-02 2.909674E-02 3.326215E-02 6.055486E-04 7.903940E-04 6.024820E-04 4.419022E-04 3.330284E-04
570 2.596964E+02 5.178571E-01 2.079278E+00 2.385959E-02 2.454358E-02 2.909272E-02 3.325755E-02 6.054649E-04 7.902847E-04 6.023987E-04 4.418411E-04 3.329823E-04
571 2.602143E+02 5.178571E-01 2.079278E+00 2.385634E-02 2.454023E-02 2.908875E-02 3.325301E-02 6.053823E-04 7.901770E-04 6.023165E-04 4.417809E-04 3.329369E-04
572 2.607321E+02 5.178571E-01 2.079278E+00 2.385313E-02 2.453693E-02 2.908484E-02 3.324854E-02 6.053010E-04 7.900708E-04 6.022356E-04 4.417215E-04 3.328922E-04
573 2.612500E+02 5.178571E-01 2.079278E+00 2.384997E-02 2.453368E-02 2.908099E-02 3.324414E-02 6.052208E-04 7.899661E-04 6.021558E-04 4.416630E-04 3.328481E-04
574 2.617679E+02 5.178571E-01 2.079278E+00 2.384685E-02 2.453048E-02 2.907719E-02 3.323980E-02 6.051417E-04 7.898629E-04 6.020771E-04 4.416053E-04 3.328046E-04
575 2.622857E+02 5.178571E-01 2.079278E+00 2.384378E-02 2.452732E-02 2.907344E-02 3.323552E-02 6.050638E-04 7.897612E-04 6.019996E-04 4.415484E-04 3.327617E-04
576 2.628036E+02 5.178571E-01 2.079278E+00 2.384076E-02 2.452420E-02 2.906975E-02 3.323130E-02 6.049870E-04 7.896609E-04 6.019232E-04 4.414924E-04 3.327195E-04
577 2.633214E+02 5.178571E-01 2.079278E+00 2.383777E-02 2.452113E-02 2.906611E-02 3.322714E-02 6.049112E-04 7.895621E-04 6.018478E-04 4.414371E-04 3.326779E-04
578 2.638393E+02 5.178571E-01 2.079278E+00 2.383483E-02 2.451811E-02 2.906253E-02 3.322304E-02 6.048366E-04 7.894647E-04 6.017736E-04 4.413826E-04 3.326368E-04
579 2.643571E+02 5.178571E-01 2.079278E+00 2.383193E-02 2.451513E-02 2.905899E-02 3.321900E-02 6.047630E-04 7.893686E-04 6.017004E-04 4.413290E-04 3.325963E-04
580 2.648750E+02 5.178571E-01 2.079278E+00 2.382907E-02 2.451219E-02 2.905551E-02 3.321501E-02 6.046905E-04 7.892740E-04 6.016282E-04 4.412760E-04 3.325565E-04
581 2.653929E+02 5.178571E-01 2.079278E+00 2.382626E-02 2.450929E-02 2.905207E-02 3.321109E-02 6.046190E-04 7.891807E-04 6.015571E-04 4.412239E-04 3.325172E-04
582 2.659107E+02 5.178571E-01 2.079278E+00 2.382348E-02 2.450643E-02 2.904869E-02 3.320722E-02 6.045486E-04 7.890887E-04 6.014870E-04 4.411725E-04 3.324784E-04
583 2.664286E+02 5.178571E-01 2.079278E+00 2.382074E-02 2.450362E-02 2.904535E-02 3.320340E-02 6.044791E-04 7.889981E-04 6.014179E-04 4.411218E-04 3.324402E-04
584 2.669464E+02 5.178571E-01 2.079278E+00 2.381804E-02 2.450084E-02 2.904206E-02 3.319964E-02 6.044107E-04 7.889087E-04 6.013498E-04 4.410718E-04 3.324026E-04
585 2.674643E+02 5.178571E-01 2.079278E+00 2.381539E-02 2.449811E-02 2.903882E-02 3.319593E-02 6.043432E-04 7.888206E-04 6.012827E-04 4.410226E-04 3.323654E-04
586 2.679821E+02 5.178571E-01 2.079278E+00 2.381276E-02 2.449541E-02 2.903562E-02 3.319228E-02 6.042767E-04 7.887338E-04 6.012165E-04 4.409740E-04 3.323289E-04
587 2.685000E+02 5.178571E-01 2.079278E+00 2.381018E-02 2.449275E-02 2.903247E-02 3.318868E-02 6.042111E-04 7.886482E-04 6.011512E-04 4.409262E-04 3.322928E-04
588 2.690179E+02 5.178571E-01 2.079278E+00 2.380763E-02 2.449013E-02 2.902937E-02 3.318513E-02 6.041465E-04 7.885638E-04 6.010869E-04 4.408790E-04 3.322573E-04
589 2.695357E+02 5.178571E-01 2.079278E+00 2.380512E-02 2.448755E-02 2.902631E-02 3.318163E-02 6.040828E-04 7.884807E-04 6.010236E-04 4.408325E-04 3.322222E-04
590 2.700536E+02 5.178571E-01 2.079278E+00 2.380265E-02 2.448500E-02 2.902329E-02 3.317818E-02 6.040200E-04 7.883987E-04 6.009611E-04 4.407867E-04 3.321877E-04
591 2.705714E+02 5.178571E-01 2.079278E+00 2.380021E-02 2.448249E-02 2.902031E-02 3.317478E-02 6.039581E-04 7.883179E-04 6.008995E-04 4.407415E-04 3.321536E-04
592 2.710893E+02 5.178571E-01 2.079278E+00 2.379780E-02 2.448002E-02 2.901738E-02 3.317143E-02 6.038970E-04 7.882383E-04 6.008388E-04 4.406970E-04 3.321201E-04
593 2.716071E+02 5.178571E-01 2.079278E+00 2.379543E-02 2.447758E-02 2.901449E-02 3.316812E-02 6.038369E-04 7.881598E-04 6.007790E-04 4.406531E-04 3.320870E-04
594 2.721250E+02 5.178571E-01 2.079278E+00 2.379310E-02 2.447518E-02 2.901164E-02 3.316487E-02 6.037776E-04 7.880824E-04 6.007200E-04 4.406099E-04 3.320544E-04
595 2.726429E+02 5.178571E-01 2.079278E+00 2.379080E-02 2.447281E-02 2.900884E-02 3.316166E-02 6.037192E-04 7.880061E-04 6.006618E-04 4.405672E-04 3.320223E-04
596 2.731607E+02 5.178571E-01 2.079278E+00 2.378853E-02 2.447048E-02 2.900607E-02 3.315849E-02 6.036616E-04 7.879310E-04 6.006045E-04 4.405252E-04 3.319906E-04
597 2.736786E+02 5.178571E-01 2.079278E+00 2.378629E-02 2.446818E-02 2.900334E-02 3.315538E-02 6.036048E-04 7.878569E-04 6.005480E-04 4.404837E-04 3.319594E-04
598 2.741964E+02 5.178571E-01 2.079278E+00 2.378408E-02 2.446591E-02 2.900065E-02 3.315230E-02 6.035489E-04 7.877838E-04 6.004924E-04 4.404429E-04 3.319286E-04
599 2.747143E+02 5.178571E-01 2.079278E+00 2.378191E-02 2.446367E-02 2.899800E-02 3.314927E-02 6.034937E-04 7.877118E-04 6.004375E-04 4.404027E-04 3.318983E-04
600 2.752321E+02 5.178571E-01 2.079278E+00 2.377977E-02 2.446147E-02 2.899539E-02 3.314629E-02 6.034393E-04 7.876408E-04 6.003834E-04 4.403630E-04 3.318684E-04
601 2.757500E+02 5.178571E-01 2.079278E+00 2.377766E-02 2.445929E-02 2.899281E-02 3.314334E-02 6.033857E-04 7.875709E-04 6.003301E-04 4.403239E-04 3.318389E-04
602 2.762679E+02 5.178571E-01 2.079278E+00 2.377557E-02 2.445715E-02 2.899028E-02 3.314044E-02 6.033329E-04 7.875019E-04 6.002775E-04 4.402853E-04 3.318098E-04
603 2.767857E+02 5.178571E-01 2.079278E+00 2.377352E-02 2.445504E-02 2.898777E-02 3.313758E-02 6.032808E-04 7.874340E-04 6.002257E-04 4.402473E-04 3.317812E-04
604 2.773036E+02 5.178571E-01 2.079278E+00 2.377150E-02 2.445296E-02 2.898531E-02 3.313476E-02 6.032295E-04 7.873670E-04 6.001746E-04 4.402099E-04 3.317530E-04
605 2.778214E+02 5.178571E-01 2.079278E+00 2.376950E-02 2.445091E-02 2.898288E-02 3.313198E-02 6.031789E-04 7.873009E-04 6.001243E-04 4.401729E-04 3.317251E-04
606 2.783393E+02 5.178571E-01 2.079278E+00 2.376754E-02 2.444889E-02 2.898048E-02 3.312924E-02 6.031290E-04 7.872358E-04 6.000747E-04 4.401365E-04 3.316977E-04
607 2.788571E+02 5.178571E-01 2.079278E+00 2.376560E-02 2.444690E-02 2.897812E-02 3.312654E-02 6.030799E-04 7.871717E-04 6.000258E-04 4.401007E-04 3.316707E-04
608 2.793750E+02 5.178571E-01 2.079278E+00 2.376369E-02 2.444493E-02 2.897579E-02 3.312388E-02 6.030314E-04 7.871084E-04 5.999775E-04 4.400653E-04 3.316440E-04
609 2.798929E+02 5.178571E-01 2.079278E+00 2.376181E-02 2.444300E-02 2.897349E-02 3.312126E-02 6.029837E-04 7.870461E-04 5.999300E-04 4.400304E-04 3.316178E-04
610 2.804107E+02 5.178571E-01 2.079278E+00 2.375996E-02 2.444109E-02 2.897123E-02 3.311867E-02 6.029366E-04 7.869846E-04 5.998832E-04 4.399961E-04 3.315919E-04
