0 -3.548214E+01 5.178571E-01 0.000000E+00 0.000000E+00 0.000000E+00 0.000000E+00 0.000000E+00 6.003609E-07 0.000000E+00 0.000000E+00 0.000000E+00 0.000000E+00
1 -3.496429E+01 5.178571E-01 9.233017E-01 2.135551E-10 2.196771E-10 2.603942E-10 2.976714E-10 4.529092E-07 3.751801E-10 2.859830E-10 2.097599E-10 1.580802E-10
2 -3.444643E+01 5.178571E-01 2.350061E+00 9.568703E-10 9.843011E-10 1.166741E-09 1.333768E-09 3.425268E-07 1.681059E-09 1.281396E-09 9.398653E-10 7.083056E-10
3 -3.392857E+01 5.178571E-01 3.014563E+00 2.241629E-09 2.305891E-09 2.733286E-09 3.124576E-09 2.602826E-07 3.938164E-09 3.001886E-09 2.201792E-09 1.659325E-09
4 -3.341071E+01 5.178571E-01 4.446050E+00 4.004314E-09 4.119106E-09 4.882581E-09 5.581557E-09 1.993463E-07 7.034902E-09 5.362391E-09 3.933151E-09 2.964119E-09
5 -3.289286E+01 5.178571E-01 1.137218E+01 6.950866E-09 7.150128E-09 8.475401E-09 9.688715E-09 1.555827E-07 1.221150E-08 9.308277E-09 6.827339E-09 5.145250E-09
6 -3.237500E+01 5.178571E-01 1.711798E+01 1.234524E-08 1.269915E-08 1.505293E-08 1.720786E-08 1.268592E-07 2.168850E-08 1.653217E-08 1.212585E-08 9.138337E-09
7 -3.185714E+01 5.178571E-01 1.768037E+01 2.117902E-08 2.178617E-08 2.582422E-08 2.952115E-08 1.116202E-07 3.720796E-08 2.836197E-08 2.080264E-08 1.567738E-08
8 -3.133929E+01 5.178571E-01 1.381083E+01 3.359320E-08 3.455622E-08 4.096120E-08 4.682509E-08 1.078763E-07 5.901757E-08 4.498645E-08 3.299619E-08 2.486674E-08
9 -3.082143E+01 5.178571E-01 7.707340E+00 4.796829E-08 4.934341E-08 5.848919E-08 6.686233E-08 1.118049E-07 8.427218E-08 6.423691E-08 4.711582E-08 3.550764E-08
10 -3.030357E+01 5.178571E-01 5.462810E+00 6.251394E-08 6.430604E-08 7.622513E-08 8.713731E-08 1.197577E-07 1.098264E-07 8.371576E-08 6.140297E-08 4.627479E-08
11 -2.978571E+01 5.178571E-01 5.901385E+00 7.781895E-08 8.004981E-08 9.488700E-08 1.084708E-07 1.315933E-07 1.367147E-07 1.042115E-07 7.643599E-08 5.760404E-08
12 -2.926786E+01 5.178571E-01 6.191562E+00 9.562099E-08 9.836217E-08 1.165936E-07 1.332848E-07 1.489466E-07 1.679899E-07 1.280512E-07 9.392166E-08 7.078167E-08
13 -2.875000E+01 5.178571E-01 6.357139E+00 1.174049E-07 1.207706E-07 1.431553E-07 1.636490E-07 1.732855E-07 2.062605E-07 1.572232E-07 1.153184E-07 8.690680E-08
14 -2.823214E+01 5.178571E-01 5.472308E+00 1.433180E-07 1.474265E-07 1.747519E-07 1.997689E-07 2.044079E-07 2.517854E-07 1.919248E-07 1.407710E-07 1.060885E-07
15 -2.771429E+01 5.178571E-01 4.052109E+00 1.712884E-07 1.761987E-07 2.088571E-07 2.387565E-07 2.392238E-07 3.009247E-07 2.293814E-07 1.682443E-07 1.267931E-07
16 -2.719643E+01 5.178571E-01 3.934342E+00 2.004873E-07 2.062347E-07 2.444602E-07 2.794564E-07 2.763899E-07 3.522223E-07 2.684833E-07 1.969243E-07 1.484070E-07
17 -2.667857E+01 5.178571E-01 4.421834E+00 2.334115E-07 2.401028E-07 2.846057E-07 3.253490E-07 3.190955E-07 4.100645E-07 3.125739E-07 2.292634E-07 1.727786E-07
18 -2.616071E+01 5.178571E-01 5.351276E+00 2.748939E-07 2.827743E-07 3.351864E-07 3.831708E-07 3.737162E-07 4.829421E-07 3.681251E-07 2.700086E-07 2.034851E-07
19 -2.564286E+01 5.178571E-01 6.211053E+00 3.310765E-07 3.405675E-07 4.036916E-07 4.614829E-07 4.484215E-07 5.816454E-07 4.433623E-07 3.251928E-07 2.450733E-07
20 -2.512500E+01 5.178571E-01 5.659375E+00 4.036447E-07 4.152161E-07 4.921762E-07 5.626347E-07 5.454065E-07 7.091355E-07 5.405423E-07 3.964713E-07 2.987905E-07
21 -2.460714E+01 5.178571E-01 4.718651E+00 4.882175E-07 5.022133E-07 5.952984E-07 6.805196E-07 6.587190E-07 8.577156E-07 6.537982E-07 4.795411E-07 3.613940E-07
22 -2.408929E+01 5.178571E-01 3.404798E+00 5.764831E-07 5.930093E-07 7.029233E-07 8.035518E-07 7.771298E-07 1.012783E-06 7.719994E-07 5.662381E-07 4.267310E-07
23 -2.357143E+01 5.178571E-01 2.299712E+00 6.584528E-07 6.773288E-07 8.028714E-07 9.178082E-07 8.871631E-07 1.156790E-06 8.817695E-07 6.467511E-07 4.874075E-07
24 -2.305357E+01 5.178571E-01 2.250132E+00 7.323555E-07 7.533501E-07 8.929832E-07 1.020820E-06 9.864111E-07 1.286625E-06 9.807365E-07 7.193404E-07 5.421126E-07
25 -2.253571E+01 5.178571E-01 2.355800E+00 8.040039E-07 8.270525E-07 9.803463E-07 1.120690E-06 1.082680E-06 1.412499E-06 1.076685E-06 7.897156E-07 5.951491E-07
26 -2.201786E+01 5.178571E-01 2.740878E+00 8.816447E-07 9.069190E-07 1.075016E-06 1.228912E-06 1.187055E-06 1.548901E-06 1.180658E-06 8.659765E-07 6.526212E-07
27 -2.150000E+01 5.178571E-01 3.061839E+00 9.741180E-07 1.002043E-06 1.187771E-06 1.357809E-06 1.311426E-06 1.711361E-06 1.304494E-06 9.568064E-07 7.210728E-07
28 -2.098214E+01 5.178571E-01 3.194030E+00 1.086657E-06 1.117809E-06 1.324994E-06 1.514677E-06 1.462829E-06 1.909073E-06 1.455201E-06 1.067346E-06 8.043781E-07
29 -2.046429E+01 5.178571E-01 3.252157E+00 1.221595E-06 1.256614E-06 1.489527E-06 1.702764E-06 1.644396E-06 2.146135E-06 1.635903E-06 1.199885E-06 9.042629E-07
30 -1.994643E+01 5.178571E-01 3.366430E+00 1.381988E-06 1.421606E-06 1.685100E-06 1.926334E-06 1.860239E-06 2.427919E-06 1.850694E-06 1.357428E-06 1.022991E-06
31 -1.942857E+01 5.178571E-01 3.398992E+00 1.571168E-06 1.616209E-06 1.915772E-06 2.190029E-06 2.114839E-06 2.760276E-06 2.104035E-06 1.543246E-06 1.163028E-06
32 -1.891071E+01 5.178571E-01 3.354808E+00 1.790531E-06 1.841861E-06 2.183249E-06 2.495797E-06 2.410073E-06 3.145661E-06 2.397797E-06 1.758711E-06 1.325408E-06
33 -1.839286E+01 5.178571E-01 3.274453E+00 2.040259E-06 2.098747E-06 2.487749E-06 2.843888E-06 2.746180E-06 3.584389E-06 2.732220E-06 2.004000E-06 1.510264E-06
34 -1.787500E+01 5.178571E-01 3.198319E+00 2.320780E-06 2.387310E-06 2.829797E-06 3.234903E-06 3.123740E-06 4.077218E-06 3.107881E-06 2.279536E-06 1.717914E-06
35 -1.735714E+01 5.178571E-01 3.083237E+00 2.632120E-06 2.707575E-06 3.209423E-06 3.668875E-06 3.542784E-06 4.624189E-06 3.524813E-06 2.585343E-06 1.948378E-06
36 -1.683929E+01 5.178571E-01 2.922678E+00 2.972096E-06 3.057298E-06 3.623967E-06 4.142764E-06 4.000375E-06 5.221471E-06 3.980094E-06 2.919278E-06 2.200039E-06
37 -1.632143E+01 5.178571E-01 2.755025E+00 3.337048E-06 3.432711E-06 4.068963E-06 4.651464E-06 4.491583E-06 5.862628E-06 4.468819E-06 3.277743E-06 2.470188E-06
38 -1.580357E+01 5.178571E-01 2.578623E+00 3.722623E-06 3.829340E-06 4.539107E-06 5.188913E-06 5.010552E-06 6.540020E-06 4.985164E-06 3.656467E-06 2.755603E-06
39 -1.528571E+01 5.178571E-01 2.437765E+00 4.125435E-06 4.243700E-06 5.030267E-06 5.750386E-06 5.552721E-06 7.247691E-06 5.524591E-06 4.052120E-06 3.053777E-06
40 -1.476786E+01 5.178571E-01 2.337497E+00 4.545092E-06 4.675387E-06 5.541968E-06 6.335340E-06 6.117564E-06 7.984958E-06 6.086576E-06 4.464319E-06 3.364420E-06
41 -1.425000E+01 5.178571E-01 2.217272E+00 4.980879E-06 5.123667E-06 6.073337E-06 6.942778E-06 6.704119E-06 8.750563E-06 6.670163E-06 4.892362E-06 3.687004E-06
42 -1.373214E+01 5.178571E-01 2.079278E+00 5.428714E-06 5.584340E-06 6.619395E-06 7.567009E-06 7.306890E-06 9.537333E-06 7.269882E-06 5.332238E-06 4.018505E-06
43 -1.321429E+01 5.178571E-01 2.079278E+00 5.892554E-06 6.061477E-06 7.184969E-06 8.213548E-06 7.931203E-06 1.035222E-05 7.891034E-06 5.787834E-06 4.361854E-06
44 -1.269643E+01 5.178571E-01 2.079278E+00 6.383750E-06 6.566754E-06 7.783899E-06 8.898220E-06 8.592337E-06 1.121517E-05 8.548822E-06 6.270301E-06 4.725453E-06
45 -1.217857E+01 5.178571E-01 2.079278E+00 6.911229E-06 7.109354E-06 8.427070E-06 9.633465E-06 9.302307E-06 1.214186E-05 9.255197E-06 6.788406E-06 5.115909E-06
46 -1.166071E+01 5.178571E-01 2.079278E+00 7.482388E-06 7.696887E-06 9.123502E-06 1.042960E-05 1.007107E-05 1.314529E-05 1.002007E-05 7.349415E-06 5.538700E-06
47 -1.114286E+01 5.178571E-01 2.079278E+00 8.103722E-06 8.336033E-06 9.881113E-06 1.129566E-05 1.090737E-05 1.423687E-05 1.085213E-05 7.959706E-06 5.998630E-06
48 -1.062500E+01 5.178571E-01 2.079278E+00 8.781256E-06 9.032990E-06 1.070725E-05 1.224007E-05 1.181931E-05 1.542718E-05 1.175945E-05 8.625200E-06 6.500163E-06
49 -1.010714E+01 5.178571E-01 2.079278E+00 9.520860E-06 9.793796E-06 1.160907E-05 1.327099E-05 1.281479E-05 1.672654E-05 1.274989E-05 9.351660E-06 7.047640E-06
50 -9.589286E+00 5.178571E-01 2.079278E+00 1.032847E-05 1.062455E-05 1.259381E-05 1.439670E-05 1.390180E-05 1.814537E-05 1.383140E-05 1.014491E-05 7.645456E-06
51 -9.071429E+00 5.178571E-01 2.079278E+00 1.121024E-05 1.153161E-05 1.366898E-05 1.562580E-05 1.508864E-05 1.969449E-05 1.501223E-05 1.101102E-05 8.298172E-06
52 -8.553571E+00 5.178571E-01 2.079278E+00 1.217270E-05 1.252166E-05 1.484254E-05 1.696736E-05 1.638409E-05 2.138538E-05 1.630112E-05 1.195637E-05 9.010617E-06
53 -8.035714E+00 5.178571E-01 2.079278E+00 1.322283E-05 1.360190E-05 1.612300E-05 1.843113E-05 1.779754E-05 2.323028E-05 1.770741E-05 1.298785E-05 9.787959E-06
54 -7.517857E+00 5.178571E-01 2.079278E+00 1.436817E-05 1.478006E-05 1.751954E-05 2.002759E-05 1.933912E-05 2.524244E-05 1.924119E-05 1.411283E-05 1.063577E-05
55 -7.000000E+00 5.178571E-01 2.079278E+00 1.561686E-05 1.606455E-05 1.904211E-05 2.176812E-05 2.101982E-05 2.743618E-05 2.091337E-05 1.533932E-05 1.156009E-05
56 -6.482143E+00 5.178571E-01 2.079278E+00 1.697776E-05 1.746446E-05 2.070149E-05 2.366506E-05 2.285155E-05 2.982705E-05 2.273583E-05 1.667604E-05 1.256747E-05
57 -5.964286E+00 5.178571E-01 2.079278E+00 1.846049E-05 1.898970E-05 2.250943E-05 2.573182E-05 2.484726E-05 3.243196E-05 2.472143E-05 1.813242E-05 1.366504E-05
58 -5.446429E+00 5.178571E-01 2.079278E+00 2.007552E-05 2.065103E-05 2.447869E-05 2.798299E-05 2.702105E-05 3.526929E-05 2.688421E-05 1.971875E-05 1.486053E-05
59 -4.928571E+00 5.178571E-01 2.079278E+00 2.183424E-05 2.246016E-05 2.662314E-05 3.043444E-05 2.938822E-05 3.835906E-05 2.923940E-05 2.144621E-05 1.616239E-05
60 -4.410714E+00 5.178571E-01 2.079278E+00 2.374902E-05 2.442984E-05 2.895790E-05 3.310343E-05 3.196547E-05 4.172301E-05 3.180359E-05 2.332697E-05 1.757977E-05
61 -3.892857E+00 5.178571E-01 2.079278E+00 2.583334E-05 2.657391E-05 3.149938E-05 3.600874E-05 3.477090E-05 4.538482E-05 3.459482E-05 2.537425E-05 1.912266E-05
62 -3.375000E+00 5.178571E-01 2.079278E+00 2.810185E-05 2.890745E-05 3.426543E-05 3.917077E-05 3.782424E-05 4.937019E-05 3.763269E-05 2.760243E-05 2.080187E-05
63 -2.857143E+00 5.178571E-01 2.079278E+00 3.057044E-05 3.144681E-05 3.727546E-05 4.261171E-05 4.114689E-05 5.370709E-05 4.093851E-05 3.002716E-05 2.262920E-05
64 -2.339286E+00 5.178571E-01 2.079278E+00 3.325641E-05 3.420978E-05 4.055055E-05 4.635565E-05 4.476213E-05 5.842589E-05 4.453544E-05 3.266540E-05 2.461744E-05
65 -1.821429E+00 5.178571E-01 2.079278E+00 3.617854E-05 3.721568E-05 4.411359E-05 5.042876E-05 4.869523E-05 6.355958E-05 4.844862E-05 3.553559E-05 2.678050E-05
66 -1.303571E+00 5.178571E-01 2.079278E+00 3.935721E-05 4.048547E-05 4.798943E-05 5.485946E-05 5.297361E-05 6.914396E-05 5.270535E-05 3.865777E-05 2.913345E-05
67 -7.857143E-01 5.178571E-01 2.079278E+00 4.281453E-05 4.404190E-05 5.220505E-05 5.967858E-05 5.762707E-05 7.521789E-05 5.733523E-05 4.205365E-05 3.169266E-05
68 -2.678571E-01 5.178571E-01 2.079278E+00 4.657451E-05 4.790967E-05 5.678970E-05 6.491955E-05 6.268788E-05 8.182353E-05 6.237042E-05 4.574681E-05 3.447592E-05
69 2.500000E-01 5.178571E-01 2.079278E+00 5.066315E-05 5.211552E-05 6.177511E-05 7.061866E-05 6.819108E-05 8.900659E-05 6.784574E-05 4.976279E-05 3.750246E-05
70 7.678571E-01 5.178571E-01 2.079278E+00 5.440182E-05 5.596137E-05 6.633378E-05 7.582993E-05 7.322321E-05 9.557479E-05 7.285239E-05 5.343501E-05 4.026994E-05
71 1.285714E+00 5.178571E-01 2.079278E+00 5.713081E-05 5.876859E-05 6.966132E-05 7.963384E-05 7.689635E-05 1.003692E-04 7.650693E-05 5.611551E-05 4.229003E-05
72 1.803571E+00 5.178571E-01 2.079278E+00 5.839945E-05 6.007360E-05 7.120822E-05 8.140218E-05 7.860390E-05 1.025980E-04 7.820583E-05 5.736160E-05 4.322911E-05
73 2.321429E+00 5.178571E-01 2.079278E+00 5.867000E-05 6.035191E-05 7.153811E-05 8.177930E-05 7.896806E-05 1.030733E-04 7.856815E-05 5.762735E-05 4.342939E-05
74 2.839286E+00 5.178571E-01 2.079278E+00 5.827476E-05 5.994533E-05 7.105617E-05 8.122837E-05 7.843607E-05 1.023789E-04 7.803885E-05 5.723913E-05 4.313681E-05
75 3.357143E+00 5.178571E-01 2.079278E+00 5.745110E-05 5.909806E-05 7.005186E-05 8.008029E-05 7.732745E-05 1.009319E-04 7.693585E-05 5.643011E-05 4.252711E-05
76 3.875000E+00 5.178571E-01 2.079278E+00 5.636729E-05 5.798318E-05 6.873034E-05 7.856957E-05 7.586867E-05 9.902779E-05 7.548445E-05 5.536555E-05 4.172484E-05
77 4.392857E+00 5.178571E-01 2.079278E+00 5.514134E-05 5.672209E-05 6.723550E-05 7.686074E-05 7.421858E-05 9.687401E-05 7.384272E-05 5.416139E-05 4.081736E-05
78 4.910714E+00 5.178571E-01 2.079278E+00 5.385489E-05 5.539876E-05 6.566690E-05 7.506758E-05 7.248706E-05 9.461394E-05 7.211997E-05 5.289781E-05 3.986509E-05
79 5.428571E+00 5.178571E-01 2.079278E+00 5.256334E-05 5.407018E-05 6.409207E-05 7.326730E-05 7.074867E-05 9.234490E-05 7.039038E-05 5.162921E-05 3.890904E-05
80 5.946429E+00 5.178571E-01 2.079278E+00 5.130325E-05 5.277397E-05 6.255560E-05 7.151088E-05 6.905262E-05 9.013113E-05 6.870293E-05 5.039151E-05 3.797628E-05
81 6.464286E+00 5.178571E-01 2.079278E+00 5.009776E-05 5.153392E-05 6.108572E-05 6.983057E-05 6.743008E-05 8.801330E-05 6.708860E-05 4.920745E-05 3.708394E-05
82 6.982143E+00 5.178571E-01 2.079278E+00 4.896055E-05 5.036411E-05 5.969907E-05 6.824542E-05 6.589942E-05 8.601540E-05 6.556569E-05 4.809044E-05 3.624214E-05
83 7.500000E+00 5.178571E-01 2.079278E+00 4.789864E-05 4.927176E-05 5.840426E-05 6.676524E-05 6.447012E-05 8.414981E-05 6.414363E-05 4.704741E-05 3.545608E-05
84 8.017857E+00 5.178571E-01 2.079278E+00 4.691452E-05 4.825942E-05 5.720429E-05 6.539349E-05 6.314552E-05 8.242087E-05 6.282574E-05 4.608077E-05 3.472760E-05
85 8.535714E+00 5.178571E-01 2.079278E+00 4.600759E-05 4.732650E-05 5.609845E-05 6.412934E-05 6.192483E-05 8.082756E-05 6.161123E-05 4.518997E-05 3.405627E-05
86 9.053571E+00 5.178571E-01 2.079278E+00 4.517528E-05 4.647033E-05 5.508359E-05 6.296920E-05 6.080457E-05 7.936533E-05 6.049664E-05 4.437245E-05 3.344017E-05
87 9.571429E+00 5.178571E-01 2.079278E+00 4.441375E-05 4.568697E-05 5.415503E-05 6.190771E-05 5.977957E-05 7.802745E-05 5.947683E-05 4.362445E-05 3.287646E-05
88 1.008929E+01 5.178571E-01 2.079278E+00 4.371845E-05 4.497174E-05 5.330723E-05 6.093854E-05 5.884372E-05 7.680593E-05 5.854572E-05 4.294151E-05 3.236178E-05
89 1.060714E+01 5.178571E-01 2.079278E+00 4.308451E-05 4.431962E-05 5.253424E-05 6.005489E-05 5.799045E-05 7.569219E-05 5.769677E-05 4.231883E-05 3.189251E-05
90 1.112500E+01 5.178571E-01 2.079278E+00 4.250695E-05 4.372551E-05 5.183001E-05 5.924985E-05 5.721308E-05 7.467753E-05 5.692334E-05 4.175154E-05 3.146499E-05
91 1.164286E+01 5.178571E-01 2.079278E+00 4.198090E-05 4.318438E-05 5.118858E-05 5.851659E-05 5.650503E-05 7.375335E-05 5.621888E-05 4.123484E-05 3.107559E-05
92 1.216071E+01 5.178571E-01 2.079278E+00 4.150167E-05 4.269141E-05 5.060424E-05 5.784860E-05 5.586000E-05 7.291142E-05 5.557711E-05 4.076412E-05 3.072084E-05
93 1.267857E+01 5.178571E-01 2.079278E+00 4.106483E-05 4.224204E-05 5.007159E-05 5.723969E-05 5.527202E-05 7.214396E-05 5.499211E-05 4.033505E-05 3.039748E-05
94 1.319643E+01 5.178571E-01 2.079278E+00 4.066625E-05 4.183204E-05 4.958559E-05 5.668412E-05 5.473555E-05 7.144372E-05 5.445835E-05 3.994355E-05 3.010244E-05
95 1.371429E+01 5.178571E-01 2.079278E+00 4.030211E-05 4.145746E-05 4.914158E-05 5.617655E-05 5.424542E-05 7.080399E-05 5.397071E-05 3.958588E-05 2.983289E-05
96 1.423214E+01 5.178571E-01 2.079278E+00 3.996890E-05 4.111470E-05 4.873529E-05 5.571209E-05 5.379693E-05 7.021860E-05 5.352450E-05 3.925859E-05 2.958624E-05
97 1.475000E+01 5.178571E-01 2.079278E+00 3.966342E-05 4.080046E-05 4.836281E-05 5.528629E-05 5.338577E-05 6.968193E-05 5.311542E-05 3.895855E-05 2.936012E-05
98 1.526786E+01 5.178571E-01 2.079278E+00 3.938277E-05 4.051176E-05 4.802060E-05 5.489510E-05 5.300802E-05 6.918887E-05 5.273958E-05 3.868288E-05 2.915237E-05
99 1.578571E+01 5.178571E-01 2.079278E+00 3.912430E-05 4.024589E-05 4.770545E-05 5.453482E-05 5.266013E-05 6.873479E-05 5.239345E-05 3.842901E-05 2.896104E-05
100 1.630357E+01 5.178571E-01 2.079278E+00 3.888564E-05 4.000039E-05 4.741444E-05 5.420216E-05 5.233891E-05 6.831550E-05 5.207385E-05 3.819459E-05 2.878438E-05
101 1.682143E+01 5.178571E-01 2.079278E+00 3.866464E-05 3.977305E-05 4.714497E-05 5.389411E-05 5.204145E-05 6.792724E-05 5.177790E-05 3.797752E-05 2.862079E-05
102 1.733929E+01 5.178571E-01 2.079278E+00 3.845938E-05 3.956190E-05 4.689468E-05 5.360799E-05 5.176516E-05 6.756662E-05 5.150301E-05 3.777589E-05 2.846884E-05
103 1.785714E+01 5.178571E-01 2.079278E+00 3.826810E-05 3.936514E-05 4.666145E-05 5.334137E-05 5.150771E-05 6.723059E-05 5.124687E-05 3.758802E-05 2.832726E-05
104 1.837500E+01 5.178571E-01 2.079278E+00 3.808927E-05 3.918118E-05 4.644340E-05 5.309211E-05 5.126701E-05 6.691641E-05 5.100739E-05 3.741237E-05 2.819488E-05
105 1.889286E+01 5.178571E-01 2.079278E+00 3.792149E-05 3.900859E-05 4.623882E-05 5.285824E-05 5.104118E-05 6.662165E-05 5.078270E-05 3.724757E-05 2.807068E-05
106 1.941071E+01 5.178571E-01 2.079278E+00 3.776351E-05 3.884608E-05 4.604619E-05 5.263803E-05 5.082854E-05 6.634410E-05 5.057114E-05 3.709239E-05 2.795374E-05
107 1.992857E+01 5.178571E-01 2.079278E+00 3.761421E-05 3.869250E-05 4.586414E-05 5.242992E-05 5.062759E-05 6.608181E-05 5.037120E-05 3.694575E-05 2.784322E-05
108 2.044643E+01 5.178571E-01 2.079278E+00 3.747260E-05 3.854683E-05 4.569147E-05 5.223253E-05 5.043699E-05 6.583302E-05 5.018156E-05 3.680665E-05 2.773840E-05
109 2.096429E+01 5.178571E-01 2.079278E+00 3.733778E-05 3.840815E-05 4.552708E-05 5.204461E-05 5.025552E-05 6.559616E-05 5.000102E-05 3.667423E-05 2.763860E-05
110 2.148214E+01 5.178571E-01 2.079278E+00 3.720895E-05 3.827563E-05 4.537000E-05 5.186504E-05 5.008213E-05 6.536984E-05 4.982850E-05 3.654769E-05 2.754324E-05
111 2.200000E+01 5.178571E-01 2.079278E+00 3.708542E-05 3.814855E-05 4.521937E-05 5.169284E-05 4.991585E-05 6.515280E-05 4.966307E-05 3.642635E-05 2.745179E-05
112 2.251786E+01 5.178571E-01 2.079278E+00 3.696653E-05 3.802625E-05 4.507440E-05 5.152713E-05 4.975583E-05 6.494394E-05 4.950386E-05 3.630958E-05 2.736379E-05
113 2.303571E+01 5.178571E-01 2.079278E+00 3.685172E-05 3.790816E-05 4.493442E-05 5.136710E-05 4.960130E-05 6.474224E-05 4.935011E-05 3.619681E-05 2.727880E-05
114 2.355357E+01 5.178571E-01 2.079278E+00 3.674049E-05 3.779374E-05 4.479879E-05 5.121206E-05 4.945159E-05 6.454683E-05 4.920116E-05 3.608756E-05 2.719647E-05
115 2.407143E+01 5.178571E-01 2.079278E+00 3.663239E-05 3.768254E-05 4.466698E-05 5.106137E-05 4.930609E-05 6.435691E-05 4.905639E-05 3.598137E-05 2.711645E-05
116 2.458929E+01 5.178571E-01 2.079278E+00 3.652701E-05 3.757414E-05 4.453849E-05 5.091449E-05 4.916425E-05 6.417178E-05 4.891528E-05 3.587787E-05 2.703844E-05
117 2.510714E+01 5.178571E-01 2.079278E+00 3.642400E-05 3.746817E-05 4.441288E-05 5.077090E-05 4.902560E-05 6.399080E-05 4.877733E-05 3.577669E-05 2.696219E-05
118 2.562500E+01 5.178571E-01 2.079278E+00 3.632303E-05 3.736431E-05 4.428977E-05 5.063017E-05 4.888971E-05 6.381343E-05 4.864212E-05 3.567752E-05 2.688745E-05
119 2.614286E+01 5.178571E-01 2.079278E+00 3.622383E-05 3.726227E-05 4.416881E-05 5.049190E-05 4.875619E-05 6.363915E-05 4.850928E-05 3.558008E-05 2.681402E-05
120 2.666071E+01 5.178571E-01 2.079278E+00 3.612614E-05 3.716178E-05 4.404970E-05 5.035573E-05 4.862470E-05 6.346753E-05 4.837846E-05 3.548413E-05 2.674171E-05
121 2.717857E+01 5.178571E-01 2.079278E+00 3.602974E-05 3.706261E-05 4.393215E-05 5.022135E-05 4.849494E-05 6.329816E-05 4.824936E-05 3.538944E-05 2.667035E-05
122 2.769643E+01 5.178571E-01 2.079278E+00 3.593442E-05 3.696456E-05 4.381593E-05 5.008849E-05 4.836665E-05 6.313071E-05 4.812171E-05 3.529581E-05 2.659979E-05
123 2.821429E+01 5.178571E-01 2.079278E+00 3.584001E-05 3.686745E-05 4.370081E-05 4.995690E-05 4.823958E-05 6.296485E-05 4.799528E-05 3.520308E-05 2.652991E-05
124 2.873214E+01 5.178571E-01 2.079278E+00 3.574636E-05 3.677110E-05 4.358661E-05 4.982635E-05 4.811352E-05 6.280030E-05 4.786986E-05 3.511109E-05 2.646058E-05
125 2.925000E+01 5.178571E-01 2.079278E+00 3.565331E-05 3.667539E-05 4.347316E-05 4.969665E-05 4.798828E-05 6.263684E-05 4.774526E-05 3.501970E-05 2.639170E-05
126 2.976786E+01 5.178571E-01 2.079278E+00 3.556075E-05 3.658018E-05 4.336030E-05 4.956763E-05 4.786370E-05 6.247422E-05 4.762130E-05 3.492878E-05 2.632319E-05
127 3.028571E+01 5.178571E-01 2.079278E+00 3.546856E-05 3.648535E-05 4.324789E-05 4.943914E-05 4.773962E-05 6.231227E-05 4.749785E-05 3.483823E-05 2.625495E-05
128 3.080357E+01 5.178571E-01 2.079278E+00 3.537666E-05 3.639081E-05 4.313583E-05 4.931103E-05 4.761591E-05 6.215080E-05 4.737478E-05 3.474796E-05 2.618692E-05
129 3.132143E+01 5.178571E-01 2.079278E+00 3.528494E-05 3.629646E-05 4.302400E-05 4.918319E-05 4.749247E-05 6.198968E-05 4.725196E-05 3.465788E-05 2.611903E-05
130 3.183929E+01 5.178571E-01 2.079278E+00 3.519335E-05 3.620224E-05 4.291231E-05 4.905551E-05 4.736918E-05 6.182876E-05 4.712930E-05 3.456791E-05 2.605122E-05
131 3.235714E+01 5.178571E-01 2.079278E+00 3.510180E-05 3.610807E-05 4.280068E-05 4.892791E-05 4.724596E-05 6.166792E-05 4.700670E-05 3.447799E-05 2.598346E-05
132 3.287500E+01 5.178571E-01 2.079278E+00 3.501024E-05 3.601389E-05 4.268904E-05 4.880028E-05 4.712273E-05 6.150707E-05 4.688409E-05 3.438805E-05 2.591568E-05
133 3.339286E+01 5.178571E-01 2.079278E+00 3.491862E-05 3.591964E-05 4.257733E-05 4.867258E-05 4.699941E-05 6.134611E-05 4.676140E-05 3.429806E-05 2.584786E-05
134 3.391071E+01 5.178571E-01 2.079278E+00 3.482689E-05 3.582528E-05 4.246548E-05 4.854472E-05 4.687595E-05 6.118496E-05 4.663856E-05 3.420797E-05 2.577996E-05
135 3.442857E+01 5.178571E-01 2.079278E+00 3.473502E-05 3.573077E-05 4.235346E-05 4.841666E-05 4.675229E-05 6.102355E-05 4.651552E-05 3.411772E-05 2.571195E-05
136 3.494643E+01 5.178571E-01 2.079278E+00 3.464296E-05 3.563608E-05 4.224121E-05 4.828834E-05 4.662838E-05 6.086182E-05 4.639224E-05 3.402730E-05 2.564381E-05
137 3.546429E+01 5.178571E-01 2.079278E+00 3.455069E-05 3.554116E-05 4.212870E-05 4.815973E-05 4.650419E-05 6.069972E-05 4.626868E-05 3.393667E-05 2.557551E-05
138 3.598214E+01 5.178571E-01 2.079278E+00 3.445818E-05 3.544600E-05 4.201590E-05 4.803078E-05 4.637968E-05 6.053720E-05 4.614480E-05 3.384581E-05 2.550703E-05
139 3.650000E+01 5.178571E-01 2.079278E+00 3.436541E-05 3.535057E-05 4.190279E-05 4.790147E-05 4.625481E-05 6.037422E-05 4.602057E-05 3.375469E-05 2.543836E-05
140 3.701786E+01 5.178571E-01 2.079278E+00 3.427236E-05 3.525486E-05 4.178933E-05 4.777177E-05 4.612957E-05 6.021075E-05 4.589596E-05 3.366329E-05 2.536948E-05
141 3.753571E+01 5.178571E-01 2.079278E+00 3.417902E-05 3.515883E-05 4.167551E-05 4.764166E-05 4.600393E-05 6.004676E-05 4.577096E-05 3.357161E-05 2.530039E-05
142 3.805357E+01 5.178571E-01 2.079278E+00 3.408536E-05 3.506249E-05 4.156131E-05 4.751111E-05 4.587787E-05 5.988222E-05 4.564553E-05 3.347961E-05 2.523106E-05
143 3.857143E+01 5.178571E-01 2.079278E+00 3.399138E-05 3.496582E-05 4.144672E-05 4.738011E-05 4.575138E-05 5.971711E-05 4.551968E-05 3.338730E-05 2.516149E-05
144 3.908929E+01 5.178571E-01 2.079278E+00 3.389707E-05 3.486881E-05 4.133173E-05 4.724866E-05 4.562444E-05 5.955142E-05 4.539339E-05 3.329467E-05 2.509168E-05
145 3.960714E+01 5.178571E-01 2.079278E+00 3.380242E-05 3.477144E-05 4.121632E-05 4.711673E-05 4.549704E-05 5.938514E-05 4.526664E-05 3.320170E-05 2.502162E-05
146 4.012500E+01 5.178571E-01 2.079278E+00 3.370743E-05 3.467373E-05 4.110049E-05 4.698431E-05 4.536918E-05 5.921825E-05 4.513942E-05 3.310840E-05 2.495130E-05
147 4.064286E+01 5.178571E-01 2.079278E+00 3.361208E-05 3.457565E-05 4.098423E-05 4.685141E-05 4.524085E-05 5.905075E-05 4.501174E-05 3.301475E-05 2.488072E-05
148 4.116071E+01 5.178571E-01 2.079278E+00 3.351639E-05 3.447721E-05 4.086754E-05 4.671802E-05 4.511205E-05 5.888262E-05 4.488359E-05 3.292075E-05 2.480989E-05
149 4.167857E+01 5.178571E-01 2.079278E+00 3.342033E-05 3.437840E-05 4.075042E-05 4.658414E-05 4.498276E-05 5.871388E-05 4.475496E-05 3.282640E-05 2.473878E-05
150 4.219643E+01 5.178571E-01 2.079278E+00 3.332393E-05 3.427923E-05 4.063287E-05 4.644975E-05 4.485300E-05 5.854450E-05 4.462585E-05 3.273171E-05 2.466742E-05
151 4.271429E+01 5.178571E-01 2.079278E+00 3.322716E-05 3.417969E-05 4.051488E-05 4.631487E-05 4.472276E-05 5.837450E-05 4.449627E-05 3.263666E-05 2.459579E-05
152 4.323214E+01 5.178571E-01 2.079278E+00 3.313004E-05 3.407978E-05 4.039646E-05 4.617950E-05 4.459203E-05 5.820388E-05 4.436621E-05 3.254127E-05 2.452390E-05
153 4.375000E+01 5.178571E-01 2.079278E+00 3.303256E-05 3.397952E-05 4.027760E-05 4.604363E-05 4.446084E-05 5.803263E-05 4.423568E-05 3.244553E-05 2.445175E-05
154 4.426786E+01 5.178571E-01 2.079278E+00 3.293474E-05 3.387888E-05 4.015832E-05 4.590727E-05 4.432916E-05 5.786076E-05 4.410467E-05 3.234944E-05 2.437933E-05
155 4.478571E+01 5.178571E-01 2.079278E+00 3.283656E-05 3.377789E-05 4.003861E-05 4.577042E-05 4.419702E-05 5.768828E-05 4.397320E-05 3.225301E-05 2.430666E-05
156 4.530357E+01 5.178571E-01 2.079278E+00 3.273804E-05 3.367655E-05 3.991848E-05 4.563309E-05 4.406441E-05 5.751520E-05 4.384126E-05 3.215623E-05 2.423373E-05
157 4.582143E+01 5.178571E-01 2.079278E+00 3.263917E-05 3.357485E-05 3.979793E-05 4.549529E-05 4.393134E-05 5.734151E-05 4.370886E-05 3.205912E-05 2.416054E-05
158 4.633929E+01 5.178571E-01 2.079278E+00 3.253997E-05 3.347280E-05 3.967697E-05 4.535701E-05 4.379782E-05 5.716722E-05 4.357601E-05 3.196168E-05 2.408711E-05
159 4.685714E+01 5.178571E-01 2.079278E+00 3.244043E-05 3.337040E-05 3.955559E-05 4.521826E-05 4.366384E-05 5.699235E-05 4.344272E-05 3.186391E-05 2.401343E-05
160 4.737500E+01 5.178571E-01 2.079278E+00 3.234056E-05 3.326767E-05 3.943382E-05 4.507905E-05 4.352942E-05 5.681689E-05 4.330898E-05 3.176582E-05 2.393950E-05
161 4.789286E+01 5.178571E-01 2.079278E+00 3.224037E-05 3.316461E-05 3.931165E-05 4.493940E-05 4.339456E-05 5.664087E-05 4.317480E-05 3.166741E-05 2.386534E-05
162 4.841071E+01 5.178571E-01 2.079278E+00 3.213985E-05 3.306121E-05 3.918909E-05 4.479929E-05 4.325927E-05 5.646429E-05 4.304020E-05 3.156868E-05 2.379093E-05
163 4.892857E+01 5.178571E-01 2.079278E+00 3.203903E-05 3.295750E-05 3.906615E-05 4.465875E-05 4.312356E-05 5.628715E-05 4.290518E-05 3.146964E-05 2.371630E-05
164 4.944643E+01 5.178571E-01 2.079278E+00 3.193789E-05 3.285346E-05 3.894284E-05 4.451778E-05 4.298744E-05 5.610947E-05 4.276974E-05 3.137031E-05 2.364143E-05
165 4.996429E+01 5.178571E-01 2.079278E+00 3.183645E-05 3.274911E-05 3.881915E-05 4.437639E-05 4.285091E-05 5.593126E-05 4.263390E-05 3.127067E-05 2.356635E-05
166 5.048214E+01 5.178571E-01 2.079278E+00 3.173472E-05 3.264446E-05 3.869510E-05 4.423458E-05 4.271397E-05 5.575253E-05 4.249766E-05 3.117074E-05 2.349104E-05
167 5.100000E+01 5.178571E-01 2.079278E+00 3.163269E-05 3.253951E-05 3.857070E-05 4.409237E-05 4.257665E-05 5.557329E-05 4.236103E-05 3.107053E-05 2.341552E-05
168 5.151786E+01 5.178571E-01 2.079278E+00 3.153038E-05 3.243427E-05 3.844595E-05 4.394976E-05 4.243894E-05 5.539355E-05 4.222402E-05 3.097004E-05 2.333978E-05
169 5.203571E+01 5.178571E-01 2.079278E+00 3.142779E-05 3.232874E-05 3.832086E-05 4.380676E-05 4.230086E-05 5.521332E-05 4.208664E-05 3.086927E-05 2.326384E-05
170 5.255357E+01 5.178571E-01 2.079278E+00 3.132493E-05 3.222293E-05 3.819544E-05 4.366339E-05 4.216242E-05 5.503261E-05 4.194890E-05 3.076824E-05 2.318770E-05
171 5.307143E+01 5.178571E-01 2.079278E+00 3.122181E-05 3.211685E-05 3.806969E-05 4.351964E-05 4.202361E-05 5.485144E-05 4.181080E-05 3.066695E-05 2.311137E-05
172 5.358929E+01 5.178571E-01 2.079278E+00 3.111842E-05 3.201050E-05 3.794363E-05 4.337553E-05 4.188446E-05 5.466981E-05 4.167235E-05 3.056540E-05 2.303484E-05
173 5.410714E+01 5.178571E-01 2.079278E+00 3.101479E-05 3.190389E-05 3.781726E-05 4.323108E-05 4.174497E-05 5.448773E-05 4.153356E-05 3.046361E-05 2.295812E-05
174 5.462500E+01 5.178571E-01 2.079278E+00 3.091090E-05 3.179703E-05 3.769060E-05 4.308628E-05 4.160514E-05 5.430523E-05 4.139445E-05 3.036157E-05 2.288122E-05
175 5.514286E+01 5.178571E-01 2.079278E+00 3.080678E-05 3.168992E-05 3.756364E-05 4.294114E-05 4.146500E-05 5.412230E-05 4.125501E-05 3.025930E-05 2.280415E-05
176 5.566071E+01 5.178571E-01 2.079278E+00 3.070242E-05 3.158258E-05 3.743639E-05 4.279568E-05 4.132454E-05 5.393897E-05 4.111526E-05 3.015680E-05 2.272690E-05
177 5.617857E+01 5.178571E-01 2.079278E+00 3.059784E-05 3.147500E-05 3.730888E-05 4.264991E-05 4.118378E-05 5.375524E-05 4.097521E-05 3.005407E-05 2.264949E-05
178 5.669643E+01 5.178571E-01 2.079278E+00 3.049304E-05 3.136719E-05 3.718109E-05 4.250383E-05 4.104272E-05 5.357112E-05 4.083487E-05 2.995114E-05 2.257191E-05
179 5.721429E+01 5.178571E-01 2.079278E+00 3.038803E-05 3.125917E-05 3.705304E-05 4.235745E-05 4.090137E-05 5.338663E-05 4.069424E-05 2.984799E-05 2.249418E-05
180 5.773214E+01 5.178571E-01 2.079278E+00 3.028281E-05 3.115093E-05 3.692475E-05 4.221079E-05 4.075975E-05 5.320178E-05 4.055334E-05 2.974464E-05 2.241629E-05
181 5.825000E+01 5.178571E-01 2.079278E+00 3.017739E-05 3.104249E-05 3.679621E-05 4.206385E-05 4.061786E-05 5.301658E-05 4.041216E-05 2.964109E-05 2.233826E-05
182 5.876786E+01 5.178571E-01 2.079278E+00 3.007178E-05 3.093386E-05 3.666743E-05 4.191664E-05 4.047571E-05 5.283103E-05 4.027073E-05 2.953736E-05 2.226008E-05
183 5.928571E+01 5.178571E-01 2.079278E+00 3.060838E-05 3.148584E-05 3.732173E-05 4.266460E-05 4.119796E-05 5.377376E-05 4.098933E-05 3.006443E-05 2.265729E-05
184 5.980357E+01 5.178571E-01 2.079278E+00 3.229984E-05 3.322579E-05 3.938417E-05 4.502230E-05 4.347461E-05 5.674536E-05 4.325445E-05 3.172582E-05 2.390936E-05
185 6.032143E+01 5.178571E-01 2.079278E+00 3.546780E-05 3.648456E-05 4.324696E-05 4.943807E-05 4.773859E-05 6.231093E-05 4.749683E-05 3.483748E-05 2.625438E-05
186 6.083929E+01 5.178571E-01 2.079278E+00 3.965978E-05 4.079671E-05 4.835837E-05 5.528121E-05 5.338087E-05 6.967552E-05 5.311054E-05 3.895496E-05 2.935742E-05
187 6.135714E+01 5.178571E-01 2.079278E+00 4.457743E-05 4.585534E-05 5.435461E-05 6.213586E-05 5.999988E-05 7.831501E-05 5.969603E-05 4.378523E-05 3.299762E-05
188 6.187500E+01 5.178571E-01 2.079278E+00 5.002878E-05 5.146296E-05 6.100160E-05 6.973441E-05 6.733723E-05 8.789210E-05 6.699622E-05 4.913969E-05 3.703288E-05
189 6.239286E+01 5.178571E-01 2.079278E+00 5.589510E-05 5.749746E-05 6.815459E-05 7.791140E-05 7.523312E-05 9.819824E-05 7.485213E-05 5.490176E-05 4.137532E-05
190 6.291071E+01 5.178571E-01 2.079278E+00 6.210814E-05 6.388860E-05 7.573033E-05 8.657166E-05 8.359568E-05 1.091135E-04 8.317233E-05 6.100438E-05 4.597440E-05
191 6.342857E+01 5.178571E-01 2.079278E+00 6.863426E-05 7.060182E-05 8.368783E-05 9.566834E-05 9.237965E-05 1.205788E-04 9.191182E-05 6.741453E-05 5.080525E-05
192 6.394643E+01 5.178571E-01 2.079278E+00 7.546369E-05 7.762702E-05 9.201516E-05 1.051878E-04 1.015718E-04 1.325769E-04 1.010575E-04 7.412258E-05 5.586060E-05
193 6.446429E+01 5.178571E-01 2.079278E+00 8.260300E-05 8.497099E-05 1.007203E-04 1.151392E-04 1.111811E-04 1.451195E-04 1.106181E-04 8.113502E-05 6.114534E-05
194 6.498214E+01 5.178571E-01 2.079278E+00 9.007009E-05 9.265214E-05 1.098252E-04 1.255474E-04 1.212316E-04 1.582379E-04 1.206177E-04 8.846940E-05 6.667272E-05
195 6.550000E+01 5.178571E-01 2.079278E+00 9.789073E-05 1.006970E-04 1.193611E-04 1.364485E-04 1.317580E-04 1.719775E-04 1.310907E-04 9.615106E-05 7.246180E-05
196 6.601786E+01 5.178571E-01 2.079278E+00 1.060963E-04 1.091377E-04 1.293664E-04 1.478861E-04 1.428024E-04 1.863932E-04 1.420792E-04 1.042108E-04 7.853579E-05
197 6.653571E+01 5.178571E-01 2.079278E+00 1.147220E-04 1.180108E-04 1.398840E-04 1.599094E-04 1.544124E-04 2.015472E-04 1.536304E-04 1.126832E-04 8.492087E-05
198 6.705357E+01 5.178571E-01 2.079278E+00 1.238065E-04 1.273556E-04 1.509610E-04 1.725721E-04 1.666398E-04 2.175070E-04 1.657959E-04 1.216062E-04 9.164544E-05
199 6.757143E+01 5.178571E-01 2.079278E+00 1.333903E-04 1.372143E-04 1.626469E-04 1.859309E-04 1.795394E-04 2.343442E-04 1.786301E-04 1.310198E-04 9.873972E-05
200 6.808929E+01 5.178571E-01 2.079278E+00 1.435164E-04 1.476306E-04 1.749939E-04 2.000455E-04 1.931688E-04 2.521341E-04 1.921905E-04 1.409659E-04 1.062354E-04
201 6.860714E+01 5.178571E-01 2.079278E+00 1.542293E-04 1.586507E-04 1.880565E-04 2.149781E-04 2.075880E-04 2.709549E-04 2.065368E-04 1.514884E-04 1.141654E-04
202 6.912500E+01 5.178571E-01 2.079278E+00 1.655753E-04 1.703219E-04 2.018910E-04 2.307931E-04 2.228594E-04 2.908878E-04 2.217308E-04 1.626328E-04 1.225641E-04
203 6.964286E+01 5.178571E-01 2.079278E+00 1.776022E-04 1.826936E-04 2.165557E-04 2.475572E-04 2.390472E-04 3.120170E-04 2.378366E-04 1.744459E-04 1.314667E-04
204 7.016071E+01 5.178571E-01 2.079278E+00 1.903595E-04 1.958165E-04 2.321111E-04 2.653394E-04 2.562181E-04 3.344294E-04 2.549206E-04 1.869765E-04 1.409101E-04
205 7.067857E+01 5.178571E-01 2.079278E+00 2.038982E-04 2.097434E-04 2.486193E-04 2.842109E-04 2.744409E-04 3.582147E-04 2.730510E-04 2.002746E-04 1.509319E-04
206 7.119643E+01 5.178571E-01 2.079278E+00 2.182712E-04 2.245284E-04 2.661446E-04 3.042451E-04 2.937864E-04 3.834655E-04 2.922986E-04 2.143922E-04 1.615712E-04
207 7.171429E+01 5.178571E-01 2.079278E+00 2.335327E-04 2.402274E-04 2.847535E-04 3.255180E-04 3.143280E-04 4.102775E-04 3.127362E-04 2.293825E-04 1.728683E-04
208 7.223214E+01 5.178571E-01 2.079278E+00 2.497388E-04 2.568981E-04 3.045141E-04 3.481075E-04 3.361409E-04 4.387489E-04 3.344386E-04 2.453006E-04 1.848645E-04
209 7.275000E+01 5.178571E-01 2.079278E+00 2.669472E-04 2.745998E-04 3.254967E-04 3.720939E-04 3.593028E-04 4.689810E-04 3.574833E-04 2.622031E-04 1.976027E-04
210 7.326786E+01 5.178571E-01 2.079278E+00 2.852170E-04 2.933933E-04 3.477737E-04 3.975600E-04 3.838935E-04 5.010780E-04 3.819493E-04 2.801482E-04 2.111266E-04
211 7.378571E+01 5.178571E-01 2.079278E+00 3.046090E-04 3.133412E-04 3.714189E-04 4.245902E-04 4.099945E-04 5.351464E-04 4.079182E-04 2.991956E-04 2.254811E-04
212 7.430357E+01 5.178571E-01 2.079278E+00 3.251852E-04 3.345073E-04 3.965081E-04 4.532711E-04 4.376895E-04 5.712954E-04 4.354729E-04 3.194062E-04 2.407123E-04
213 7.482143E+01 5.178571E-01 2.079278E+00 3.470090E-04 3.569568E-04 4.231186E-04 4.836910E-04 4.670636E-04 6.096361E-04 4.646983E-04 3.408421E-04 2.568670E-04
214 7.533929E+01 5.178571E-01 2.079278E+00 3.701447E-04 3.807557E-04 4.513286E-04 5.159395E-04 4.982036E-04 6.502816E-04 4.956806E-04 3.635667E-04 2.739928E-04
215 7.585714E+01 5.178571E-01 2.079278E+00 3.946573E-04 4.059710E-04 4.812176E-04 5.501073E-04 5.311969E-04 6.933462E-04 5.285068E-04 3.876437E-04 2.921378E-04
216 7.637500E+01 5.178571E-01 2.079278E+00 4.206124E-04 4.326702E-04 5.128654E-04 5.862858E-04 5.661316E-04 7.389449E-04 5.632646E-04 4.131375E-04 3.113506E-04
217 7.689286E+01 5.178571E-01 2.079278E+00 4.480755E-04 4.609205E-04 5.463520E-04 6.245661E-04 6.030961E-04 7.871928E-04 6.000419E-04 4.401125E-04 3.316796E-04
218 7.741071E+01 5.178571E-01 2.079278E+00 4.771117E-04 4.907891E-04 5.817567E-04 6.650393E-04 6.421779E-04 8.382045E-04 6.389258E-04 4.686327E-04 3.531731E-04
219 7.792857E+01 5.178571E-01 2.079278E+00 5.077852E-04 5.223420E-04 6.191578E-04 7.077947E-04 6.834635E-04 8.920927E-04 6.800023E-04 4.987611E-04 3.758786E-04
220 7.844643E+01 5.178571E-01 2.079278E+00 5.401587E-04 5.556436E-04 6.586319E-04 7.529197E-04 7.270374E-04 9.489675E-04 7.233555E-04 5.305593E-04 3.998425E-04
221 7.896429E+01 5.178571E-01 2.079278E+00 5.742927E-04 5.907561E-04 7.002525E-04 8.004986E-04 7.729807E-04 1.008935E-03 7.690662E-04 5.640867E-04 4.251096E-04
222 7.948214E+01 5.178571E-01 2.079278E+00 6.102447E-04 6.277387E-04 7.440898E-04 8.506116E-04 8.213710E-04 1.072097E-03 8.172114E-04 5.993997E-04 4.517224E-04
223 8.000000E+01 5.178571E-01 2.079278E+00 6.480682E-04 6.666465E-04 7.902091E-04 9.033332E-04 8.722802E-04 1.138546E-03 8.678628E-04 6.365510E-04 4.797205E-04
224 8.051786E+01 5.178571E-01 2.079278E+00 6.878119E-04 7.075296E-04 8.386699E-04 9.587314E-04 9.257741E-04 1.208369E-03 9.210858E-04 6.755885E-04 5.091401E-04
225 8.103571E+01 5.178571E-01 2.079278E+00 7.295188E-04 7.504321E-04 8.895244E-04 1.016866E-03 9.819104E-04 1.281641E-03 9.769378E-04 7.165542E-04 5.400128E-04
226 8.155357E+01 5.178571E-01 2.079278E+00 7.732247E-04 7.953909E-04 9.428163E-04 1.077787E-03 1.040737E-03 1.358425E-03 1.035467E-03 7.594833E-04 5.723653E-04
227 8.207143E+01 5.178571E-01 2.079278E+00 8.189572E-04 8.424344E-04 9.985792E-04 1.141533E-03 1.102292E-03 1.438769E-03 1.096709E-03 8.044031E-04 6.062179E-04
228 8.258929E+01 5.178571E-01 2.079278E+00 8.667342E-04 8.915810E-04 1.056835E-03 1.208129E-03 1.166598E-03 1.522705E-03 1.160690E-03 8.513310E-04 6.415839E-04
229 8.310714E+01 5.178571E-01 2.079278E+00 9.165626E-04 9.428379E-04 1.117593E-03 1.277584E-03 1.233666E-03 1.610246E-03 1.227418E-03 9.002739E-04 6.784686E-04
230 8.362500E+01 5.178571E-01 2.079278E+00 9.684372E-04 9.961996E-04 1.180845E-03 1.349891E-03 1.303487E-03 1.701380E-03 1.296886E-03 9.512266E-04 7.168677E-04
231 8.414286E+01 5.178571E-01 2.079278E+00 1.022338E-03 1.051646E-03 1.246568E-03 1.425023E-03 1.376037E-03 1.796076E-03 1.369068E-03 1.004170E-03 7.567671E-04
232 8.466071E+01 5.178571E-01 2.079278E+00 1.078232E-03 1.109141E-03 1.314720E-03 1.502932E-03 1.451267E-03 1.894270E-03 1.443918E-03 1.059070E-03 7.981410E-04
233 8.517857E+01 5.178571E-01 2.079278E+00 1.136065E-03 1.168633E-03 1.385238E-03 1.583545E-03 1.529109E-03 1.995874E-03 1.521365E-03 1.115875E-03 8.409509E-04
234 8.569643E+01 5.178571E-01 2.079278E+00 1.195768E-03 1.230047E-03 1.458036E-03 1.666764E-03 1.609467E-03 2.100762E-03 1.601317E-03 1.174517E-03 8.851450E-04
235 8.621429E+01 5.178571E-01 2.079278E+00 1.257251E-03 1.293293E-03 1.533004E-03 1.752464E-03 1.692222E-03 2.208777E-03 1.683652E-03 1.234907E-03 9.306566E-04
236 8.673214E+01 5.178571E-01 2.079278E+00 1.320402E-03 1.358254E-03 1.610006E-03 1.840490E-03 1.777222E-03 2.319723E-03 1.768221E-03 1.296937E-03 9.774033E-04
237 8.725000E+01 5.178571E-01 2.079278E+00 1.385089E-03 1.424796E-03 1.688881E-03 1.930656E-03 1.864288E-03 2.433367E-03 1.854847E-03 1.360474E-03 1.025287E-03
238 8.776786E+01 5.178571E-01 2.079278E+00 1.451154E-03 1.492755E-03 1.769436E-03 2.022744E-03 1.953210E-03 2.549433E-03 1.943319E-03 1.425365E-03 1.074190E-03
239 8.828571E+01 5.178571E-01 2.079278E+00 1.518418E-03 1.561947E-03 1.851453E-03 2.116502E-03 2.043745E-03 2.667604E-03 2.033395E-03 1.491433E-03 1.123981E-03
240 8.880357E+01 5.178571E-01 2.079278E+00 1.586675E-03 1.632160E-03 1.934680E-03 2.211644E-03 2.135616E-03 2.787519E-03 2.124801E-03 1.558477E-03 1.174507E-03
241 8.932143E+01 5.178571E-01 2.079278E+00 1.655696E-03 1.703160E-03 2.018840E-03 2.307851E-03 2.228516E-03 2.908777E-03 2.217231E-03 1.626271E-03 1.225598E-03
242 8.983929E+01 5.178571E-01 2.079278E+00 1.725228E-03 1.774685E-03 2.103622E-03 2.404771E-03 2.322104E-03 3.030933E-03 2.310345E-03 1.694568E-03 1.277068E-03
243 9.035714E+01 5.178571E-01 2.079278E+00 1.794994E-03 1.846452E-03 2.188691E-03 2.502017E-03 2.416008E-03 3.153501E-03 2.403773E-03 1.763094E-03 1.328711E-03
244 9.087500E+01 5.178571E-01 2.079278E+00 1.864697E-03 1.918153E-03 2.273682E-03 2.599176E-03 2.509826E-03 3.275958E-03 2.497116E-03 1.831559E-03 1.380308E-03
245 9.139286E+01 5.178571E-01 2.079278E+00 1.934018E-03 1.989461E-03 2.358207E-03 2.695801E-03 2.603130E-03 3.397743E-03 2.589947E-03 1.899648E-03 1.431621E-03
246 9.191071E+01 5.178571E-01 2.079278E+00 2.002621E-03 2.060030E-03 2.441856E-03 2.791425E-03 2.695467E-03 3.518266E-03 2.681817E-03 1.967031E-03 1.482403E-03
247 9.242857E+01 5.178571E-01 2.079278E+00 2.070153E-03 2.129499E-03 2.524200E-03 2.885557E-03 2.786364E-03 3.636909E-03 2.772253E-03 2.033363E-03 1.532393E-03
248 9.294643E+01 5.178571E-01 2.079278E+00 2.136252E-03 2.197492E-03 2.604796E-03 2.977691E-03 2.875330E-03 3.753033E-03 2.860769E-03 2.098287E-03 1.581321E-03
249 9.346429E+01 5.178571E-01 2.079278E+00 2.200545E-03 2.263628E-03 2.683191E-03 3.067309E-03 2.961867E-03 3.865985E-03 2.946868E-03 2.161438E-03 1.628913E-03
250 9.398214E+01 5.178571E-01 2.079278E+00 2.262657E-03 2.327521E-03 2.758926E-03 3.153886E-03 3.045468E-03 3.975105E-03 3.030045E-03 2.222446E-03 1.674890E-03
251 9.450000E+01 5.178571E-01 2.079278E+00 2.322212E-03 2.388783E-03 2.831543E-03 3.236898E-03 3.125627E-03 4.079733E-03 3.109798E-03 2.280942E-03 1.718974E-03
252 9.501786E+01 5.178571E-01 2.079278E+00 2.378839E-03 2.447034E-03 2.900590E-03 3.315831E-03 3.201846E-03 4.179218E-03 3.185631E-03 2.336564E-03 1.760892E-03
253 9.553571E+01 5.178571E-01 2.079278E+00 2.432179E-03 2.501903E-03 2.965629E-03 3.390180E-03 3.273640E-03 4.272927E-03 3.257061E-03 2.388955E-03 1.800376E-03
254 9.605357E+01 5.178571E-01 2.079278E+00 2.481886E-03 2.553034E-03 3.026238E-03 3.459466E-03 3.340543E-03 4.360253E-03 3.323626E-03 2.437779E-03 1.837170E-03
255 9.657143E+01 5.178571E-01 2.079278E+00 2.527633E-03 2.600094E-03 3.082020E-03 3.523233E-03 3.402118E-03 4.440624E-03 3.384889E-03 2.482713E-03 1.871034E-03
256 9.708929E+01 5.178571E-01 2.079278E+00 2.569121E-03 2.642771E-03 3.132607E-03 3.581062E-03 3.457960E-03 4.513512E-03 3.440448E-03 2.523464E-03 1.901745E-03
257 9.760714E+01 5.178571E-01 2.079278E+00 2.606077E-03 2.680786E-03 3.177669E-03 3.632575E-03 3.507702E-03 4.578437E-03 3.489938E-03 2.559764E-03 1.929101E-03
258 9.812500E+01 5.178571E-01 2.079278E+00 2.638263E-03 2.713894E-03 3.216914E-03 3.677438E-03 3.551022E-03 4.634982E-03 3.533039E-03 2.591377E-03 1.952925E-03
259 9.864286E+01 5.178571E-01 2.079278E+00 2.665475E-03 2.741887E-03 3.250094E-03 3.715369E-03 3.587649E-03 4.682789E-03 3.569481E-03 2.618106E-03 1.973069E-03
260 9.916071E+01 5.178571E-01 2.079278E+00 2.687551E-03 2.764596E-03 3.277013E-03 3.746140E-03 3.617363E-03 4.721573E-03 3.599044E-03 2.639789E-03 1.989410E-03
261 9.967857E+01 5.178571E-01 2.079278E+00 2.704370E-03 2.781897E-03 3.297520E-03 3.769584E-03 3.640001E-03 4.751121E-03 3.621567E-03 2.656309E-03 2.001860E-03
262 1.001964E+02 5.178571E-01 2.079278E+00 2.715854E-03 2.793710E-03 3.311522E-03 3.785590E-03 3.655457E-03 4.771296E-03 3.636945E-03 2.667589E-03 2.010360E-03
263 1.007143E+02 5.178571E-01 2.079278E+00 2.721967E-03 2.799998E-03 3.318977E-03 3.794112E-03 3.663686E-03 4.782036E-03 3.645132E-03 2.673594E-03 2.014886E-03
264 1.012321E+02 5.178571E-01 2.079278E+00 2.722721E-03 2.800774E-03 3.319896E-03 3.795162E-03 3.664700E-03 4.783360E-03 3.646141E-03 2.674334E-03 2.015444E-03
265 1.017500E+02 5.178571E-01 2.079278E+00 2.718167E-03 2.796089E-03 3.314343E-03 3.788815E-03 3.658570E-03 4.775359E-03 3.640043E-03 2.669861E-03 2.012073E-03
266 1.022679E+02 5.178571E-01 2.079278E+00 2.708399E-03 2.786041E-03 3.302433E-03 3.775200E-03 3.645423E-03 4.758199E-03 3.626962E-03 2.660267E-03 2.004842E-03
267 1.027857E+02 5.178571E-01 2.079278E+00 2.693551E-03 2.770768E-03 3.284328E-03 3.754503E-03 3.625439E-03 4.732114E-03 3.607079E-03 2.645683E-03 1.993851E-03
268 1.033036E+02 5.178571E-01 2.079278E+00 2.673793E-03 2.750443E-03 3.260237E-03 3.726963E-03 3.598845E-03 4.697402E-03 3.580620E-03 2.626276E-03 1.979226E-03
269 1.038214E+02 5.178571E-01 2.079278E+00 2.649328E-03 2.725277E-03 3.230406E-03 3.692861E-03 3.565915E-03 4.654421E-03 3.547857E-03 2.602245E-03 1.961116E-03
270 1.043393E+02 5.178571E-01 2.079278E+00 2.620388E-03 2.695507E-03 3.195119E-03 3.652523E-03 3.526964E-03 4.603579E-03 3.509102E-03 2.573820E-03 1.939694E-03
271 1.048571E+02 5.178571E-01 2.079278E+00 2.587232E-03 2.661401E-03 3.154691E-03 3.606307E-03 3.482337E-03 4.545330E-03 3.464702E-03 2.541253E-03 1.915151E-03
272 1.053750E+02 5.178571E-01 2.079278E+00 2.550140E-03 2.623246E-03 3.109463E-03 3.554605E-03 3.432412E-03 4.480165E-03 3.415030E-03 2.504821E-03 1.887694E-03
273 1.058929E+02 5.178571E-01 2.079278E+00 2.509409E-03 2.581347E-03 3.059798E-03 3.497830E-03 3.377589E-03 4.408607E-03 3.360484E-03 2.464813E-03 1.857544E-03
274 1.064107E+02 5.178571E-01 2.079278E+00 2.465348E-03 2.536023E-03 3.006073E-03 3.436414E-03 3.318284E-03 4.331200E-03 3.301480E-03 2.421535E-03 1.824928E-03
275 1.069286E+02 5.178571E-01 2.079278E+00 2.418276E-03 2.487602E-03 2.948678E-03 3.370802E-03 3.254927E-03 4.248503E-03 3.238444E-03 2.375300E-03 1.790084E-03
276 1.074464E+02 5.178571E-01 2.079278E+00 2.368517E-03 2.436416E-03 2.888005E-03 3.301443E-03 3.187953E-03 4.161084E-03 3.171808E-03 2.326425E-03 1.753251E-03
277 1.079643E+02 5.178571E-01 2.079278E+00 2.316395E-03 2.382799E-03 2.824450E-03 3.228790E-03 3.117798E-03 4.069514E-03 3.102008E-03 2.275229E-03 1.714668E-03
278 1.084821E+02 5.178571E-01 2.079278E+00 2.262231E-03 2.327083E-03 2.758407E-03 3.153292E-03 3.044895E-03 3.974357E-03 3.029475E-03 2.222028E-03 1.674575E-03
279 1.090000E+02 5.178571E-01 2.079278E+00 2.206342E-03 2.269592E-03 2.690260E-03 3.075389E-03 2.969670E-03 3.876170E-03 2.954631E-03 2.167132E-03 1.633204E-03
280 1.095179E+02 5.178571E-01 2.079278E+00 2.149035E-03 2.210642E-03 2.620384E-03 2.995510E-03 2.892537E-03 3.775492E-03 2.877888E-03 2.110844E-03 1.590784E-03
281 1.100357E+02 5.178571E-01 2.079278E+00 2.090608E-03 2.150540E-03 2.549141E-03 2.914069E-03 2.813895E-03 3.672844E-03 2.799645E-03 2.053455E-03 1.547534E-03
282 1.105536E+02 5.178571E-01 2.079278E+00 2.031343E-03 2.089576E-03 2.476878E-03 2.831461E-03 2.734126E-03 3.568726E-03 2.720280E-03 1.995243E-03 1.503664E-03
283 1.110714E+02 5.178571E-01 2.079278E+00 1.971510E-03 2.028028E-03 2.403922E-03 2.748060E-03 2.653593E-03 3.463610E-03 2.640155E-03 1.936473E-03 1.459374E-03
284 1.115893E+02 5.178571E-01 2.079278E+00 1.911362E-03 1.966155E-03 2.330581E-03 2.664221E-03 2.572636E-03 3.357940E-03 2.559607E-03 1.877394E-03 1.414850E-03
285 1.121071E+02 5.178571E-01 2.079278E+00 1.851135E-03 1.904202E-03 2.257145E-03 2.580271E-03 2.491572E-03 3.252131E-03 2.478954E-03 1.818237E-03 1.370268E-03
286 1.126250E+02 5.178571E-01 2.079278E+00 1.791047E-03 1.842391E-03 2.183878E-03 2.496516E-03 2.410695E-03 3.146567E-03 2.398487E-03 1.759217E-03 1.325789E-03
287 1.131429E+02 5.178571E-01 2.079278E+00 1.731299E-03 1.780931E-03 2.111026E-03 2.413234E-03 2.330277E-03 3.041600E-03 2.318476E-03 1.700532E-03 1.281562E-03
288 1.136607E+02 5.178571E-01 2.079278E+00 1.672074E-03 1.720008E-03 2.038810E-03 2.330681E-03 2.250561E-03 2.937551E-03 2.239164E-03 1.642359E-03 1.237722E-03
289 1.141786E+02 5.178571E-01 2.079278E+00 1.613535E-03 1.659791E-03 1.967432E-03 2.249084E-03 2.171770E-03 2.834709E-03 2.160772E-03 1.584860E-03 1.194390E-03
290 1.146964E+02 5.178571E-01 2.079278E+00 1.555830E-03 1.600432E-03 1.897071E-03 2.168650E-03 2.094101E-03 2.733331E-03 2.083496E-03 1.528181E-03 1.151675E-03
291 1.152143E+02 5.178571E-01 2.079278E+00 1.499089E-03 1.542064E-03 1.827884E-03 2.089559E-03 2.017728E-03 2.633646E-03 2.007510E-03 1.472448E-03 1.109673E-03
292 1.157321E+02 5.178571E-01 2.079278E+00 1.443424E-03 1.484803E-03 1.760010E-03 2.011969E-03 1.942805E-03 2.535852E-03 1.932966E-03 1.417772E-03 1.068468E-03
293 1.162500E+02 5.178571E-01 2.079278E+00 1.388933E-03 1.428750E-03 1.693568E-03 1.936015E-03 1.869462E-03 2.440121E-03 1.859995E-03 1.364250E-03 1.028132E-03
294 1.167679E+02 5.178571E-01 2.079278E+00 1.335699E-03 1.373990E-03 1.628659E-03 1.861813E-03 1.797811E-03 2.346598E-03 1.788707E-03 1.311962E-03 9.887267E-04
295 1.172857E+02 5.178571E-01 2.079278E+00 1.283791E-03 1.320594E-03 1.565365E-03 1.789458E-03 1.727944E-03 2.255404E-03 1.719193E-03 1.260976E-03 9.503026E-04
296 1.178036E+02 5.178571E-01 2.079278E+00 1.233264E-03 1.268618E-03 1.503756E-03 1.719029E-03 1.659936E-03 2.166636E-03 1.651530E-03 1.211347E-03 9.129008E-04
297 1.183214E+02 5.178571E-01 2.079278E+00 1.184162E-03 1.218108E-03 1.443884E-03 1.650586E-03 1.593846E-03 2.080372E-03 1.585774E-03 1.163117E-03 8.765538E-04
298 1.188393E+02 5.178571E-01 2.079278E+00 1.136517E-03 1.169098E-03 1.385789E-03 1.584175E-03 1.529717E-03 1.996668E-03 1.521971E-03 1.116319E-03 8.412856E-04
299 1.193571E+02 5.178571E-01 2.079278E+00 1.090352E-03 1.121609E-03 1.329499E-03 1.519826E-03 1.467581E-03 1.915564E-03 1.460149E-03 1.070975E-03 8.071128E-04
300 1.198750E+02 5.178571E-01 2.079278E+00 1.045680E-03 1.075657E-03 1.275029E-03 1.457559E-03 1.407454E-03 1.837083E-03 1.400326E-03 1.027097E-03 7.740453E-04
301 1.203929E+02 5.178571E-01 2.079278E+00 1.002506E-03 1.031245E-03 1.222386E-03 1.397379E-03 1.349343E-03 1.761234E-03 1.342510E-03 9.846901E-04 7.420866E-04
302 1.209107E+02 5.178571E-01 2.079278E+00 9.608279E-04 9.883721E-04 1.171566E-03 1.339285E-03 1.293245E-03 1.688012E-03 1.286696E-03 9.437525E-04 7.112351E-04
303 1.214286E+02 5.178571E-01 2.079278E+00 9.206364E-04 9.470284E-04 1.122560E-03 1.283262E-03 1.239149E-03 1.617402E-03 1.232874E-03 9.042753E-04 6.814841E-04
304 1.219464E+02 5.178571E-01 2.079278E+00 8.819169E-04 9.071990E-04 1.075348E-03 1.229292E-03 1.187034E-03 1.549379E-03 1.181022E-03 8.662439E-04 6.528227E-04
305 1.224643E+02 5.178571E-01 2.079278E+00 8.446497E-04 8.688634E-04 1.029907E-03 1.177345E-03 1.136873E-03 1.483907E-03 1.131116E-03 8.296390E-04 6.252363E-04
306 1.229821E+02 5.178571E-01 2.079278E+00 8.088108E-04 8.319971E-04 9.862074E-04 1.127390E-03 1.088635E-03 1.420944E-03 1.083122E-03 7.944370E-04 5.987072E-04
307 1.235000E+02 5.178571E-01 2.079278E+00 7.743725E-04 7.965716E-04 9.442158E-04 1.079387E-03 1.042282E-03 1.360441E-03 1.037004E-03 7.606107E-04 5.732149E-04
308 1.240179E+02 5.178571E-01 2.079278E+00 7.413040E-04 7.625551E-04 9.038943E-04 1.033293E-03 9.977728E-04 1.302346E-03 9.927199E-04 7.281299E-04 5.487366E-04
309 1.245357E+02 5.178571E-01 2.079278E+00 7.095719E-04 7.299134E-04 8.652025E-04 9.890624E-04 9.550624E-04 1.246598E-03 9.502258E-04 6.969618E-04 5.252475E-04
310 1.250536E+02 5.178571E-01 2.079278E+00 6.791409E-04 6.986100E-04 8.280971E-04 9.466451E-04 9.141032E-04 1.193136E-03 9.094740E-04 6.670716E-04 5.027215E-04
311 1.255714E+02 5.178571E-01 2.079278E+00 6.499740E-04 6.686069E-04 7.925329E-04 9.059897E-04 8.748454E-04 1.141894E-03 8.704150E-04 6.384230E-04 4.811312E-04
312 1.260893E+02 5.178571E-01 2.079278E+00 6.220328E-04 6.398648E-04 7.584634E-04 8.670429E-04 8.372375E-04 1.092807E-03 8.329975E-04 6.109784E-04 4.604483E-04
313 1.266071E+02 5.178571E-01 2.079278E+00 5.952784E-04 6.123434E-04 7.258410E-04 8.297503E-04 8.012268E-04 1.045803E-03 7.971692E-04 5.846994E-04 4.406438E-04
314 1.271250E+02 5.178571E-01 2.079278E+00 5.696710E-04 5.860019E-04 6.946171E-04 7.940565E-04 7.667600E-04 1.000816E-03 7.628770E-04 5.595471E-04 4.216884E-04
315 1.276429E+02 5.178571E-01 2.079278E+00 5.451708E-04 5.607993E-04 6.647432E-04 7.599060E-04 7.337835E-04 9.577729E-04 7.300674E-04 5.354823E-04 4.035526E-04
316 1.281607E+02 5.178571E-01 2.079278E+00 5.217378E-04 5.366945E-04 6.361706E-04 7.272430E-04 7.022433E-04 9.166051E-04 6.986870E-04 5.124657E-04 3.862067E-04
317 1.286786E+02 5.178571E-01 2.079278E+00 4.993322E-04 5.136467E-04 6.088509E-04 6.960122E-04 6.720862E-04 8.772423E-04 6.686826E-04 4.904584E-04 3.696215E-04
318 1.291964E+02 5.178571E-01 2.079278E+00 4.779148E-04 4.916153E-04 5.827360E-04 6.661588E-04 6.432589E-04 8.396155E-04 6.400014E-04 4.694215E-04 3.537676E-04
319 1.297143E+02 5.178571E-01 2.079278E+00 4.574467E-04 4.705604E-04 5.577786E-04 6.376285E-04 6.157094E-04 8.036565E-04 6.125914E-04 4.493172E-04 3.386164E-04
320 1.302321E+02 5.178571E-01 2.079278E+00 4.378897E-04 4.504427E-04 5.339321E-04 6.103683E-04 5.893863E-04 7.692981E-04 5.864015E-04 4.301077E-04 3.241397E-04
321 1.307500E+02 5.178571E-01 2.079278E+00 4.192064E-04 4.312239E-04 5.111510E-04 5.843259E-04 5.642392E-04 7.364747E-04 5.613817E-04 4.117565E-04 3.103098E-04
322 1.312679E+02 5.178571E-01 2.079278E+00 4.013603E-04 4.128662E-04 4.893908E-04 5.594506E-04 5.402189E-04 7.051223E-04 5.374832E-04 3.942276E-04 2.970996E-04
323 1.317857E+02 5.178571E-01 2.079278E+00 3.843160E-04 3.953332E-04 4.686081E-04 5.356927E-04 5.172777E-04 6.751782E-04 5.146581E-04 3.774861E-04 2.844828E-04
324 1.323036E+02 5.178571E-01 2.079278E+00 3.680387E-04 3.785893E-04 4.487607E-04 5.130040E-04 4.953690E-04 6.465818E-04 4.928604E-04 3.614981E-04 2.724339E-04
325 1.328214E+02 5.178571E-01 2.079278E+00 3.524950E-04 3.626001E-04 4.298079E-04 4.913379E-04 4.744477E-04 6.192742E-04 4.720450E-04 3.462307E-04 2.609279E-04
326 1.333393E+02 5.178571E-01 2.079278E+00 3.376526E-04 3.473321E-04 4.117100E-04 4.706492E-04 4.544702E-04 5.931984E-04 4.521686E-04 3.316520E-04 2.499411E-04
327 1.338571E+02 5.178571E-01 2.079278E+00 3.234799E-04 3.327532E-04 3.944288E-04 4.508941E-04 4.353942E-04 5.682995E-04 4.331893E-04 3.177312E-04 2.394500E-04
328 1.343750E+02 5.178571E-01 2.079278E+00 3.099469E-04 3.188322E-04 3.779276E-04 4.320307E-04 4.171792E-04 5.445243E-04 4.150665E-04 3.044387E-04 2.294325E-04
329 1.348929E+02 5.178571E-01 2.079278E+00 2.970245E-04 3.055393E-04 3.621709E-04 4.140183E-04 3.997860E-04 5.218218E-04 3.977614E-04 2.917459E-04 2.198669E-04
330 1.354107E+02 5.178571E-01 2.079278E+00 2.846846E-04 2.928457E-04 3.471245E-04 3.968179E-04 3.831769E-04 5.001427E-04 3.812364E-04 2.796253E-04 2.107325E-04
331 1.359286E+02 5.178571E-01 2.079278E+00 2.729004E-04 2.807237E-04 3.327557E-04 3.803921E-04 3.673158E-04 4.794399E-04 3.654556E-04 2.680506E-04 2.020095E-04
332 1.364464E+02 5.178571E-01 2.079278E+00 2.616462E-04 2.691469E-04 3.190331E-04 3.647050E-04 3.521679E-04 4.596681E-04 3.503845E-04 2.569964E-04 1.936788E-04
333 1.369643E+02 5.178571E-01 2.079278E+00 2.508972E-04 2.580897E-04 3.059266E-04 3.497221E-04 3.377001E-04 4.407840E-04 3.359899E-04 2.464384E-04 1.857220E-04
334 1.374821E+02 5.178571E-01 2.079278E+00 2.406298E-04 2.475280E-04 2.934072E-04 3.354106E-04 3.238805E-04 4.227459E-04 3.222403E-04 2.363535E-04 1.781218E-04
335 1.380000E+02 5.178571E-01 2.079278E+00 2.308214E-04 2.374384E-04 2.814475E-04 3.217388E-04 3.106787E-04 4.055142E-04 3.091053E-04 2.267194E-04 1.708613E-04
336 1.385179E+02 5.178571E-01 2.079278E+00 2.214504E-04 2.277987E-04 2.700211E-04 3.086766E-04 2.980655E-04 3.890508E-04 2.965561E-04 2.175149E-04 1.639245E-04
337 1.390357E+02 5.178571E-01 2.079278E+00 2.124960E-04 2.185877E-04 2.591028E-04 2.961952E-04 2.860132E-04 3.733196E-04 2.845648E-04 2.087196E-04 1.572962E-04
338 1.395536E+02 5.178571E-01 2.079278E+00 2.039387E-04 2.097850E-04 2.486686E-04 2.842673E-04 2.744953E-04 3.582858E-04 2.731052E-04 2.003144E-04 1.509618E-04
339 1.400714E+02 5.178571E-01 2.079278E+00 1.957595E-04 2.013714E-04 2.386955E-04 2.728665E-04 2.634864E-04 3.439164E-04 2.621521E-04 1.922806E-04 1.449074E-04
