0 -3.548214E+01 5.178571E-01 0.000000E+00 0.000000E+00 0.000000E+00 0.000000E+00 0.000000E+00 1.925303E-07 0.000000E+00 0.000000E+00 0.000000E+00 0.000000E+00
1 -3.496429E+01 5.178571E-01 9.233017E-01 2.752768E-11 2.829739E-11 3.343861E-11 3.796220E-11 3.378914E-07 4.668504E-11 3.477617E-11 2.479270E-11 1.847458E-11
2 -3.444643E+01 5.178571E-01 2.350061E+00 1.984607E-10 2.040136E-10 2.410999E-10 2.737669E-10 4.478446E-07 3.368967E-10 2.511136E-10 1.791581E-10 1.335323E-10
3 -3.392857E+01 5.178571E-01 3.014563E+00 6.832548E-10 7.023813E-10 8.301113E-10 9.427080E-10 5.313677E-07 1.160641E-09 8.654896E-10 6.178127E-10 4.605499E-10
4 -3.341071E+01 5.178571E-01 4.446050E+00 1.636827E-09 1.682667E-09 1.988766E-09 2.258783E-09 5.952647E-07 2.782110E-09 2.075413E-09 1.482174E-09 1.105045E-09
5 -3.289286E+01 5.178571E-01 1.137218E+01 3.294427E-09 3.386719E-09 4.002979E-09 4.546902E-09 6.448231E-07 5.602271E-09 4.180538E-09 2.986706E-09 2.227019E-09
6 -3.237500E+01 5.178571E-01 1.711798E+01 6.207442E-09 6.381385E-09 7.542803E-09 8.568319E-09 6.845251E-07 1.055975E-08 7.881761E-09 5.632553E-09 4.200239E-09
7 -3.185714E+01 5.178571E-01 1.768037E+01 1.128917E-08 1.160558E-08 1.371812E-08 1.558405E-08 7.184106E-07 1.920968E-08 1.434054E-08 1.025035E-08 7.644251E-09
8 -3.133929E+01 5.178571E-01 1.381083E+01 1.966868E-08 2.022004E-08 2.390119E-08 2.715357E-08 7.501106E-07 3.347684E-08 2.499551E-08 1.786986E-08 1.332736E-08
9 -3.082143E+01 5.178571E-01 7.707340E+00 3.230072E-08 3.320638E-08 3.925283E-08 4.459689E-08 7.825022E-07 5.499411E-08 4.106963E-08 2.936868E-08 2.190479E-08
10 -3.030357E+01 5.178571E-01 5.462810E+00 4.952573E-08 5.091473E-08 6.018769E-08 6.838718E-08 8.172544E-07 8.435399E-08 6.301163E-08 4.507301E-08 3.362108E-08
11 -2.978571E+01 5.178571E-01 5.901385E+00 7.148113E-08 7.348654E-08 8.687388E-08 9.871762E-08 8.554692E-07 1.218044E-07 9.101344E-08 6.512590E-08 4.858423E-08
12 -2.926786E+01 5.178571E-01 6.191562E+00 9.872373E-08 1.014944E-07 1.199889E-07 1.363598E-07 8.985792E-07 1.683052E-07 1.257974E-07 9.004873E-08 6.718424E-08
13 -2.875000E+01 5.178571E-01 6.357139E+00 1.323021E-07 1.360162E-07 1.608078E-07 1.827641E-07 9.484992E-07 2.256520E-07 1.687098E-07 1.208087E-07 9.014344E-08
14 -2.823214E+01 5.178571E-01 5.472308E+00 1.735793E-07 1.784537E-07 2.109881E-07 2.398156E-07 1.007434E-06 2.961784E-07 2.214993E-07 1.586612E-07 1.183995E-07
15 -2.771429E+01 5.178571E-01 4.052109E+00 2.236352E-07 2.299171E-07 2.718433E-07 3.090095E-07 1.077119E-06 3.817407E-07 2.855610E-07 2.046116E-07 1.527038E-07
16 -2.719643E+01 5.178571E-01 3.934342E+00 2.829790E-07 2.909300E-07 3.439939E-07 3.910544E-07 1.158460E-06 4.832285E-07 3.615702E-07 2.591521E-07 1.934258E-07
17 -2.667857E+01 5.178571E-01 4.421834E+00 3.524131E-07 3.623178E-07 4.284168E-07 4.870637E-07 1.252700E-06 6.020300E-07 4.505741E-07 3.230406E-07 2.411326E-07
18 -2.616071E+01 5.178571E-01 5.351276E+00 4.338572E-07 4.460540E-07 5.274461E-07 5.996920E-07 1.362516E-06 7.414311E-07 5.550350E-07 3.980452E-07 2.971449E-07
19 -2.564286E+01 5.178571E-01 6.211053E+00 5.309599E-07 5.458898E-07 6.455169E-07 7.339806E-07 1.492851E-06 9.076591E-07 6.796111E-07 4.875033E-07 3.639531E-07
20 -2.512500E+01 5.178571E-01 5.659375E+00 6.488194E-07 6.670667E-07 7.888264E-07 8.969739E-07 1.650547E-06 1.109416E-06 8.308112E-07 5.960781E-07 4.450376E-07
21 -2.460714E+01 5.178571E-01 4.718651E+00 7.920792E-07 8.143586E-07 9.630204E-07 1.095093E-06 1.841830E-06 1.354647E-06 1.014589E-06 7.280441E-07 5.435901E-07
22 -2.408929E+01 5.178571E-01 3.404798E+00 9.635520E-07 9.906580E-07 1.171522E-06 1.332236E-06 2.070497E-06 1.648206E-06 1.234599E-06 8.860406E-07 6.615853E-07
23 -2.357143E+01 5.178571E-01 2.299712E+00 1.163153E-06 1.195879E-06 1.414235E-06 1.608308E-06 2.336497E-06 1.990030E-06 1.490835E-06 1.070097E-06 7.990533E-07
24 -2.305357E+01 5.178571E-01 2.250132E+00 1.388688E-06 1.427766E-06 1.688498E-06 1.920298E-06 2.636974E-06 2.376468E-06 1.780611E-06 1.278329E-06 9.545958E-07
25 -2.253571E+01 5.178571E-01 2.355800E+00 1.638819E-06 1.684945E-06 1.992691E-06 2.266377E-06 2.970198E-06 2.805312E-06 2.102311E-06 1.509609E-06 1.127378E-06
26 -2.201786E+01 5.178571E-01 2.740878E+00 1.914248E-06 1.968138E-06 2.327670E-06 2.647524E-06 3.337130E-06 3.277803E-06 2.456887E-06 1.764636E-06 1.317928E-06
27 -2.150000E+01 5.178571E-01 3.061839E+00 2.218403E-06 2.280870E-06 2.697605E-06 3.068484E-06 3.742342E-06 3.799817E-06 2.848742E-06 2.046576E-06 1.528609E-06
28 -2.098214E+01 5.178571E-01 3.194030E+00 2.556940E-06 2.628955E-06 3.109371E-06 3.537073E-06 4.193355E-06 4.381017E-06 3.285112E-06 2.360617E-06 1.763294E-06
29 -2.046429E+01 5.178571E-01 3.252157E+00 2.936668E-06 3.019394E-06 3.571247E-06 4.062704E-06 4.699224E-06 5.033047E-06 3.774714E-06 2.713014E-06 2.026654E-06
30 -1.994643E+01 5.178571E-01 3.366430E+00 3.365218E-06 3.460033E-06 4.092511E-06 4.655929E-06 5.270098E-06 5.768963E-06 4.327333E-06 3.110790E-06 2.323931E-06
31 -1.942857E+01 5.178571E-01 3.398992E+00 3.851379E-06 3.959908E-06 4.683850E-06 5.328904E-06 5.917666E-06 6.603813E-06 4.954244E-06 3.562043E-06 2.661176E-06
32 -1.891071E+01 5.178571E-01 3.354808E+00 4.404765E-06 4.528904E-06 5.356955E-06 6.094927E-06 6.654721E-06 7.554069E-06 5.667801E-06 4.075649E-06 3.045017E-06
33 -1.839286E+01 5.178571E-01 3.274453E+00 5.035312E-06 5.177238E-06 6.123911E-06 6.967750E-06 7.494491E-06 8.636781E-06 6.480800E-06 4.660816E-06 3.482334E-06
34 -1.787500E+01 5.178571E-01 3.198319E+00 5.753127E-06 5.915300E-06 6.997011E-06 7.961364E-06 8.450437E-06 9.869312E-06 7.406283E-06 5.326932E-06 3.980146E-06
35 -1.735714E+01 5.178571E-01 3.083237E+00 6.568547E-06 6.753721E-06 7.988833E-06 9.090089E-06 9.536339E-06 1.126945E-05 8.457618E-06 6.083634E-06 4.545657E-06
36 -1.683929E+01 5.178571E-01 2.922678E+00 7.491708E-06 7.702922E-06 9.111708E-06 1.036797E-05 1.076571E-05 1.285464E-05 9.647949E-06 6.940406E-06 5.185959E-06
37 -1.632143E+01 5.178571E-01 2.755025E+00 8.531903E-06 8.772461E-06 1.037695E-05 1.180789E-05 1.215097E-05 1.464096E-05 1.098938E-05 7.906002E-06 5.907605E-06
38 -1.580357E+01 5.178571E-01 2.578623E+00 9.697296E-06 9.970733E-06 1.179449E-05 1.342118E-05 1.370304E-05 1.664257E-05 1.249261E-05 8.988177E-06 6.716404E-06
39 -1.528571E+01 5.178571E-01 2.437765E+00 1.099485E-05 1.130490E-05 1.337282E-05 1.521754E-05 1.543125E-05 1.887158E-05 1.416682E-05 1.019362E-05 7.617368E-06
40 -1.476786E+01 5.178571E-01 2.337497E+00 1.243097E-05 1.278155E-05 1.511975E-05 1.720586E-05 1.734421E-05 2.133919E-05 1.602053E-05 1.152852E-05 8.615146E-06
41 -1.425000E+01 5.178571E-01 2.217272E+00 1.401206E-05 1.440727E-05 1.704308E-05 1.939507E-05 1.945051E-05 2.405660E-05 1.806222E-05 1.299908E-05 9.714388E-06
42 -1.373214E+01 5.178571E-01 2.079278E+00 1.574382E-05 1.618791E-05 1.914975E-05 2.179311E-05 2.175781E-05 2.703380E-05 2.029949E-05 1.461086E-05 1.091927E-05
43 -1.321429E+01 5.178571E-01 2.079278E+00 1.763146E-05 1.812886E-05 2.144613E-05 2.440724E-05 2.427316E-05 3.027998E-05 2.273937E-05 1.636900E-05 1.223365E-05
44 -1.269643E+01 5.178571E-01 2.079278E+00 1.968299E-05 2.023834E-05 2.394196E-05 2.724859E-05 2.700725E-05 3.380904E-05 2.539237E-05 1.828114E-05 1.366326E-05
45 -1.217857E+01 5.178571E-01 2.079278E+00 2.190951E-05 2.252775E-05 2.665075E-05 3.033256E-05 2.997492E-05 3.764016E-05 2.827294E-05 2.035772E-05 1.521591E-05
46 -1.166071E+01 5.178571E-01 2.079278E+00 2.432467E-05 2.501115E-05 2.958912E-05 3.367806E-05 3.319439E-05 4.179689E-05 3.139882E-05 2.261156E-05 1.690119E-05
47 -1.114286E+01 5.178571E-01 2.079278E+00 2.694436E-05 2.770487E-05 3.277641E-05 3.730710E-05 3.668684E-05 4.630658E-05 3.479058E-05 2.505749E-05 1.873019E-05
48 -1.062500E+01 5.178571E-01 2.079278E+00 2.978650E-05 3.062733E-05 3.623441E-05 4.124453E-05 4.047615E-05 5.120008E-05 3.847143E-05 2.771225E-05 2.071543E-05
49 -1.010714E+01 5.178571E-01 2.079278E+00 3.287099E-05 3.379901E-05 3.998733E-05 4.551789E-05 4.458887E-05 5.651165E-05 4.246712E-05 3.059441E-05 2.287079E-05
50 -9.589286E+00 5.178571E-01 2.079278E+00 3.621972E-05 3.724240E-05 4.406181E-05 5.015751E-05 4.905415E-05 6.227895E-05 4.680598E-05 3.372439E-05 2.521155E-05
51 -9.071429E+00 5.178571E-01 2.079278E+00 3.985662E-05 4.098210E-05 4.848695E-05 5.519653E-05 5.390390E-05 6.854317E-05 5.151898E-05 3.712453E-05 2.775441E-05
52 -8.553571E+00 5.178571E-01 2.079278E+00 4.380775E-05 4.504494E-05 5.329449E-05 6.067109E-05 5.917289E-05 7.534920E-05 5.663990E-05 4.081918E-05 3.051757E-05
53 -8.035714E+00 5.178571E-01 2.079278E+00 4.810151E-05 4.946010E-05 5.851895E-05 6.662048E-05 6.489895E-05 8.274592E-05 6.220548E-05 4.483485E-05 3.352087E-05
54 -7.517857E+00 5.178571E-01 2.079278E+00 5.276875E-05 5.425929E-05 6.419787E-05 7.308748E-05 7.112322E-05 9.078644E-05 6.825571E-05 4.920038E-05 3.678586E-05
55 -7.000000E+00 5.178571E-01 2.079278E+00 5.784298E-05 5.947700E-05 7.037205E-05 8.011851E-05 7.789040E-05 9.952850E-05 7.483400E-05 5.394708E-05 4.033597E-05
56 -6.482143E+00 5.178571E-01 2.079278E+00 6.336065E-05 6.515068E-05 7.708580E-05 8.776404E-05 8.524906E-05 1.090348E-04 8.198755E-05 5.910902E-05 4.419667E-05
57 -5.964286E+00 5.178571E-01 2.079278E+00 6.936131E-05 7.132101E-05 8.438726E-05 9.607891E-05 9.325197E-05 1.193736E-04 8.976766E-05 6.472319E-05 4.839563E-05
58 -5.446429E+00 5.178571E-01 2.079278E+00 7.588795E-05 7.803220E-05 9.232875E-05 1.051227E-04 1.019565E-04 1.306189E-04 9.823004E-05 7.082979E-05 5.296292E-05
59 -4.928571E+00 5.178571E-01 2.079278E+00 8.298729E-05 8.533229E-05 1.009671E-04 1.149601E-04 1.114248E-04 1.428511E-04 1.074352E-04 7.747251E-05 5.793120E-05
60 -4.410714E+00 5.178571E-01 2.079278E+00 9.071008E-05 9.327345E-05 1.103641E-04 1.256614E-04 1.217247E-04 1.561578E-04 1.174491E-04 8.469883E-05 6.333599E-05
61 -3.892857E+00 5.178571E-01 2.079278E+00 9.911146E-05 1.019124E-04 1.205868E-04 1.373031E-04 1.329297E-04 1.706338E-04 1.283430E-04 9.256034E-05 6.921588E-05
62 -3.375000E+00 5.178571E-01 2.079278E+00 1.082514E-04 1.113108E-04 1.317081E-04 1.499682E-04 1.451198E-04 1.863826E-04 1.401947E-04 1.011131E-04 7.561280E-05
63 -2.857143E+00 5.178571E-01 2.079278E+00 1.181949E-04 1.215355E-04 1.438073E-04 1.637469E-04 1.583817E-04 2.035161E-04 1.530887E-04 1.104181E-04 8.257232E-05
64 -2.339286E+00 5.178571E-01 2.079278E+00 1.290129E-04 1.326594E-04 1.569705E-04 1.787373E-04 1.728099E-04 2.221565E-04 1.671167E-04 1.205415E-04 9.014398E-05
65 -1.821429E+00 5.178571E-01 2.079278E+00 1.407822E-04 1.447614E-04 1.712912E-04 1.950460E-04 1.885069E-04 2.424362E-04 1.823785E-04 1.315552E-04 9.838159E-05
66 -1.303571E+00 5.178571E-01 2.079278E+00 1.535863E-04 1.579276E-04 1.868711E-04 2.127887E-04 2.055841E-04 2.644992E-04 1.989823E-04 1.435375E-04 1.073436E-04
67 -7.857143E-01 5.178571E-01 2.079278E+00 1.675160E-04 1.722513E-04 2.038207E-04 2.320912E-04 2.241626E-04 2.885018E-04 2.170459E-04 1.565733E-04 1.170936E-04
68 -2.678571E-01 5.178571E-01 2.079278E+00 1.826700E-04 1.878337E-04 2.222599E-04 2.530901E-04 2.443740E-04 3.146140E-04 2.366971E-04 1.707549E-04 1.277007E-04
69 2.500000E-01 5.178571E-01 2.079278E+00 1.991552E-04 2.047852E-04 2.423191E-04 2.759338E-04 2.663610E-04 3.430204E-04 2.580749E-04 1.861826E-04 1.392397E-04
70 7.678571E-01 5.178571E-01 2.079278E+00 2.170882E-04 2.232252E-04 2.641397E-04 3.007836E-04 2.902788E-04 3.739214E-04 2.813302E-04 2.029652E-04 1.517921E-04
71 1.285714E+00 5.178571E-01 2.079278E+00 2.364364E-04 2.431207E-04 2.876829E-04 3.275957E-04 3.155406E-04 4.065666E-04 3.059052E-04 2.207063E-04 1.650628E-04
72 1.803571E+00 5.178571E-01 2.079278E+00 2.571501E-04 2.644203E-04 3.128881E-04 3.563020E-04 3.416254E-04 4.402887E-04 3.313030E-04 2.390517E-04 1.787878E-04
73 2.321429E+00 5.178571E-01 2.079278E+00 2.791850E-04 2.870785E-04 3.397018E-04 3.868418E-04 3.678731E-04 4.742415E-04 3.568927E-04 2.575510E-04 1.926315E-04
74 2.839286E+00 5.178571E-01 2.079278E+00 3.025228E-04 3.110767E-04 3.681021E-04 4.191908E-04 3.938237E-04 5.078340E-04 3.822325E-04 2.758882E-04 2.063581E-04
75 3.357143E+00 5.178571E-01 2.079278E+00 3.271592E-04 3.364105E-04 3.980837E-04 4.533433E-04 4.191646E-04 5.406636E-04 4.070207E-04 2.938464E-04 2.198056E-04
76 3.875000E+00 5.178571E-01 2.079278E+00 3.530958E-04 3.630813E-04 4.296487E-04 4.893019E-04 4.436911E-04 5.724659E-04 4.310582E-04 3.112819E-04 2.328664E-04
77 4.392857E+00 5.178571E-01 2.079278E+00 3.803356E-04 3.910925E-04 4.628011E-04 5.270714E-04 4.672772E-04 6.030769E-04 4.542206E-04 3.281042E-04 2.454727E-04
78 4.910714E+00 5.178571E-01 2.079278E+00 4.088810E-04 4.204465E-04 4.975437E-04 5.666553E-04 4.898537E-04 6.324055E-04 4.764377E-04 3.442612E-04 2.575854E-04
79 5.428571E+00 5.178571E-01 2.079278E+00 4.387322E-04 4.511434E-04 5.338770E-04 6.080542E-04 5.113919E-04 6.604126E-04 4.976785E-04 3.597290E-04 2.691860E-04
80 5.946429E+00 5.178571E-01 2.079278E+00 4.698869E-04 4.831810E-04 5.717982E-04 6.512655E-04 5.318917E-04 6.870959E-04 5.179390E-04 3.745030E-04 2.802708E-04
81 6.464286E+00 5.178571E-01 2.079278E+00 5.023404E-04 5.165544E-04 6.113017E-04 6.962829E-04 5.513727E-04 7.124783E-04 5.372344E-04 3.885924E-04 2.908464E-04
82 6.982143E+00 5.178571E-01 2.079278E+00 5.360859E-04 5.512567E-04 6.523794E-04 7.430973E-04 5.698675E-04 7.365998E-04 5.555929E-04 4.020158E-04 3.009261E-04
83 7.500000E+00 5.178571E-01 2.079278E+00 5.711147E-04 5.872790E-04 6.950209E-04 7.916971E-04 5.874173E-04 7.595113E-04 5.730506E-04 4.147977E-04 3.105280E-04
84 8.017857E+00 5.178571E-01 2.079278E+00 6.074171E-04 6.246111E-04 7.392143E-04 8.420689E-04 6.040679E-04 7.812701E-04 5.896491E-04 4.269664E-04 3.196728E-04
85 8.535714E+00 5.178571E-01 2.079278E+00 6.449822E-04 6.632421E-04 7.849465E-04 8.941981E-04 6.198678E-04 8.019370E-04 6.054322E-04 4.385522E-04 3.283829E-04
86 9.053571E+00 5.178571E-01 2.079278E+00 6.837987E-04 7.031601E-04 8.322038E-04 9.480692E-04 6.348662E-04 8.215737E-04 6.204449E-04 4.495861E-04 3.366813E-04
87 9.571429E+00 5.178571E-01 2.079278E+00 7.238549E-04 7.443534E-04 8.809722E-04 1.003666E-03 6.491118E-04 8.402415E-04 6.347319E-04 4.600993E-04 3.445908E-04
88 1.008929E+01 5.178571E-01 2.079278E+00 7.651395E-04 7.868101E-04 9.312377E-04 1.060974E-03 6.626519E-04 8.580003E-04 6.483369E-04 4.701222E-04 3.521341E-04
89 1.060714E+01 5.178571E-01 2.079278E+00 8.076410E-04 8.305186E-04 9.829867E-04 1.119976E-03 6.755320E-04 8.749075E-04 6.613021E-04 4.796842E-04 3.593329E-04
90 1.112500E+01 5.178571E-01 2.079278E+00 8.513487E-04 8.754678E-04 1.036206E-03 1.180659E-03 6.877953E-04 8.910178E-04 6.736676E-04 4.888135E-04 3.662081E-04
91 1.164286E+01 5.178571E-01 2.079278E+00 8.962522E-04 9.216471E-04 1.090883E-03 1.243007E-03 6.994829E-04 9.063833E-04 6.854717E-04 4.975370E-04 3.727796E-04
92 1.216071E+01 5.178571E-01 2.079278E+00 9.423418E-04 9.690465E-04 1.147006E-03 1.307009E-03 7.106331E-04 9.210528E-04 6.967504E-04 5.058799E-04 3.790662E-04
93 1.267857E+01 5.178571E-01 2.079278E+00 9.896088E-04 1.017657E-03 1.204565E-03 1.372650E-03 7.212820E-04 9.350722E-04 7.075376E-04 5.138661E-04 3.850856E-04
94 1.319643E+01 5.178571E-01 2.079278E+00 1.038045E-03 1.067470E-03 1.263549E-03 1.439921E-03 7.314635E-04 9.484843E-04 7.178648E-04 5.215180E-04 3.908545E-04
95 1.371429E+01 5.178571E-01 2.079278E+00 1.087642E-03 1.118477E-03 1.323949E-03 1.508810E-03 7.412088E-04 9.613293E-04 7.277619E-04 5.288566E-04 3.963884E-04
96 1.423214E+01 5.178571E-01 2.079278E+00 1.138394E-03 1.170673E-03 1.385757E-03 1.579309E-03 7.505471E-04 9.736443E-04 7.372564E-04 5.359015E-04 4.017019E-04
97 1.475000E+01 5.178571E-01 2.079278E+00 1.190296E-03 1.224051E-03 1.448966E-03 1.651410E-03 7.595058E-04 9.854642E-04 7.463742E-04 5.426711E-04 4.068087E-04
98 1.526786E+01 5.178571E-01 2.079278E+00 1.243341E-03 1.278605E-03 1.513570E-03 1.725105E-03 7.681099E-04 9.968213E-04 7.551393E-04 5.491824E-04 4.117215E-04
99 1.578571E+01 5.178571E-01 2.079278E+00 1.297526E-03 1.334331E-03 1.579564E-03 1.800389E-03 7.763831E-04 1.007746E-03 7.635741E-04 5.554515E-04 4.164523E-04
100 1.630357E+01 5.178571E-01 2.079278E+00 1.352846E-03 1.391226E-03 1.646942E-03 1.877256E-03 7.843470E-04 1.018265E-03 7.716995E-04 5.614932E-04 4.210121E-04
101 1.682143E+01 5.178571E-01 2.079278E+00 1.409299E-03 1.449286E-03 1.715702E-03 1.955702E-03 7.920219E-04 1.028406E-03 7.795348E-04 5.673215E-04 4.254113E-04
102 1.733929E+01 5.178571E-01 2.079278E+00 1.466883E-03 1.508509E-03 1.785840E-03 2.035724E-03 7.994266E-04 1.038192E-03 7.870984E-04 5.729493E-04 4.296596E-04
103 1.785714E+01 5.178571E-01 2.079278E+00 1.525595E-03 1.568892E-03 1.857354E-03 2.117320E-03 8.065785E-04 1.047646E-03 7.944069E-04 5.783888E-04 4.337662E-04
104 1.837500E+01 5.178571E-01 2.079278E+00 1.585435E-03 1.630436E-03 1.930244E-03 2.200487E-03 8.134939E-04 1.056789E-03 8.014761E-04 5.836513E-04 4.377394E-04
105 1.889286E+01 5.178571E-01 2.079278E+00 1.646401E-03 1.693139E-03 2.004507E-03 2.285226E-03 8.201880E-04 1.065640E-03 8.083208E-04 5.887475E-04 4.415871E-04
106 1.941071E+01 5.178571E-01 2.079278E+00 1.708495E-03 1.757001E-03 2.080145E-03 2.371535E-03 8.266747E-04 1.074217E-03 8.149546E-04 5.936872E-04 4.453169E-04
107 1.992857E+01 5.178571E-01 2.079278E+00 1.771716E-03 1.822023E-03 2.157157E-03 2.459417E-03 8.329672E-04 1.082539E-03 8.213904E-04 5.984797E-04 4.489357E-04
108 2.044643E+01 5.178571E-01 2.079278E+00 1.836065E-03 1.888205E-03 2.235545E-03 2.548871E-03 8.390778E-04 1.090619E-03 8.276402E-04 6.031337E-04 4.524499E-04
109 2.096429E+01 5.178571E-01 2.079278E+00 1.901543E-03 1.955549E-03 2.315310E-03 2.639899E-03 8.450178E-04 1.098474E-03 8.337152E-04 6.076575E-04 4.558657E-04
110 2.148214E+01 5.178571E-01 2.079278E+00 1.968153E-03 2.024057E-03 2.396454E-03 2.732505E-03 8.507978E-04 1.106117E-03 8.396259E-04 6.120586E-04 4.591889E-04
111 2.200000E+01 5.178571E-01 2.079278E+00 2.035896E-03 2.093730E-03 2.478981E-03 2.826690E-03 8.564280E-04 1.113561E-03 8.453822E-04 6.163442E-04 4.624248E-04
112 2.251786E+01 5.178571E-01 2.079278E+00 2.104774E-03 2.164572E-03 2.562892E-03 2.922458E-03 8.619176E-04 1.120818E-03 8.509934E-04 6.205212E-04 4.655786E-04
113 2.303571E+01 5.178571E-01 2.079278E+00 2.174791E-03 2.236585E-03 2.648191E-03 3.019813E-03 8.672754E-04 1.127900E-03 8.564681E-04 6.245959E-04 4.686549E-04
114 2.355357E+01 5.178571E-01 2.079278E+00 2.245949E-03 2.309771E-03 2.734882E-03 3.118759E-03 8.725095E-04 1.134818E-03 8.618146E-04 6.285743E-04 4.716584E-04
115 2.407143E+01 5.178571E-01 2.079278E+00 2.318252E-03 2.384136E-03 2.822968E-03 3.219301E-03 8.776276E-04 1.141581E-03 8.670405E-04 6.324620E-04 4.745933E-04
116 2.458929E+01 5.178571E-01 2.079278E+00 2.391703E-03 2.459681E-03 2.912455E-03 3.321443E-03 8.826371E-04 1.148199E-03 8.721530E-04 6.362645E-04 4.774635E-04
117 2.510714E+01 5.178571E-01 2.079278E+00 2.466306E-03 2.536411E-03 3.003346E-03 3.425190E-03 8.875446E-04 1.154680E-03 8.771592E-04 6.399866E-04 4.802730E-04
118 2.562500E+01 5.178571E-01 2.079278E+00 2.542065E-03 2.614330E-03 3.095646E-03 3.530548E-03 8.923567E-04 1.161034E-03 8.820653E-04 6.436333E-04 4.830252E-04
119 2.614286E+01 5.178571E-01 2.079278E+00 2.618983E-03 2.693442E-03 3.189360E-03 3.637522E-03 8.970793E-04 1.167269E-03 8.868775E-04 6.472090E-04 4.857236E-04
120 2.666071E+01 5.178571E-01 2.079278E+00 2.697066E-03 2.773751E-03 3.284494E-03 3.746119E-03 9.017181E-04 1.173391E-03 8.916016E-04 6.507180E-04 4.883713E-04
121 2.717857E+01 5.178571E-01 2.079278E+00 2.776317E-03 2.855263E-03 3.381052E-03 3.856344E-03 9.062786E-04 1.179408E-03 8.962429E-04 6.541642E-04 4.909715E-04
122 2.769643E+01 5.178571E-01 2.079278E+00 2.856740E-03 2.937980E-03 3.479040E-03 3.968204E-03 9.107657E-04 1.185326E-03 9.008068E-04 6.575517E-04 4.935270E-04
123 2.821429E+01 5.178571E-01 2.079278E+00 2.938341E-03 3.021909E-03 3.578463E-03 4.081704E-03 9.151843E-04 1.191152E-03 9.052980E-04 6.608839E-04 4.960406E-04
124 2.873214E+01 5.178571E-01 2.079278E+00 3.021124E-03 3.107054E-03 3.679328E-03 4.196851E-03 9.195390E-04 1.196892E-03 9.097213E-04 6.641644E-04 4.985149E-04
125 2.925000E+01 5.178571E-01 2.079278E+00 3.105094E-03 3.193419E-03 3.781639E-03 4.313652E-03 9.238340E-04 1.202552E-03 9.140809E-04 6.673964E-04 5.009523E-04
126 2.976786E+01 5.178571E-01 2.079278E+00 3.190255E-03 3.281010E-03 3.885403E-03 4.432113E-03 9.280734E-04 1.208137E-03 9.183812E-04 6.705830E-04 5.033552E-04
127 3.028571E+01 5.178571E-01 2.079278E+00 3.276612E-03 3.369831E-03 3.990626E-03 4.552241E-03 9.322611E-04 1.213651E-03 9.226261E-04 6.737272E-04 5.057258E-04
128 3.080357E+01 5.178571E-01 2.079278E+00 3.364170E-03 3.459888E-03 4.097312E-03 4.674043E-03 9.364008E-04 1.219101E-03 9.268193E-04 6.768319E-04 5.080663E-04
129 3.132143E+01 5.178571E-01 2.079278E+00 3.452934E-03 3.551184E-03 4.205468E-03 4.797524E-03 9.404960E-04 1.224490E-03 9.309645E-04 6.798997E-04 5.103787E-04
130 3.183929E+01 5.178571E-01 2.079278E+00 3.542908E-03 3.643726E-03 4.315100E-03 4.922691E-03 9.445500E-04 1.229824E-03 9.350650E-04 6.829332E-04 5.126650E-04
131 3.235714E+01 5.178571E-01 2.079278E+00 3.634097E-03 3.737517E-03 4.426213E-03 5.049552E-03 9.485659E-04 1.235105E-03 9.391243E-04 6.859348E-04 5.149270E-04
132 3.287500E+01 5.178571E-01 2.079278E+00 3.726505E-03 3.832563E-03 4.538813E-03 5.178112E-03 9.525468E-04 1.240339E-03 9.431453E-04 6.889069E-04 5.171664E-04
133 3.339286E+01 5.178571E-01 2.079278E+00 3.820138E-03 3.928868E-03 4.652905E-03 5.308377E-03 9.564955E-04 1.245529E-03 9.471310E-04 6.918517E-04 5.193850E-04
134 3.391071E+01 5.178571E-01 2.079278E+00 3.915000E-03 4.026437E-03 4.768496E-03 5.440355E-03 9.604148E-04 1.250678E-03 9.510843E-04 6.947713E-04 5.215844E-04
135 3.442857E+01 5.178571E-01 2.079278E+00 4.011094E-03 4.125275E-03 4.885590E-03 5.574051E-03 9.643073E-04 1.255791E-03 9.550079E-04 6.976678E-04 5.237660E-04
136 3.494643E+01 5.178571E-01 2.079278E+00 4.108426E-03 4.225385E-03 5.004192E-03 5.709470E-03 9.681754E-04 1.260870E-03 9.589044E-04 7.005430E-04 5.259314E-04
137 3.546429E+01 5.178571E-01 2.079278E+00 4.207000E-03 4.326772E-03 5.124308E-03 5.846620E-03 9.720216E-04 1.265919E-03 9.627761E-04 7.033989E-04 5.280820E-04
138 3.598214E+01 5.178571E-01 2.079278E+00 4.306819E-03 4.429441E-03 5.245942E-03 5.985505E-03 9.758480E-04 1.270940E-03 9.666255E-04 7.062372E-04 5.302190E-04
139 3.650000E+01 5.178571E-01 2.079278E+00 4.407887E-03 4.533395E-03 5.369100E-03 6.126131E-03 9.796569E-04 1.275937E-03 9.704549E-04 7.090597E-04 5.323439E-04
140 3.701786E+01 5.178571E-01 2.079278E+00 4.510209E-03 4.638638E-03 5.493786E-03 6.268503E-03 9.834503E-04 1.280912E-03 9.742663E-04 7.118678E-04 5.344577E-04
141 3.753571E+01 5.178571E-01 2.079278E+00 4.613788E-03 4.745174E-03 5.620004E-03 6.412626E-03 9.872302E-04 1.285868E-03 9.780619E-04 7.146632E-04 5.365618E-04
142 3.805357E+01 5.178571E-01 2.079278E+00 4.718626E-03 4.853006E-03 5.747758E-03 6.558505E-03 9.909985E-04 1.290808E-03 9.818436E-04 7.174474E-04 5.386571E-04
143 3.857143E+01 5.178571E-01 2.079278E+00 4.824729E-03 4.962138E-03 5.877053E-03 6.706144E-03 9.947569E-04 1.295733E-03 9.856132E-04 7.202217E-04 5.407448E-04
144 3.908929E+01 5.178571E-01 2.079278E+00 4.932098E-03 5.072573E-03 6.007892E-03 6.855549E-03 9.985073E-04 1.300646E-03 9.893726E-04 7.229876E-04 5.428260E-04
145 3.960714E+01 5.178571E-01 2.079278E+00 5.040736E-03 5.184313E-03 6.140278E-03 7.006722E-03 1.002251E-03 1.305550E-03 9.931235E-04 7.257463E-04 5.449015E-04
146 4.012500E+01 5.178571E-01 2.079278E+00 5.150646E-03 5.297362E-03 6.274216E-03 7.159667E-03 1.005990E-03 1.310446E-03 9.968676E-04 7.284991E-04 5.469724E-04
147 4.064286E+01 5.178571E-01 2.079278E+00 5.261831E-03 5.411722E-03 6.409707E-03 7.314387E-03 1.009726E-03 1.315336E-03 1.000606E-03 7.312471E-04 5.490395E-04
148 4.116071E+01 5.178571E-01 2.079278E+00 5.374292E-03 5.527395E-03 6.546754E-03 7.470887E-03 1.013459E-03 1.320223E-03 1.004341E-03 7.339916E-04 5.511037E-04
149 4.167857E+01 5.178571E-01 2.079278E+00 5.488032E-03 5.644383E-03 6.685359E-03 7.629167E-03 1.017192E-03 1.325108E-03 1.008074E-03 7.367335E-04 5.531659E-04
150 4.219643E+01 5.178571E-01 2.079278E+00 5.603051E-03 5.762687E-03 6.825526E-03 7.789231E-03 1.020926E-03 1.329993E-03 1.011806E-03 7.394739E-04 5.552267E-04
151 4.271429E+01 5.178571E-01 2.079278E+00 5.719352E-03 5.882310E-03 6.967254E-03 7.951081E-03 1.024662E-03 1.334880E-03 1.015538E-03 7.422139E-04 5.572870E-04
152 4.323214E+01 5.178571E-01 2.079278E+00 5.836935E-03 6.003251E-03 7.110546E-03 8.114718E-03 1.028401E-03 1.339770E-03 1.019271E-03 7.449543E-04 5.593475E-04
153 4.375000E+01 5.178571E-01 2.079278E+00 5.955802E-03 6.125513E-03 7.255403E-03 8.280142E-03 1.032144E-03 1.344664E-03 1.023008E-03 7.476960E-04 5.614088E-04
154 4.426786E+01 5.178571E-01 2.079278E+00 6.075952E-03 6.249095E-03 7.401824E-03 8.447356E-03 1.035892E-03 1.349565E-03 1.026748E-03 7.504400E-04 5.634717E-04
155 4.478571E+01 5.178571E-01 2.079278E+00 6.197387E-03 6.373998E-03 7.549811E-03 8.616359E-03 1.039647E-03 1.354473E-03 1.030494E-03 7.531871E-04 5.655367E-04
156 4.530357E+01 5.178571E-01 2.079278E+00 6.320105E-03 6.500222E-03 7.699364E-03 8.787151E-03 1.043410E-03 1.359390E-03 1.034245E-03 7.559380E-04 5.676045E-04
157 4.582143E+01 5.178571E-01 2.079278E+00 6.444106E-03 6.627766E-03 7.850481E-03 8.959731E-03 1.047181E-03 1.364317E-03 1.038004E-03 7.586935E-04 5.696755E-04
158 4.633929E+01 5.178571E-01 2.079278E+00 6.569390E-03 6.756629E-03 8.003162E-03 9.134098E-03 1.050961E-03 1.369256E-03 1.041770E-03 7.614543E-04 5.717505E-04
159 4.685714E+01 5.178571E-01 2.079278E+00 6.695956E-03 6.886810E-03 8.157405E-03 9.310252E-03 1.054751E-03 1.374207E-03 1.045545E-03 7.642211E-04 5.738298E-04
160 4.737500E+01 5.178571E-01 2.079278E+00 6.823801E-03 7.018308E-03 8.313209E-03 9.488189E-03 1.058552E-03 1.379172E-03 1.049331E-03 7.669945E-04 5.759139E-04
161 4.789286E+01 5.178571E-01 2.079278E+00 6.952925E-03 7.151120E-03 8.470571E-03 9.667908E-03 1.062365E-03 1.384151E-03 1.053126E-03 7.697751E-04 5.780034E-04
162 4.841071E+01 5.178571E-01 2.079278E+00 7.083324E-03 7.285245E-03 8.629489E-03 9.849405E-03 1.066190E-03 1.389146E-03 1.056933E-03 7.725636E-04 5.800987E-04
163 4.892857E+01 5.178571E-01 2.079278E+00 7.214997E-03 7.420680E-03 8.789960E-03 1.003268E-02 1.070028E-03 1.394157E-03 1.060752E-03 7.753605E-04 5.822001E-04
164 4.944643E+01 5.178571E-01 2.079278E+00 7.347940E-03 7.557422E-03 8.951979E-03 1.021772E-02 1.073880E-03 1.399186E-03 1.064584E-03 7.781662E-04 5.843082E-04
165 4.996429E+01 5.178571E-01 2.079278E+00 7.482151E-03 7.695468E-03 9.115544E-03 1.040453E-02 1.077746E-03 1.404233E-03 1.068429E-03 7.809813E-04 5.864231E-04
166 5.048214E+01 5.178571E-01 2.079278E+00 7.617625E-03 7.834813E-03 9.280649E-03 1.059310E-02 1.081627E-03 1.409299E-03 1.072288E-03 7.838063E-04 5.885454E-04
167 5.100000E+01 5.178571E-01 2.079278E+00 7.754358E-03 7.975453E-03 9.447290E-03 1.078342E-02 1.085524E-03 1.414384E-03 1.076162E-03 7.866416E-04 5.906754E-04
168 5.151786E+01 5.178571E-01 2.079278E+00 7.892346E-03 8.117384E-03 9.615461E-03 1.097550E-02 1.089436E-03 1.419490E-03 1.080051E-03 7.894875E-04 5.928132E-04
169 5.203571E+01 5.178571E-01 2.079278E+00 8.031584E-03 8.260601E-03 9.785156E-03 1.116931E-02 1.093365E-03 1.424616E-03 1.083955E-03 7.923445E-04 5.949594E-04
170 5.255357E+01 5.178571E-01 2.079278E+00 8.172066E-03 8.405098E-03 9.956369E-03 1.136487E-02 1.097311E-03 1.429765E-03 1.087876E-03 7.952130E-04 5.971140E-04
171 5.307143E+01 5.178571E-01 2.079278E+00 8.313788E-03 8.550870E-03 1.012909E-02 1.156215E-02 1.101273E-03 1.434935E-03 1.091812E-03 7.980932E-04 5.992774E-04
172 5.358929E+01 5.178571E-01 2.079278E+00 8.456741E-03 8.697909E-03 1.030332E-02 1.176114E-02 1.105254E-03 1.440128E-03 1.095766E-03 8.009856E-04 6.014498E-04
173 5.410714E+01 5.178571E-01 2.079278E+00 8.600921E-03 8.846209E-03 1.047904E-02 1.196185E-02 1.109252E-03 1.445344E-03 1.099737E-03 8.038902E-04 6.036314E-04
174 5.462500E+01 5.178571E-01 2.079278E+00 8.746319E-03 8.995763E-03 1.065625E-02 1.216426E-02 1.113269E-03 1.450584E-03 1.103726E-03 8.068075E-04 6.058225E-04
175 5.514286E+01 5.178571E-01 2.079278E+00 8.892929E-03 9.146564E-03 1.083493E-02 1.236835E-02 1.117304E-03 1.455847E-03 1.107732E-03 8.097377E-04 6.080231E-04
176 5.566071E+01 5.178571E-01 2.079278E+00 9.040742E-03 9.298602E-03 1.101508E-02 1.257412E-02 1.121358E-03 1.461135E-03 1.111757E-03 8.126809E-04 6.102336E-04
177 5.617857E+01 5.178571E-01 2.079278E+00 9.189751E-03 9.451870E-03 1.119669E-02 1.278156E-02 1.125431E-03 1.466447E-03 1.115800E-03 8.156374E-04 6.124539E-04
178 5.669643E+01 5.178571E-01 2.079278E+00 9.339946E-03 9.606358E-03 1.137975E-02 1.299066E-02 1.129523E-03 1.471784E-03 1.119862E-03 8.186073E-04 6.146843E-04
179 5.721429E+01 5.178571E-01 2.079278E+00 9.491317E-03 9.762057E-03 1.156424E-02 1.320139E-02 1.133635E-03 1.477146E-03 1.123942E-03 8.215909E-04 6.169249E-04
180 5.773214E+01 5.178571E-01 2.079278E+00 9.643856E-03 9.918956E-03 1.175016E-02 1.341376E-02 1.137766E-03 1.482533E-03 1.128042E-03 8.245882E-04 6.191757E-04
181 5.825000E+01 5.178571E-01 2.079278E+00 9.797552E-03 1.007705E-02 1.193748E-02 1.362774E-02 1.141917E-03 1.487946E-03 1.132161E-03 8.275993E-04 6.214369E-04
182 5.876786E+01 5.178571E-01 2.079278E+00 9.952395E-03 1.023632E-02 1.212621E-02 1.384331E-02 1.146087E-03 1.493384E-03 1.136299E-03 8.306244E-04 6.237085E-04
183 5.928571E+01 5.178571E-01 2.079278E+00 1.010837E-02 1.039675E-02 1.231632E-02 1.406047E-02 1.150277E-03 1.498847E-03 1.140456E-03 8.336635E-04 6.259907E-04
184 5.980357E+01 5.178571E-01 2.079278E+00 1.026547E-02 1.055835E-02 1.250780E-02 1.427920E-02 1.154487E-03 1.504337E-03 1.144633E-03 8.367167E-04 6.282833E-04
185 6.032143E+01 5.178571E-01 2.079278E+00 1.042369E-02 1.072108E-02 1.270064E-02 1.449948E-02 1.158717E-03 1.509852E-03 1.148829E-03 8.397840E-04 6.305866E-04
186 6.083929E+01 5.178571E-01 2.079278E+00 1.058300E-02 1.088495E-02 1.289481E-02 1.472130E-02 1.162967E-03 1.515393E-03 1.153045E-03 8.428654E-04 6.329004E-04
187 6.135714E+01 5.178571E-01 2.079278E+00 1.074340E-02 1.104994E-02 1.309032E-02 1.494463E-02 1.167236E-03 1.520960E-03 1.157280E-03 8.459610E-04 6.352249E-04
188 6.187500E+01 5.178571E-01 2.079278E+00 1.090488E-02 1.121603E-02 1.328713E-02 1.516946E-02 1.171526E-03 1.526552E-03 1.161535E-03 8.490707E-04 6.375599E-04
189 6.239286E+01 5.178571E-01 2.079278E+00 1.106741E-02 1.138321E-02 1.348523E-02 1.539576E-02 1.175835E-03 1.532170E-03 1.165809E-03 8.521945E-04 6.399055E-04
190 6.291071E+01 5.178571E-01 2.079278E+00 1.123099E-02 1.155146E-02 1.368461E-02 1.562353E-02 1.180163E-03 1.537813E-03 1.170102E-03 8.553324E-04 6.422616E-04
191 6.342857E+01 5.178571E-01 2.079278E+00 1.139559E-02 1.172078E-02 1.388525E-02 1.585273E-02 1.184511E-03 1.543482E-03 1.174415E-03 8.584842E-04 6.446283E-04
192 6.394643E+01 5.178571E-01 2.079278E+00 1.156122E-02 1.189114E-02 1.408713E-02 1.608335E-02 1.188878E-03 1.549176E-03 1.178746E-03 8.616500E-04 6.470053E-04
193 6.446429E+01 5.178571E-01 2.079278E+00 1.172784E-02 1.206253E-02 1.429022E-02 1.631537E-02 1.193265E-03 1.554895E-03 1.183097E-03 8.648296E-04 6.493928E-04
194 6.498214E+01 5.178571E-01 2.079278E+00 1.189545E-02 1.223493E-02 1.449452E-02 1.654876E-02 1.197671E-03 1.560638E-03 1.187466E-03 8.680229E-04 6.517905E-04
195 6.550000E+01 5.178571E-01 2.079278E+00 1.206402E-02 1.240833E-02 1.470000E-02 1.678350E-02 1.202095E-03 1.566407E-03 1.191854E-03 8.712298E-04 6.541984E-04
196 6.601786E+01 5.178571E-01 2.079278E+00 1.223355E-02 1.258270E-02 1.490663E-02 1.701957E-02 1.206538E-03 1.572199E-03 1.196261E-03 8.744502E-04 6.566164E-04
197 6.653571E+01 5.178571E-01 2.079278E+00 1.240401E-02 1.275804E-02 1.511441E-02 1.725694E-02 1.210999E-03 1.578015E-03 1.200685E-03 8.776838E-04 6.590444E-04
198 6.705357E+01 5.178571E-01 2.079278E+00 1.257538E-02 1.293431E-02 1.532330E-02 1.749559E-02 1.215479E-03 1.583855E-03 1.205128E-03 8.809306E-04 6.614823E-04
199 6.757143E+01 5.178571E-01 2.079278E+00 1.274765E-02 1.311151E-02 1.553328E-02 1.773549E-02 1.219976E-03 1.589718E-03 1.209588E-03 8.841904E-04 6.639299E-04
200 6.808929E+01 5.178571E-01 2.079278E+00 1.292080E-02 1.328961E-02 1.574434E-02 1.797663E-02 1.224491E-03 1.595605E-03 1.214066E-03 8.874629E-04 6.663871E-04
201 6.860714E+01 5.178571E-01 2.079278E+00 1.309481E-02 1.346860E-02 1.595645E-02 1.821896E-02 1.229023E-03 1.601513E-03 1.218561E-03 8.907480E-04 6.688537E-04
202 6.912500E+01 5.178571E-01 2.079278E+00 1.326966E-02 1.364846E-02 1.616959E-02 1.846247E-02 1.233573E-03 1.607444E-03 1.223073E-03 8.940455E-04 6.713296E-04
203 6.964286E+01 5.178571E-01 2.079278E+00 1.344534E-02 1.382916E-02 1.638373E-02 1.870712E-02 1.238138E-03 1.613397E-03 1.227602E-03 8.973551E-04 6.738147E-04
204 7.016071E+01 5.178571E-01 2.079278E+00 1.362181E-02 1.401068E-02 1.659884E-02 1.895290E-02 1.242720E-03 1.619371E-03 1.232146E-03 9.006766E-04 6.763087E-04
205 7.067857E+01 5.178571E-01 2.079278E+00 1.379907E-02 1.419300E-02 1.681491E-02 1.919977E-02 1.247318E-03 1.625365E-03 1.236707E-03 9.040097E-04 6.788114E-04
206 7.119643E+01 5.178571E-01 2.079278E+00 1.397708E-02 1.437611E-02 1.703191E-02 1.944770E-02 1.251932E-03 1.631380E-03 1.241283E-03 9.073542E-04 6.813226E-04
207 7.171429E+01 5.178571E-01 2.079278E+00 1.415583E-02 1.455998E-02 1.724980E-02 1.969666E-02 1.256560E-03 1.637415E-03 1.245874E-03 9.107098E-04 6.838423E-04
208 7.223214E+01 5.178571E-01 2.079278E+00 1.433530E-02 1.474459E-02 1.746858E-02 1.994663E-02 1.261204E-03 1.643469E-03 1.250480E-03 9.140763E-04 6.863700E-04
209 7.275000E+01 5.178571E-01 2.079278E+00 1.451547E-02 1.492991E-02 1.768820E-02 2.019757E-02 1.265861E-03 1.649542E-03 1.255100E-03 9.174533E-04 6.889057E-04
210 7.326786E+01 5.178571E-01 2.079278E+00 1.469631E-02 1.511593E-02 1.790865E-02 2.044945E-02 1.270533E-03 1.655632E-03 1.259734E-03 9.208405E-04 6.914491E-04
211 7.378571E+01 5.178571E-01 2.079278E+00 1.487780E-02 1.530261E-02 1.812989E-02 2.070224E-02 1.275218E-03 1.661741E-03 1.264382E-03 9.242376E-04 6.940000E-04
212 7.430357E+01 5.178571E-01 2.079278E+00 1.505992E-02 1.548994E-02 1.835190E-02 2.095591E-02 1.279916E-03 1.667867E-03 1.269042E-03 9.276443E-04 6.965580E-04
213 7.482143E+01 5.178571E-01 2.079278E+00 1.524265E-02 1.567790E-02 1.857464E-02 2.121044E-02 1.284626E-03 1.674009E-03 1.273716E-03 9.310604E-04 6.991231E-04
214 7.533929E+01 5.178571E-01 2.079278E+00 1.542595E-02 1.586645E-02 1.879810E-02 2.146577E-02 1.289349E-03 1.680166E-03 1.278401E-03 9.344853E-04 7.016949E-04
215 7.585714E+01 5.178571E-01 2.079278E+00 1.560982E-02 1.605558E-02 1.902225E-02 2.172189E-02 1.294083E-03 1.686339E-03 1.283098E-03 9.379188E-04 7.042731E-04
216 7.637500E+01 5.178571E-01 2.079278E+00 1.579422E-02 1.624526E-02 1.924704E-02 2.197876E-02 1.298828E-03 1.692527E-03 1.287806E-03 9.413606E-04 7.068576E-04
217 7.689286E+01 5.178571E-01 2.079278E+00 1.597914E-02 1.643547E-02 1.947246E-02 2.223635E-02 1.303583E-03 1.698728E-03 1.292525E-03 9.448103E-04 7.094480E-04
218 7.741071E+01 5.178571E-01 2.079278E+00 1.616454E-02 1.662618E-02 1.969848E-02 2.249462E-02 1.308349E-03 1.704942E-03 1.297254E-03 9.482674E-04 7.120440E-04
219 7.792857E+01 5.178571E-01 2.079278E+00 1.635040E-02 1.681736E-02 1.992506E-02 2.275354E-02 1.313124E-03 1.711169E-03 1.301992E-03 9.517317E-04 7.146455E-04
220 7.844643E+01 5.178571E-01 2.079278E+00 1.653670E-02 1.700900E-02 2.015218E-02 2.301308E-02 1.317908E-03 1.717408E-03 1.306740E-03 9.552028E-04 7.172520E-04
221 7.896429E+01 5.178571E-01 2.079278E+00 1.672342E-02 1.720106E-02 2.037980E-02 2.327319E-02 1.322701E-03 1.723658E-03 1.311496E-03 9.586802E-04 7.198634E-04
222 7.948214E+01 5.178571E-01 2.079278E+00 1.691052E-02 1.739352E-02 2.060790E-02 2.353385E-02 1.327501E-03 1.729918E-03 1.316261E-03 9.621637E-04 7.224792E-04
223 8.000000E+01 5.178571E-01 2.079278E+00 1.709799E-02 1.758635E-02 2.083644E-02 2.379502E-02 1.332308E-03 1.736188E-03 1.321032E-03 9.656527E-04 7.250993E-04
224 8.051786E+01 5.178571E-01 2.079278E+00 1.728579E-02 1.777953E-02 2.106539E-02 2.405667E-02 1.337123E-03 1.742467E-03 1.325811E-03 9.691468E-04 7.277233E-04
225 8.103571E+01 5.178571E-01 2.079278E+00 1.747391E-02 1.797304E-02 2.129473E-02 2.431876E-02 1.341943E-03 1.748754E-03 1.330596E-03 9.726458E-04 7.303509E-04
226 8.155357E+01 5.178571E-01 2.079278E+00 1.766231E-02 1.816684E-02 2.152442E-02 2.458125E-02 1.346769E-03 1.755049E-03 1.335387E-03 9.761491E-04 7.329818E-04
227 8.207143E+01 5.178571E-01 2.079278E+00 1.785098E-02 1.836091E-02 2.175443E-02 2.484412E-02 1.351600E-03 1.761350E-03 1.340183E-03 9.796564E-04 7.356157E-04
228 8.258929E+01 5.178571E-01 2.079278E+00 1.803988E-02 1.855522E-02 2.198473E-02 2.510731E-02 1.356436E-03 1.767657E-03 1.344984E-03 9.831672E-04 7.382523E-04
229 8.310714E+01 5.178571E-01 2.079278E+00 1.822899E-02 1.874975E-02 2.221529E-02 2.537081E-02 1.361275E-03 1.773969E-03 1.349789E-03 9.866811E-04 7.408912E-04
230 8.362500E+01 5.178571E-01 2.079278E+00 1.841829E-02 1.894447E-02 2.244608E-02 2.563457E-02 1.366118E-03 1.780286E-03 1.354597E-03 9.901976E-04 7.435322E-04
231 8.414286E+01 5.178571E-01 2.079278E+00 1.860775E-02 1.913935E-02 2.267706E-02 2.589855E-02 1.370963E-03 1.786606E-03 1.359408E-03 9.937165E-04 7.461749E-04
232 8.466071E+01 5.178571E-01 2.079278E+00 1.879734E-02 1.933437E-02 2.290820E-02 2.616272E-02 1.375810E-03 1.792929E-03 1.364222E-03 9.972371E-04 7.488190E-04
233 8.517857E+01 5.178571E-01 2.079278E+00 1.898703E-02 1.952950E-02 2.313948E-02 2.642705E-02 1.380659E-03 1.799255E-03 1.369037E-03 1.000759E-03 7.514642E-04
234 8.569643E+01 5.178571E-01 2.079278E+00 1.917681E-02 1.972472E-02 2.337085E-02 2.669150E-02 1.385509E-03 1.805581E-03 1.373854E-03 1.004282E-03 7.541101E-04
235 8.621429E+01 5.178571E-01 2.079278E+00 1.936665E-02 1.991999E-02 2.360230E-02 2.695603E-02 1.390359E-03 1.811908E-03 1.378670E-03 1.007806E-03 7.567564E-04
236 8.673214E+01 5.178571E-01 2.079278E+00 1.955651E-02 2.011529E-02 2.383378E-02 2.722060E-02 1.395208E-03 1.818235E-03 1.383487E-03 1.011329E-03 7.594029E-04
237 8.725000E+01 5.178571E-01 2.079278E+00 1.974637E-02 2.031060E-02 2.406527E-02 2.748519E-02 1.400057E-03 1.824560E-03 1.388304E-03 1.014853E-03 7.620491E-04
238 8.776786E+01 5.178571E-01 2.079278E+00 1.993622E-02 2.050588E-02 2.429674E-02 2.774975E-02 1.404903E-03 1.830884E-03 1.393119E-03 1.018375E-03 7.646947E-04
239 8.828571E+01 5.178571E-01 2.079278E+00 2.012602E-02 2.070112E-02 2.452815E-02 2.801425E-02 1.409748E-03 1.837205E-03 1.397932E-03 1.021896E-03 7.673395E-04
240 8.880357E+01 5.178571E-01 2.079278E+00 2.031574E-02 2.089628E-02 2.475947E-02 2.827865E-02 1.414590E-03 1.843523E-03 1.402742E-03 1.025416E-03 7.699830E-04
241 8.932143E+01 5.178571E-01 2.079278E+00 2.050537E-02 2.109134E-02 2.499067E-02 2.854292E-02 1.419429E-03 1.849836E-03 1.407550E-03 1.028933E-03 7.726250E-04
242 8.983929E+01 5.178571E-01 2.079278E+00 2.069487E-02 2.128627E-02 2.522173E-02 2.880703E-02 1.424263E-03 1.856144E-03 1.412354E-03 1.032448E-03 7.752651E-04
243 9.035714E+01 5.178571E-01 2.079278E+00 2.088423E-02 2.148105E-02 2.545260E-02 2.907093E-02 1.429093E-03 1.862447E-03 1.417153E-03 1.035960E-03 7.779030E-04
244 9.087500E+01 5.178571E-01 2.079278E+00 2.107341E-02 2.167566E-02 2.568326E-02 2.933459E-02 1.433918E-03 1.868743E-03 1.421948E-03 1.039469E-03 7.805384E-04
245 9.139286E+01 5.178571E-01 2.079278E+00 2.126239E-02 2.187005E-02 2.591369E-02 2.959799E-02 1.438737E-03 1.875031E-03 1.426737E-03 1.042973E-03 7.831709E-04
246 9.191071E+01 5.178571E-01 2.079278E+00 2.145115E-02 2.206422E-02 2.614384E-02 2.986107E-02 1.443549E-03 1.881311E-03 1.431520E-03 1.046474E-03 7.858003E-04
247 9.242857E+01 5.178571E-01 2.079278E+00 2.163965E-02 2.225813E-02 2.637369E-02 3.012382E-02 1.448354E-03 1.887583E-03 1.436297E-03 1.049970E-03 7.884261E-04
248 9.294643E+01 5.178571E-01 2.079278E+00 2.182789E-02 2.245177E-02 2.660321E-02 3.038619E-02 1.453152E-03 1.893844E-03 1.441066E-03 1.053460E-03 7.910481E-04
249 9.346429E+01 5.178571E-01 2.079278E+00 2.201583E-02 2.264510E-02 2.683237E-02 3.064815E-02 1.457942E-03 1.900096E-03 1.445828E-03 1.056945E-03 7.936660E-04
250 9.398214E+01 5.178571E-01 2.079278E+00 2.220345E-02 2.283809E-02 2.706114E-02 3.090967E-02 1.462723E-03 1.906336E-03 1.450581E-03 1.060424E-03 7.962795E-04
251 9.450000E+01 5.178571E-01 2.079278E+00 2.239073E-02 2.303074E-02 2.728949E-02 3.117072E-02 1.467495E-03 1.912564E-03 1.455326E-03 1.063897E-03 7.988881E-04
252 9.501786E+01 5.178571E-01 2.079278E+00 2.257764E-02 2.322301E-02 2.751740E-02 3.143126E-02 1.472257E-03 1.918779E-03 1.460060E-03 1.067363E-03 8.014917E-04
253 9.553571E+01 5.178571E-01 2.079278E+00 2.276415E-02 2.341487E-02 2.774483E-02 3.169126E-02 1.477008E-03 1.924981E-03 1.464785E-03 1.070821E-03 8.040899E-04
254 9.605357E+01 5.178571E-01 2.079278E+00 2.295026E-02 2.360631E-02 2.797176E-02 3.195069E-02 1.481748E-03 1.931169E-03 1.469499E-03 1.074272E-03 8.066824E-04
255 9.657143E+01 5.178571E-01 2.079278E+00 2.313592E-02 2.379730E-02 2.819816E-02 3.220951E-02 1.486477E-03 1.937341E-03 1.474202E-03 1.077715E-03 8.092689E-04
256 9.708929E+01 5.178571E-01 2.079278E+00 2.332113E-02 2.398782E-02 2.842399E-02 3.246770E-02 1.491194E-03 1.943499E-03 1.478893E-03 1.081150E-03 8.118491E-04
257 9.760714E+01 5.178571E-01 2.079278E+00 2.350586E-02 2.417784E-02 2.864925E-02 3.272522E-02 1.495898E-03 1.949640E-03 1.483572E-03 1.084576E-03 8.144227E-04
258 9.812500E+01 5.178571E-01 2.079278E+00 2.369008E-02 2.436735E-02 2.887389E-02 3.298205E-02 1.500589E-03 1.955763E-03 1.488239E-03 1.087992E-03 8.169894E-04
259 9.864286E+01 5.178571E-01 2.079278E+00 2.387378E-02 2.455631E-02 2.909789E-02 3.323815E-02 1.505266E-03 1.961870E-03 1.492891E-03 1.091399E-03 8.195490E-04
260 9.916071E+01 5.178571E-01 2.079278E+00 2.405693E-02 2.474472E-02 2.932123E-02 3.349349E-02 1.509929E-03 1.967957E-03 1.497530E-03 1.094796E-03 8.221010E-04
261 9.967857E+01 5.178571E-01 2.079278E+00 2.423951E-02 2.493254E-02 2.954388E-02 3.374805E-02 1.514577E-03 1.974026E-03 1.502155E-03 1.098183E-03 8.246453E-04
262 1.001964E+02 5.178571E-01 2.079278E+00 2.442151E-02 2.511976E-02 2.976582E-02 3.400180E-02 1.519210E-03 1.980075E-03 1.506765E-03 1.101558E-03 8.271816E-04
263 1.007143E+02 5.178571E-01 2.079278E+00 2.460290E-02 2.530635E-02 2.998701E-02 3.425470E-02 1.523827E-03 1.986104E-03 1.511359E-03 1.104923E-03 8.297096E-04
264 1.012321E+02 5.178571E-01 2.079278E+00 2.478366E-02 2.549230E-02 3.020744E-02 3.450673E-02 1.528428E-03 1.992111E-03 1.515938E-03 1.108277E-03 8.322291E-04
265 1.017500E+02 5.178571E-01 2.079278E+00 2.496378E-02 2.567758E-02 3.042709E-02 3.475787E-02 1.533012E-03 1.998097E-03 1.520500E-03 1.111618E-03 8.347397E-04
266 1.022679E+02 5.178571E-01 2.079278E+00 2.514323E-02 2.586218E-02 3.064592E-02 3.500808E-02 1.537579E-03 2.004061E-03 1.525046E-03 1.114947E-03 8.372412E-04
267 1.027857E+02 5.178571E-01 2.079278E+00 2.532200E-02 2.604608E-02 3.086392E-02 3.525734E-02 1.542128E-03 2.010002E-03 1.529574E-03 1.118264E-03 8.397333E-04
268 1.033036E+02 5.178571E-01 2.079278E+00 2.550006E-02 2.622925E-02 3.108106E-02 3.550563E-02 1.546659E-03 2.015919E-03 1.534085E-03 1.121568E-03 8.422159E-04
269 1.038214E+02 5.178571E-01 2.079278E+00 2.567740E-02 2.641167E-02 3.129733E-02 3.575291E-02 1.551172E-03 2.021813E-03 1.538577E-03 1.124859E-03 8.446886E-04
270 1.043393E+02 5.178571E-01 2.079278E+00 2.585400E-02 2.659334E-02 3.151269E-02 3.599917E-02 1.555666E-03 2.027682E-03 1.543051E-03 1.128137E-03 8.471512E-04
271 1.048571E+02 5.178571E-01 2.079278E+00 2.602984E-02 2.677423E-02 3.172714E-02 3.624438E-02 1.560140E-03 2.033525E-03 1.547506E-03 1.131400E-03 8.496035E-04
272 1.053750E+02 5.178571E-01 2.079278E+00 2.620491E-02 2.695432E-02 3.194064E-02 3.648852E-02 1.564594E-03 2.039343E-03 1.551941E-03 1.134650E-03 8.520452E-04
273 1.058929E+02 5.178571E-01 2.079278E+00 2.637919E-02 2.713361E-02 3.215318E-02 3.673155E-02 1.569029E-03 2.045135E-03 1.556357E-03 1.137885E-03 8.544761E-04
274 1.064107E+02 5.178571E-01 2.079278E+00 2.655267E-02 2.731206E-02 3.236474E-02 3.697347E-02 1.573442E-03 2.050899E-03 1.560752E-03 1.141105E-03 8.568961E-04
275 1.069286E+02 5.178571E-01 2.079278E+00 2.672532E-02 2.748967E-02 3.257530E-02 3.721425E-02 1.577835E-03 2.056637E-03 1.565127E-03 1.144311E-03 8.593048E-04
276 1.074464E+02 5.178571E-01 2.079278E+00 2.689713E-02 2.766641E-02 3.278483E-02 3.745386E-02 1.582206E-03 2.062347E-03 1.569480E-03 1.147501E-03 8.617020E-04
277 1.079643E+02 5.178571E-01 2.079278E+00 2.706810E-02 2.784228E-02 3.299333E-02 3.769229E-02 1.586555E-03 2.068028E-03 1.573813E-03 1.150675E-03 8.640876E-04
278 1.084821E+02 5.178571E-01 2.079278E+00 2.723819E-02 2.801726E-02 3.320078E-02 3.792952E-02 1.590882E-03 2.073681E-03 1.578123E-03 1.153834E-03 8.664614E-04
279 1.090000E+02 5.178571E-01 2.079278E+00 2.740741E-02 2.819134E-02 3.340715E-02 3.816552E-02 1.595187E-03 2.079304E-03 1.582411E-03 1.156977E-03 8.688231E-04
280 1.095179E+02 5.178571E-01 2.079278E+00 2.757573E-02 2.836449E-02 3.361243E-02 3.840028E-02 1.599468E-03 2.084898E-03 1.586677E-03 1.160103E-03 8.711726E-04
281 1.100357E+02 5.178571E-01 2.079278E+00 2.774314E-02 2.853671E-02 3.381661E-02 3.863378E-02 1.603727E-03 2.090462E-03 1.590920E-03 1.163213E-03 8.735096E-04
282 1.105536E+02 5.178571E-01 2.079278E+00 2.790963E-02 2.870798E-02 3.401966E-02 3.886599E-02 1.607962E-03 2.095995E-03 1.595140E-03 1.166306E-03 8.758341E-04
283 1.110714E+02 5.178571E-01 2.079278E+00 2.807519E-02 2.887829E-02 3.422158E-02 3.909691E-02 1.612174E-03 2.101497E-03 1.599337E-03 1.169382E-03 8.781458E-04
284 1.115893E+02 5.178571E-01 2.079278E+00 2.823981E-02 2.904763E-02 3.442235E-02 3.932652E-02 1.616361E-03 2.106968E-03 1.603510E-03 1.172441E-03 8.804445E-04
285 1.121071E+02 5.178571E-01 2.079278E+00 2.840346E-02 2.921599E-02 3.462195E-02 3.955480E-02 1.620524E-03 2.112408E-03 1.607658E-03 1.175482E-03 8.827301E-04
286 1.126250E+02 5.178571E-01 2.079278E+00 2.856615E-02 2.938335E-02 3.482037E-02 3.978173E-02 1.624662E-03 2.117815E-03 1.611783E-03 1.178506E-03 8.850025E-04
287 1.131429E+02 5.178571E-01 2.079278E+00 2.872786E-02 2.954970E-02 3.501760E-02 4.000729E-02 1.628775E-03 2.123190E-03 1.615883E-03 1.181512E-03 8.872615E-04
288 1.136607E+02 5.178571E-01 2.079278E+00 2.888858E-02 2.971504E-02 3.521362E-02 4.023149E-02 1.632863E-03 2.128532E-03 1.619958E-03 1.184499E-03 8.895068E-04
289 1.141786E+02 5.178571E-01 2.079278E+00 2.904830E-02 2.987934E-02 3.540843E-02 4.045429E-02 1.636926E-03 2.133841E-03 1.624008E-03 1.187468E-03 8.917385E-04
290 1.146964E+02 5.178571E-01 2.079278E+00 2.920701E-02 3.004261E-02 3.560200E-02 4.067569E-02 1.640962E-03 2.139116E-03 1.628032E-03 1.190419E-03 8.939564E-04
291 1.152143E+02 5.178571E-01 2.079278E+00 2.936471E-02 3.020484E-02 3.579433E-02 4.089567E-02 1.644973E-03 2.144358E-03 1.632031E-03 1.193352E-03 8.961602E-04
292 1.157321E+02 5.178571E-01 2.079278E+00 2.952137E-02 3.036600E-02 3.598542E-02 4.111422E-02 1.648958E-03 2.149566E-03 1.636005E-03 1.196265E-03 8.983500E-04
293 1.162500E+02 5.178571E-01 2.079278E+00 2.967700E-02 3.052610E-02 3.617524E-02 4.133133E-02 1.652917E-03 2.154739E-03 1.639952E-03 1.199159E-03 9.005255E-04
294 1.167679E+02 5.178571E-01 2.079278E+00 2.983159E-02 3.068513E-02 3.636379E-02 4.154699E-02 1.656848E-03 2.159878E-03 1.643873E-03 1.202035E-03 9.026867E-04
295 1.172857E+02 5.178571E-01 2.079278E+00 2.998512E-02 3.084307E-02 3.655106E-02 4.176119E-02 1.660754E-03 2.164982E-03 1.647767E-03 1.204891E-03 9.048335E-04
296 1.178036E+02 5.178571E-01 2.079278E+00 3.013760E-02 3.099993E-02 3.673703E-02 4.197391E-02 1.664632E-03 2.170051E-03 1.651635E-03 1.207728E-03 9.069657E-04
297 1.183214E+02 5.178571E-01 2.079278E+00 3.028901E-02 3.115569E-02 3.692171E-02 4.218515E-02 1.668483E-03 2.175085E-03 1.655477E-03 1.210545E-03 9.090833E-04
298 1.188393E+02 5.178571E-01 2.079278E+00 3.043935E-02 3.131035E-02 3.710508E-02 4.239490E-02 1.672307E-03 2.180084E-03 1.659291E-03 1.213342E-03 9.111861E-04
299 1.193571E+02 5.178571E-01 2.079278E+00 3.058861E-02 3.146389E-02 3.728714E-02 4.260315E-02 1.676103E-03 2.185046E-03 1.663078E-03 1.216120E-03 9.132741E-04
300 1.198750E+02 5.178571E-01 2.079278E+00 3.073678E-02 3.161633E-02 3.746788E-02 4.280989E-02 1.679872E-03 2.189973E-03 1.666838E-03 1.218878E-03 9.153472E-04
301 1.203929E+02 5.178571E-01 2.079278E+00 3.088387E-02 3.176764E-02 3.764729E-02 4.301511E-02 1.683613E-03 2.194864E-03 1.670570E-03 1.221616E-03 9.174052E-04
302 1.209107E+02 5.178571E-01 2.079278E+00 3.102986E-02 3.191783E-02 3.782537E-02 4.321881E-02 1.687326E-03 2.199718E-03 1.674275E-03 1.224334E-03 9.194482E-04
303 1.214286E+02 5.178571E-01 2.079278E+00 3.117476E-02 3.206689E-02 3.800211E-02 4.342098E-02 1.691012E-03 2.204536E-03 1.677953E-03 1.227031E-03 9.214761E-04
304 1.219464E+02 5.178571E-01 2.079278E+00 3.131855E-02 3.221481E-02 3.817750E-02 4.362162E-02 1.694669E-03 2.209318E-03 1.681602E-03 1.229709E-03 9.234888E-04
305 1.224643E+02 5.178571E-01 2.079278E+00 3.146123E-02 3.236159E-02 3.835154E-02 4.382071E-02 1.698298E-03 2.214063E-03 1.685224E-03 1.232366E-03 9.254862E-04
306 1.229821E+02 5.178571E-01 2.079278E+00 3.160280E-02 3.250723E-02 3.852423E-02 4.401826E-02 1.701899E-03 2.218771E-03 1.688818E-03 1.235003E-03 9.274683E-04
307 1.235000E+02 5.178571E-01 2.079278E+00 3.174326E-02 3.265173E-02 3.869556E-02 4.421425E-02 1.705472E-03 2.223442E-03 1.692383E-03 1.237619E-03 9.294350E-04
308 1.240179E+02 5.178571E-01 2.079278E+00 3.188260E-02 3.279507E-02 3.886553E-02 4.440869E-02 1.709016E-03 2.228076E-03 1.695921E-03 1.240214E-03 9.313864E-04
309 1.245357E+02 5.178571E-01 2.079278E+00 3.202082E-02 3.293727E-02 3.903414E-02 4.460157E-02 1.712532E-03 2.232674E-03 1.699431E-03 1.242790E-03 9.333222E-04
310 1.250536E+02 5.178571E-01 2.079278E+00 3.215792E-02 3.307831E-02 3.920137E-02 4.479289E-02 1.716019E-03 2.237234E-03 1.702912E-03 1.245344E-03 9.352426E-04
311 1.255714E+02 5.178571E-01 2.079278E+00 3.229390E-02 3.321819E-02 3.936724E-02 4.498264E-02 1.719478E-03 2.241756E-03 1.706365E-03 1.247878E-03 9.371475E-04
312 1.260893E+02 5.178571E-01 2.079278E+00 3.242875E-02 3.335692E-02 3.953174E-02 4.517083E-02 1.722908E-03 2.246242E-03 1.709789E-03 1.250391E-03 9.390368E-04
313 1.266071E+02 5.178571E-01 2.079278E+00 3.256247E-02 3.349449E-02 3.969486E-02 4.535744E-02 1.726310E-03 2.250690E-03 1.713185E-03 1.252883E-03 9.409106E-04
314 1.271250E+02 5.178571E-01 2.079278E+00 3.269507E-02 3.363090E-02 3.985660E-02 4.554249E-02 1.729683E-03 2.255101E-03 1.716553E-03 1.255355E-03 9.427688E-04
315 1.276429E+02 5.178571E-01 2.079278E+00 3.282654E-02 3.376614E-02 4.001698E-02 4.572596E-02 1.733027E-03 2.259474E-03 1.719892E-03 1.257806E-03 9.446113E-04
316 1.281607E+02 5.178571E-01 2.079278E+00 3.295688E-02 3.390023E-02 4.017597E-02 4.590786E-02 1.736342E-03 2.263811E-03 1.723203E-03 1.260236E-03 9.464383E-04
317 1.286786E+02 5.178571E-01 2.079278E+00 3.308608E-02 3.403315E-02 4.033359E-02 4.608819E-02 1.739629E-03 2.268109E-03 1.726486E-03 1.262645E-03 9.482497E-04
318 1.291964E+02 5.178571E-01 2.079278E+00 3.321416E-02 3.416491E-02 4.048983E-02 4.626694E-02 1.742887E-03 2.272370E-03 1.729740E-03 1.265033E-03 9.500454E-04
319 1.297143E+02 5.178571E-01 2.079278E+00 3.334112E-02 3.429552E-02 4.064470E-02 4.644412E-02 1.746117E-03 2.276594E-03 1.732965E-03 1.267401E-03 9.518255E-04
320 1.302321E+02 5.178571E-01 2.079278E+00 3.346694E-02 3.442496E-02 4.079819E-02 4.661973E-02 1.749317E-03 2.280781E-03 1.736162E-03 1.269748E-03 9.535900E-04
321 1.307500E+02 5.178571E-01 2.079278E+00 3.359164E-02 3.455324E-02 4.095031E-02 4.679378E-02 1.752490E-03 2.284930E-03 1.739331E-03 1.272074E-03 9.553388E-04
322 1.312679E+02 5.178571E-01 2.079278E+00 3.371521E-02 3.468036E-02 4.110105E-02 4.696625E-02 1.755633E-03 2.289042E-03 1.742471E-03 1.274379E-03 9.570721E-04
323 1.317857E+02 5.178571E-01 2.079278E+00 3.383765E-02 3.480633E-02 4.125042E-02 4.713715E-02 1.758748E-03 2.293116E-03 1.745583E-03 1.276664E-03 9.587898E-04
324 1.323036E+02 5.178571E-01 2.079278E+00 3.395898E-02 3.493114E-02 4.139843E-02 4.730649E-02 1.761835E-03 2.297154E-03 1.748666E-03 1.278927E-03 9.604920E-04
325 1.328214E+02 5.178571E-01 2.079278E+00 3.407918E-02 3.505480E-02 4.154507E-02 4.747427E-02 1.764893E-03 2.301154E-03 1.751722E-03 1.281171E-03 9.621786E-04
326 1.333393E+02 5.178571E-01 2.079278E+00 3.419826E-02 3.517731E-02 4.169034E-02 4.764049E-02 1.767922E-03 2.305117E-03 1.754749E-03 1.283393E-03 9.638497E-04
327 1.338571E+02 5.178571E-01 2.079278E+00 3.431623E-02 3.529867E-02 4.183426E-02 4.780516E-02 1.770923E-03 2.309043E-03 1.757748E-03 1.285595E-03 9.655053E-04
328 1.343750E+02 5.178571E-01 2.079278E+00 3.443309E-02 3.541889E-02 4.197681E-02 4.796827E-02 1.773896E-03 2.312933E-03 1.760718E-03 1.287776E-03 9.671455E-04
329 1.348929E+02 5.178571E-01 2.079278E+00 3.454883E-02 3.553796E-02 4.211802E-02 4.812983E-02 1.776841E-03 2.316785E-03 1.763661E-03 1.289937E-03 9.687703E-04
330 1.354107E+02 5.178571E-01 2.079278E+00 3.466347E-02 3.565590E-02 4.225787E-02 4.828985E-02 1.779757E-03 2.320601E-03 1.766576E-03 1.292077E-03 9.703797E-04
331 1.359286E+02 5.178571E-01 2.079278E+00 3.477700E-02 3.577269E-02 4.239637E-02 4.844834E-02 1.782646E-03 2.324380E-03 1.769463E-03 1.294197E-03 9.719737E-04
332 1.364464E+02 5.178571E-01 2.079278E+00 3.488943E-02 3.588836E-02 4.253353E-02 4.860528E-02 1.785506E-03 2.328122E-03 1.772322E-03 1.296297E-03 9.735525E-04
333 1.369643E+02 5.178571E-01 2.079278E+00 3.500076E-02 3.600290E-02 4.266936E-02 4.876070E-02 1.788339E-03 2.331828E-03 1.775153E-03 1.298376E-03 9.751160E-04
334 1.374821E+02 5.178571E-01 2.079278E+00 3.511100E-02 3.611631E-02 4.280385E-02 4.891459E-02 1.791144E-03 2.335498E-03 1.777956E-03 1.300435E-03 9.766643E-04
335 1.380000E+02 5.178571E-01 2.079278E+00 3.522015E-02 3.622860E-02 4.293701E-02 4.906696E-02 1.793921E-03 2.339132E-03 1.780733E-03 1.302474E-03 9.781975E-04
336 1.385179E+02 5.178571E-01 2.079278E+00 3.532822E-02 3.633977E-02 4.306885E-02 4.921782E-02 1.796671E-03 2.342730E-03 1.783481E-03 1.304493E-03 9.797156E-04
337 1.390357E+02 5.178571E-01 2.079278E+00 3.543520E-02 3.644983E-02 4.319937E-02 4.936718E-02 1.799393E-03 2.346292E-03 1.786203E-03 1.306491E-03 9.812186E-04
338 1.395536E+02 5.178571E-01 2.079278E+00 3.554111E-02 3.655879E-02 4.332858E-02 4.951503E-02 1.802087E-03 2.349818E-03 1.788897E-03 1.308470E-03 9.827067E-04
339 1.400714E+02 5.178571E-01 2.079278E+00 3.564595E-02 3.666664E-02 4.345648E-02 4.966139E-02 1.804755E-03 2.353308E-03 1.791564E-03 1.310429E-03 9.841798E-04
340 1.405893E+02 5.178571E-01 2.079278E+00 3.574971E-02 3.677339E-02 4.358308E-02 4.980626E-02 1.807395E-03 2.356763E-03 1.794204E-03 1.312368E-03 9.856382E-04
341 1.411071E+02 5.178571E-01 2.079278E+00 3.585242E-02 3.687905E-02 4.370838E-02 4.994965E-02 1.810009E-03 2.360183E-03 1.796817E-03 1.314288E-03 9.870817E-04
342 1.416250E+02 5.178571E-01 2.079278E+00 3.595407E-02 3.698363E-02 4.383239E-02 5.009156E-02 1.812595E-03 2.363568E-03 1.799403E-03 1.316188E-03 9.885105E-04
343 1.421429E+02 5.178571E-01 2.079278E+00 3.605467E-02 3.708712E-02 4.395513E-02 5.023201E-02 1.815155E-03 2.366918E-03 1.801963E-03 1.318068E-03 9.899247E-04
344 1.426607E+02 5.178571E-01 2.079278E+00 3.615422E-02 3.718954E-02 4.407658E-02 5.037100E-02 1.817688E-03 2.370233E-03 1.804497E-03 1.319929E-03 9.913243E-04
345 1.431786E+02 5.178571E-01 2.079278E+00 3.625273E-02 3.729088E-02 4.419677E-02 5.050854E-02 1.820195E-03 2.373514E-03 1.807004E-03 1.321771E-03 9.927094E-04
346 1.436964E+02 5.178571E-01 2.079278E+00 3.635020E-02 3.739116E-02 4.431569E-02 5.064463E-02 1.822675E-03 2.376760E-03 1.809485E-03 1.323594E-03 9.940800E-04
347 1.442143E+02 5.178571E-01 2.079278E+00 3.644665E-02 3.749038E-02 4.443336E-02 5.077929E-02 1.825130E-03 2.379972E-03 1.811939E-03 1.325397E-03 9.954364E-04
348 1.447321E+02 5.178571E-01 2.079278E+00 3.654207E-02 3.758855E-02 4.454978E-02 5.091252E-02 1.827558E-03 2.383150E-03 1.814368E-03 1.327182E-03 9.967784E-04
349 1.452500E+02 5.178571E-01 2.079278E+00 3.663648E-02 3.768567E-02 4.466496E-02 5.104433E-02 1.829960E-03 2.386295E-03 1.816771E-03 1.328947E-03 9.981063E-04
350 1.457679E+02 5.178571E-01 2.079278E+00 3.672987E-02 3.778175E-02 4.477891E-02 5.117473E-02 1.832337E-03 2.389406E-03 1.819149E-03 1.330694E-03 9.994200E-04
351 1.462857E+02 5.178571E-01 2.079278E+00 3.682226E-02 3.787680E-02 4.489163E-02 5.130373E-02 1.834688E-03 2.392483E-03 1.821501E-03 1.332422E-03 1.000720E-03
352 1.468036E+02 5.178571E-01 2.079278E+00 3.691365E-02 3.797082E-02 4.500313E-02 5.143134E-02 1.837014E-03 2.395527E-03 1.823827E-03 1.334132E-03 1.002006E-03
353 1.473214E+02 5.178571E-01 2.079278E+00 3.700404E-02 3.806382E-02 4.511342E-02 5.155756E-02 1.839314E-03 2.398538E-03 1.826129E-03 1.335823E-03 1.003277E-03
354 1.478393E+02 5.178571E-01 2.079278E+00 3.709345E-02 3.815580E-02 4.522251E-02 5.168240E-02 1.841590E-03 2.401517E-03 1.828405E-03 1.337496E-03 1.004536E-03
355 1.483571E+02 5.178571E-01 2.079278E+00 3.718188E-02 3.824677E-02 4.533040E-02 5.180588E-02 1.843840E-03 2.404463E-03 1.830657E-03 1.339150E-03 1.005780E-03
356 1.488750E+02 5.178571E-01 2.079278E+00 3.726933E-02 3.833675E-02 4.543710E-02 5.192800E-02 1.846066E-03 2.407376E-03 1.832884E-03 1.340787E-03 1.007011E-03
357 1.493929E+02 5.178571E-01 2.079278E+00 3.735582E-02 3.842572E-02 4.554263E-02 5.204877E-02 1.848267E-03 2.410258E-03 1.835087E-03 1.342406E-03 1.008228E-03
358 1.499107E+02 5.178571E-01 2.079278E+00 3.744135E-02 3.851372E-02 4.564698E-02 5.216820E-02 1.850444E-03 2.413107E-03 1.837265E-03 1.344006E-03 1.009432E-03
359 1.504286E+02 5.178571E-01 2.079278E+00 3.752593E-02 3.860073E-02 4.575018E-02 5.228630E-02 1.852596E-03 2.415925E-03 1.839419E-03 1.345589E-03 1.010623E-03
360 1.509464E+02 5.178571E-01 2.079278E+00 3.760956E-02 3.868676E-02 4.585221E-02 5.240308E-02 1.854725E-03 2.418711E-03 1.841549E-03 1.347155E-03 1.011801E-03
361 1.514643E+02 5.178571E-01 2.079278E+00 3.769225E-02 3.877184E-02 4.595311E-02 5.251856E-02 1.856829E-03 2.421467E-03 1.843655E-03 1.348703E-03 1.012965E-03
362 1.519821E+02 5.178571E-01 2.079278E+00 3.777401E-02 3.885595E-02 4.605286E-02 5.263273E-02 1.858910E-03 2.424191E-03 1.845738E-03 1.350233E-03 1.014116E-03
363 1.525000E+02 5.178571E-01 2.079278E+00 3.785484E-02 3.893911E-02 4.615149E-02 5.274561E-02 1.860968E-03 2.426884E-03 1.847797E-03 1.351747E-03 1.015254E-03
364 1.530179E+02 5.178571E-01 2.079278E+00 3.793476E-02 3.902132E-02 4.624900E-02 5.285721E-02 1.863002E-03 2.429547E-03 1.849833E-03 1.353243E-03 1.016380E-03
365 1.535357E+02 5.178571E-01 2.079278E+00 3.801376E-02 3.910260E-02 4.634539E-02 5.296753E-02 1.865013E-03 2.432180E-03 1.851846E-03 1.354723E-03 1.017493E-03
366 1.540536E+02 5.178571E-01 2.079278E+00 3.809186E-02 3.918295E-02 4.644068E-02 5.307660E-02 1.867001E-03 2.434783E-03 1.853835E-03 1.356185E-03 1.018593E-03
367 1.545714E+02 5.178571E-01 2.079278E+00 3.816906E-02 3.926238E-02 4.653488E-02 5.318441E-02 1.868966E-03 2.437355E-03 1.855803E-03 1.357631E-03 1.019680E-03
368 1.550893E+02 5.178571E-01 2.079278E+00 3.824537E-02 3.934089E-02 4.662800E-02 5.329099E-02 1.870908E-03 2.439899E-03 1.857747E-03 1.359060E-03 1.020756E-03
369 1.556071E+02 5.178571E-01 2.079278E+00 3.832080E-02 3.941849E-02 4.672003E-02 5.339633E-02 1.872828E-03 2.442412E-03 1.859669E-03 1.360473E-03 1.021818E-03
370 1.561250E+02 5.178571E-01 2.079278E+00 3.839536E-02 3.949519E-02 4.681100E-02 5.350045E-02 1.874726E-03 2.444897E-03 1.861569E-03 1.361870E-03 1.022869E-03
371 1.566429E+02 5.178571E-01 2.079278E+00 3.846905E-02 3.957100E-02 4.690091E-02 5.360336E-02 1.876602E-03 2.447353E-03 1.863447E-03 1.363250E-03 1.023907E-03
372 1.571607E+02 5.178571E-01 2.079278E+00 3.854187E-02 3.964592E-02 4.698978E-02 5.370507E-02 1.878455E-03 2.449781E-03 1.865303E-03 1.364615E-03 1.024933E-03
373 1.576786E+02 5.178571E-01 2.079278E+00 3.861385E-02 3.971997E-02 4.707760E-02 5.380559E-02 1.880287E-03 2.452179E-03 1.867137E-03 1.365963E-03 1.025948E-03
374 1.581964E+02 5.178571E-01 2.079278E+00 3.868498E-02 3.979315E-02 4.716438E-02 5.390493E-02 1.882098E-03 2.454550E-03 1.868950E-03 1.367296E-03 1.026950E-03
375 1.587143E+02 5.178571E-01 2.079278E+00 3.875527E-02 3.986546E-02 4.725015E-02 5.400309E-02 1.883887E-03 2.456893E-03 1.870742E-03 1.368613E-03 1.027941E-03
376 1.592321E+02 5.178571E-01 2.079278E+00 3.882472E-02 3.993692E-02 4.733490E-02 5.410010E-02 1.885655E-03 2.459209E-03 1.872512E-03 1.369915E-03 1.028920E-03
377 1.597500E+02 5.178571E-01 2.079278E+00 3.889336E-02 4.000753E-02 4.741865E-02 5.419596E-02 1.887403E-03 2.461496E-03 1.874261E-03 1.371201E-03 1.029888E-03
378 1.602679E+02 5.178571E-01 2.079278E+00 3.896118E-02 4.007730E-02 4.750140E-02 5.429068E-02 1.889129E-03 2.463757E-03 1.875990E-03 1.372472E-03 1.030844E-03
379 1.607857E+02 5.178571E-01 2.079278E+00 3.902819E-02 4.014624E-02 4.758316E-02 5.438427E-02 1.890835E-03 2.465991E-03 1.877699E-03 1.373728E-03 1.031789E-03
380 1.613036E+02 5.178571E-01 2.079278E+00 3.909439E-02 4.021435E-02 4.766395E-02 5.447674E-02 1.892520E-03 2.468198E-03 1.879386E-03 1.374969E-03 1.032722E-03
381 1.618214E+02 5.178571E-01 2.079278E+00 3.915981E-02 4.028165E-02 4.774377E-02 5.456810E-02 1.894186E-03 2.470379E-03 1.881054E-03 1.376195E-03 1.033645E-03
382 1.623393E+02 5.178571E-01 2.079278E+00 3.922443E-02 4.034814E-02 4.782263E-02 5.465836E-02 1.895831E-03 2.472533E-03 1.882702E-03 1.377407E-03 1.034556E-03
383 1.628571E+02 5.178571E-01 2.079278E+00 3.928828E-02 4.041382E-02 4.790053E-02 5.474754E-02 1.897456E-03 2.474662E-03 1.884330E-03 1.378603E-03 1.035456E-03
384 1.633750E+02 5.178571E-01 2.079278E+00 3.935135E-02 4.047871E-02 4.797750E-02 5.483564E-02 1.899062E-03 2.476765E-03 1.885938E-03 1.379786E-03 1.036346E-03
385 1.638929E+02 5.178571E-01 2.079278E+00 3.941366E-02 4.054282E-02 4.805353E-02 5.492267E-02 1.900648E-03 2.478842E-03 1.887527E-03 1.380954E-03 1.037225E-03
386 1.644107E+02 5.178571E-01 2.079278E+00 3.947521E-02 4.060614E-02 4.812863E-02 5.500864E-02 1.902215E-03 2.480895E-03 1.889096E-03 1.382108E-03 1.038093E-03
387 1.649286E+02 5.178571E-01 2.079278E+00 3.953602E-02 4.066870E-02 4.820282E-02 5.509356E-02 1.903763E-03 2.482922E-03 1.890647E-03 1.383249E-03 1.038951E-03
388 1.654464E+02 5.178571E-01 2.079278E+00 3.959607E-02 4.073048E-02 4.827611E-02 5.517745E-02 1.905292E-03 2.484924E-03 1.892178E-03 1.384375E-03 1.039798E-03
389 1.659643E+02 5.178571E-01 2.079278E+00 3.965540E-02 4.079152E-02 4.834850E-02 5.526031E-02 1.906803E-03 2.486902E-03 1.893691E-03 1.385487E-03 1.040635E-03
390 1.664821E+02 5.178571E-01 2.079278E+00 3.971399E-02 4.085180E-02 4.842000E-02 5.534216E-02 1.908294E-03 2.488856E-03 1.895186E-03 1.386586E-03 1.041462E-03
391 1.670000E+02 5.178571E-01 2.079278E+00 3.977186E-02 4.091134E-02 4.849061E-02 5.542299E-02 1.909768E-03 2.490786E-03 1.896662E-03 1.387672E-03 1.042278E-03
392 1.675179E+02 5.178571E-01 2.079278E+00 3.982902E-02 4.097014E-02 4.856036E-02 5.550283E-02 1.911223E-03 2.492692E-03 1.898120E-03 1.388744E-03 1.043085E-03
393 1.680357E+02 5.178571E-01 2.079278E+00 3.988548E-02 4.102822E-02 4.862925E-02 5.558169E-02 1.912660E-03 2.494575E-03 1.899559E-03 1.389803E-03 1.043881E-03
394 1.685536E+02 5.178571E-01 2.079278E+00 3.994123E-02 4.108558E-02 4.869728E-02 5.565956E-02 1.914080E-03 2.496434E-03 1.900982E-03 1.390849E-03 1.044668E-03
395 1.690714E+02 5.178571E-01 2.079278E+00 3.999629E-02 4.114223E-02 4.876447E-02 5.573647E-02 1.915482E-03 2.498270E-03 1.902386E-03 1.391882E-03 1.045445E-03
396 1.695893E+02 5.178571E-01 2.079278E+00 4.005066E-02 4.119817E-02 4.883082E-02 5.581243E-02 1.916866E-03 2.500083E-03 1.903773E-03 1.392902E-03 1.046213E-03
397 1.701071E+02 5.178571E-01 2.079278E+00 4.010436E-02 4.125341E-02 4.889634E-02 5.588743E-02 1.918233E-03 2.501874E-03 1.905143E-03 1.393909E-03 1.046971E-03
398 1.706250E+02 5.178571E-01 2.079278E+00 4.015738E-02 4.130797E-02 4.896105E-02 5.596150E-02 1.919584E-03 2.503642E-03 1.906496E-03 1.394904E-03 1.047719E-03
399 1.711429E+02 5.178571E-01 2.079278E+00 4.020975E-02 4.136183E-02 4.902494E-02 5.603465E-02 1.920917E-03 2.505389E-03 1.907831E-03 1.395886E-03 1.048458E-03
400 1.716607E+02 5.178571E-01 2.079278E+00 4.026145E-02 4.141503E-02 4.908803E-02 5.610687E-02 1.922233E-03 2.507113E-03 1.909150E-03 1.396857E-03 1.049188E-03
401 1.721786E+02 5.178571E-01 2.079278E+00 4.031250E-02 4.146755E-02 4.915033E-02 5.617819E-02 1.923533E-03 2.508816E-03 1.910453E-03 1.397815E-03 1.049909E-03
402 1.726964E+02 5.178571E-01 2.079278E+00 4.036291E-02 4.151941E-02 4.921184E-02 5.624860E-02 1.924817E-03 2.510497E-03 1.911739E-03 1.398761E-03 1.050621E-03
403 1.732143E+02 5.178571E-01 2.079278E+00 4.041268E-02 4.157062E-02 4.927258E-02 5.631813E-02 1.926084E-03 2.512157E-03 1.913009E-03 1.399695E-03 1.051323E-03
404 1.737321E+02 5.178571E-01 2.079278E+00 4.046183E-02 4.162118E-02 4.933255E-02 5.638678E-02 1.927335E-03 2.513796E-03 1.914263E-03 1.400617E-03 1.052017E-03
405 1.742500E+02 5.178571E-01 2.079278E+00 4.051035E-02 4.167110E-02 4.939176E-02 5.645456E-02 1.928571E-03 2.515415E-03 1.915501E-03 1.401528E-03 1.052702E-03
406 1.747679E+02 5.178571E-01 2.079278E+00 4.055825E-02 4.172038E-02 4.945021E-02 5.652148E-02 1.929791E-03 2.517013E-03 1.916723E-03 1.402427E-03 1.053379E-03
407 1.752857E+02 5.178571E-01 2.079278E+00 4.060555E-02 4.176904E-02 4.950792E-02 5.658755E-02 1.930995E-03 2.518590E-03 1.917930E-03 1.403315E-03 1.054047E-03
408 1.758036E+02 5.178571E-01 2.079278E+00 4.065224E-02 4.181707E-02 4.956490E-02 5.665277E-02 1.932184E-03 2.520148E-03 1.919122E-03 1.404191E-03 1.054706E-03
409 1.763214E+02 5.178571E-01 2.079278E+00 4.069833E-02 4.186450E-02 4.962115E-02 5.671716E-02 1.933358E-03 2.521685E-03 1.920298E-03 1.405056E-03 1.055357E-03
410 1.768393E+02 5.178571E-01 2.079278E+00 4.074384E-02 4.191131E-02 4.967668E-02 5.678073E-02 1.934516E-03 2.523203E-03 1.921459E-03 1.405911E-03 1.056000E-03
411 1.773571E+02 5.178571E-01 2.079278E+00 4.078876E-02 4.195753E-02 4.973150E-02 5.684349E-02 1.935660E-03 2.524702E-03 1.922606E-03 1.406754E-03 1.056634E-03
412 1.778750E+02 5.178571E-01 2.079278E+00 4.083310E-02 4.200315E-02 4.978561E-02 5.690544E-02 1.936790E-03 2.526181E-03 1.923738E-03 1.407586E-03 1.057261E-03
413 1.783929E+02 5.178571E-01 2.079278E+00 4.087688E-02 4.204819E-02 4.983903E-02 5.696659E-02 1.937904E-03 2.527641E-03 1.924855E-03 1.408408E-03 1.057879E-03
414 1.789107E+02 5.178571E-01 2.079278E+00 4.092009E-02 4.209265E-02 4.989176E-02 5.702696E-02 1.939005E-03 2.529083E-03 1.925958E-03 1.409220E-03 1.058490E-03
415 1.794286E+02 5.178571E-01 2.079278E+00 4.096275E-02 4.213653E-02 4.994381E-02 5.708655E-02 1.940091E-03 2.530506E-03 1.927046E-03 1.410021E-03 1.059092E-03
416 1.799464E+02 5.178571E-01 2.079278E+00 4.100485E-02 4.217985E-02 4.999519E-02 5.714537E-02 1.941163E-03 2.531910E-03 1.928121E-03 1.410811E-03 1.059687E-03
417 1.804643E+02 5.178571E-01 2.079278E+00 4.104641E-02 4.222260E-02 5.004590E-02 5.720342E-02 1.942221E-03 2.533297E-03 1.929182E-03 1.411591E-03 1.060274E-03
418 1.809821E+02 5.178571E-01 2.079278E+00 4.108743E-02 4.226480E-02 5.009596E-02 5.726073E-02 1.943266E-03 2.534665E-03 1.930229E-03 1.412362E-03 1.060854E-03
419 1.815000E+02 5.178571E-01 2.079278E+00 4.112791E-02 4.230646E-02 5.014537E-02 5.731729E-02 1.944297E-03 2.536016E-03 1.931262E-03 1.413122E-03 1.061426E-03
420 1.820179E+02 5.178571E-01 2.079278E+00 4.116787E-02 4.234757E-02 5.019413E-02 5.737312E-02 1.945315E-03 2.537349E-03 1.932282E-03 1.413873E-03 1.061990E-03
421 1.825357E+02 5.178571E-01 2.079278E+00 4.120731E-02 4.238815E-02 5.024226E-02 5.742822E-02 1.946319E-03 2.538665E-03 1.933289E-03 1.414613E-03 1.062548E-03
422 1.830536E+02 5.178571E-01 2.079278E+00 4.124624E-02 4.242820E-02 5.028976E-02 5.748260E-02 1.947310E-03 2.539964E-03 1.934283E-03 1.415344E-03 1.063098E-03
423 1.835714E+02 5.178571E-01 2.079278E+00 4.128466E-02 4.246772E-02 5.033665E-02 5.753627E-02 1.948289E-03 2.541246E-03 1.935264E-03 1.416066E-03 1.063641E-03
424 1.840893E+02 5.178571E-01 2.079278E+00 4.132257E-02 4.250673E-02 5.038292E-02 5.758924E-02 1.949254E-03 2.542511E-03 1.936232E-03 1.416778E-03 1.064176E-03
425 1.846071E+02 5.178571E-01 2.079278E+00 4.135999E-02 4.254523E-02 5.042858E-02 5.764152E-02 1.950207E-03 2.543759E-03 1.937187E-03 1.417481E-03 1.064705E-03
426 1.851250E+02 5.178571E-01 2.079278E+00 4.139692E-02 4.258322E-02 5.047364E-02 5.769311E-02 1.951148E-03 2.544991E-03 1.938130E-03 1.418175E-03 1.065227E-03
427 1.856429E+02 5.178571E-01 2.079278E+00 4.143336E-02 4.262071E-02 5.051812E-02 5.774403E-02 1.952076E-03 2.546207E-03 1.939060E-03 1.418859E-03 1.065742E-03
428 1.861607E+02 5.178571E-01 2.079278E+00 4.146933E-02 4.265771E-02 5.056201E-02 5.779428E-02 1.952992E-03 2.547407E-03 1.939979E-03 1.419535E-03 1.066251E-03
429 1.866786E+02 5.178571E-01 2.079278E+00 4.150482E-02 4.269423E-02 5.060532E-02 5.784386E-02 1.953895E-03 2.548592E-03 1.940885E-03 1.420201E-03 1.066752E-03
430 1.871964E+02 5.178571E-01 2.079278E+00 4.153984E-02 4.273026E-02 5.064806E-02 5.789279E-02 1.954787E-03 2.549760E-03 1.941779E-03 1.420859E-03 1.067247E-03
431 1.877143E+02 5.178571E-01 2.079278E+00 4.157440E-02 4.276582E-02 5.069023E-02 5.794108E-02 1.955668E-03 2.550914E-03 1.942661E-03 1.421509E-03 1.067736E-03
432 1.882321E+02 5.178571E-01 2.079278E+00 4.160851E-02 4.280091E-02 5.073185E-02 5.798873E-02 1.956536E-03 2.552052E-03 1.943532E-03 1.422149E-03 1.068218E-03
433 1.887500E+02 5.178571E-01 2.079278E+00 4.164216E-02 4.283553E-02 5.077292E-02 5.803574E-02 1.957393E-03 2.553175E-03 1.944392E-03 1.422782E-03 1.068694E-03
434 1.892679E+02 5.178571E-01 2.079278E+00 4.167537E-02 4.286969E-02 5.081344E-02 5.808214E-02 1.958239E-03 2.554283E-03 1.945240E-03 1.423406E-03 1.069163E-03
435 1.897857E+02 5.178571E-01 2.079278E+00 4.170814E-02 4.290340E-02 5.085343E-02 5.812792E-02 1.959074E-03 2.555376E-03 1.946076E-03 1.424021E-03 1.069626E-03
436 1.903036E+02 5.178571E-01 2.079278E+00 4.174047E-02 4.293667E-02 5.089289E-02 5.817309E-02 1.959897E-03 2.556455E-03 1.946902E-03 1.424629E-03 1.070083E-03
437 1.908214E+02 5.178571E-01 2.079278E+00 4.177237E-02 4.296949E-02 5.093182E-02 5.821767E-02 1.960709E-03 2.557520E-03 1.947717E-03 1.425228E-03 1.070534E-03
438 1.913393E+02 5.178571E-01 2.079278E+00 4.180385E-02 4.300188E-02 5.097023E-02 5.826164E-02 1.961511E-03 2.558570E-03 1.948520E-03 1.425820E-03 1.070980E-03
439 1.918571E+02 5.178571E-01 2.079278E+00 4.183491E-02 4.303383E-02 5.100814E-02 5.830504E-02 1.962302E-03 2.559607E-03 1.949314E-03 1.426403E-03 1.071419E-03
440 1.923750E+02 5.178571E-01 2.079278E+00 4.186555E-02 4.306536E-02 5.104553E-02 5.834785E-02 1.963083E-03 2.560629E-03 1.950096E-03 1.426979E-03 1.071852E-03
441 1.928929E+02 5.178571E-01 2.079278E+00 4.189579E-02 4.309646E-02 5.108243E-02 5.839010E-02 1.963853E-03 2.561638E-03 1.950868E-03 1.427547E-03 1.072280E-03
442 1.934107E+02 5.178571E-01 2.079278E+00 4.192562E-02 4.312715E-02 5.111883E-02 5.843178E-02 1.964613E-03 2.562634E-03 1.951630E-03 1.428108E-03 1.072701E-03
443 1.939286E+02 5.178571E-01 2.079278E+00 4.195505E-02 4.315743E-02 5.115475E-02 5.847290E-02 1.965362E-03 2.563616E-03 1.952382E-03 1.428661E-03 1.073118E-03
444 1.944464E+02 5.178571E-01 2.079278E+00 4.198409E-02 4.318731E-02 5.119019E-02 5.851347E-02 1.966102E-03 2.564585E-03 1.953124E-03 1.429207E-03 1.073528E-03
445 1.949643E+02 5.178571E-01 2.079278E+00 4.201274E-02 4.321678E-02 5.122515E-02 5.855350E-02 1.966831E-03 2.565541E-03 1.953855E-03 1.429745E-03 1.073933E-03
446 1.954821E+02 5.178571E-01 2.079278E+00 4.204100E-02 4.324586E-02 5.125964E-02 5.859299E-02 1.967551E-03 2.566484E-03 1.954577E-03 1.430277E-03 1.074333E-03
447 1.960000E+02 5.178571E-01 2.079278E+00 4.206888E-02 4.327455E-02 5.129367E-02 5.863195E-02 1.968261E-03 2.567415E-03 1.955289E-03 1.430801E-03 1.074727E-03
448 1.965179E+02 5.178571E-01 2.079278E+00 4.209639E-02 4.330285E-02 5.132724E-02 5.867038E-02 1.968962E-03 2.568333E-03 1.955992E-03 1.431318E-03 1.075116E-03
449 1.970357E+02 5.178571E-01 2.079278E+00 4.212353E-02 4.333077E-02 5.136036E-02 5.870830E-02 1.969653E-03 2.569239E-03 1.956685E-03 1.431828E-03 1.075500E-03
450 1.975536E+02 5.178571E-01 2.079278E+00 4.215031E-02 4.335832E-02 5.139304E-02 5.874571E-02 1.970335E-03 2.570133E-03 1.957369E-03 1.432331E-03 1.075879E-03
451 1.980714E+02 5.178571E-01 2.079278E+00 4.217672E-02 4.338549E-02 5.142527E-02 5.878262E-02 1.971008E-03 2.571014E-03 1.958044E-03 1.432828E-03 1.076253E-03
452 1.985893E+02 5.178571E-01 2.079278E+00 4.220278E-02 4.341230E-02 5.145707E-02 5.881902E-02 1.971672E-03 2.571884E-03 1.958709E-03 1.433317E-03 1.076621E-03
453 1.991071E+02 5.178571E-01 2.079278E+00 4.222848E-02 4.343875E-02 5.148844E-02 5.885494E-02 1.972326E-03 2.572742E-03 1.959366E-03 1.433800E-03 1.076985E-03
454 1.996250E+02 5.178571E-01 2.079278E+00 4.225384E-02 4.346483E-02 5.151938E-02 5.889037E-02 1.972972E-03 2.573588E-03 1.960014E-03 1.434277E-03 1.077343E-03
455 2.001429E+02 5.178571E-01 2.079278E+00 4.227885E-02 4.349057E-02 5.154991E-02 5.892531E-02 1.973609E-03 2.574423E-03 1.960653E-03 1.434747E-03 1.077697E-03
456 2.006607E+02 5.178571E-01 2.079278E+00 4.230352E-02 4.351595E-02 5.158002E-02 5.895979E-02 1.974238E-03 2.575246E-03 1.961283E-03 1.435211E-03 1.078046E-03
457 2.011786E+02 5.178571E-01 2.079278E+00 4.232786E-02 4.354100E-02 5.160972E-02 5.899380E-02 1.974858E-03 2.576059E-03 1.961905E-03 1.435669E-03 1.078391E-03
458 2.016964E+02 5.178571E-01 2.079278E+00 4.235187E-02 4.356570E-02 5.163902E-02 5.902735E-02 1.975469E-03 2.576860E-03 1.962518E-03 1.436120E-03 1.078730E-03
459 2.022143E+02 5.178571E-01 2.079278E+00 4.237556E-02 4.359006E-02 5.166793E-02 5.906044E-02 1.976073E-03 2.577651E-03 1.963123E-03 1.436565E-03 1.079065E-03
460 2.027321E+02 5.178571E-01 2.079278E+00 4.239892E-02 4.361410E-02 5.169644E-02 5.909308E-02 1.976668E-03 2.578431E-03 1.963720E-03 1.437005E-03 1.079396E-03
461 2.032500E+02 5.178571E-01 2.079278E+00 4.242196E-02 4.363781E-02 5.172456E-02 5.912528E-02 1.977255E-03 2.579200E-03 1.964309E-03 1.437438E-03 1.079722E-03
462 2.037679E+02 5.178571E-01 2.079278E+00 4.244469E-02 4.366119E-02 5.175230E-02 5.915704E-02 1.977834E-03 2.579959E-03 1.964889E-03 1.437865E-03 1.080043E-03
463 2.042857E+02 5.178571E-01 2.079278E+00 4.246712E-02 4.368426E-02 5.177966E-02 5.918837E-02 1.978405E-03 2.580707E-03 1.965462E-03 1.438287E-03 1.080361E-03
464 2.048036E+02 5.178571E-01 2.079278E+00 4.248923E-02 4.370701E-02 5.180665E-02 5.921927E-02 1.978968E-03 2.581445E-03 1.966027E-03 1.438703E-03 1.080673E-03
465 2.053214E+02 5.178571E-01 2.079278E+00 4.251104E-02 4.372946E-02 5.183327E-02 5.924975E-02 1.979524E-03 2.582173E-03 1.966584E-03 1.439113E-03 1.080982E-03
466 2.058393E+02 5.178571E-01 2.079278E+00 4.253256E-02 4.375159E-02 5.185953E-02 5.927982E-02 1.980072E-03 2.582892E-03 1.967134E-03 1.439517E-03 1.081287E-03
467 2.063571E+02 5.178571E-01 2.079278E+00 4.255378E-02 4.377343E-02 5.188543E-02 5.930947E-02 1.980612E-03 2.583600E-03 1.967676E-03 1.439916E-03 1.081587E-03
468 2.068750E+02 5.178571E-01 2.079278E+00 4.257471E-02 4.379496E-02 5.191097E-02 5.933872E-02 1.981146E-03 2.584299E-03 1.968211E-03 1.440310E-03 1.081883E-03
469 2.073929E+02 5.178571E-01 2.079278E+00 4.259536E-02 4.381620E-02 5.193617E-02 5.936757E-02 1.981671E-03 2.584988E-03 1.968739E-03 1.440698E-03 1.082175E-03
470 2.079107E+02 5.178571E-01 2.079278E+00 4.261572E-02 4.383715E-02 5.196102E-02 5.939602E-02 1.982190E-03 2.585668E-03 1.969259E-03 1.441081E-03 1.082463E-03
471 2.084286E+02 5.178571E-01 2.079278E+00 4.263581E-02 4.385782E-02 5.198553E-02 5.942408E-02 1.982702E-03 2.586338E-03 1.969772E-03 1.441459E-03 1.082747E-03
472 2.089464E+02 5.178571E-01 2.079278E+00 4.265562E-02 4.387820E-02 5.200971E-02 5.945176E-02 1.983206E-03 2.586999E-03 1.970278E-03 1.441831E-03 1.083028E-03
473 2.094643E+02 5.178571E-01 2.079278E+00 4.267515E-02 4.389830E-02 5.203355E-02 5.947906E-02 1.983704E-03 2.587651E-03 1.970777E-03 1.442199E-03 1.083304E-03
474 2.099821E+02 5.178571E-01 2.079278E+00 4.269442E-02 4.391812E-02 5.205706E-02 5.950598E-02 1.984195E-03 2.588295E-03 1.971270E-03 1.442561E-03 1.083577E-03
475 2.105000E+02 5.178571E-01 2.079278E+00 4.271343E-02 4.393767E-02 5.208026E-02 5.953254E-02 1.984679E-03 2.588929E-03 1.971755E-03 1.442919E-03 1.083846E-03
476 2.110179E+02 5.178571E-01 2.079278E+00 4.273217E-02 4.395696E-02 5.210313E-02 5.955873E-02 1.985156E-03 2.589555E-03 1.972234E-03 1.443271E-03 1.084111E-03
477 2.115357E+02 5.178571E-01 2.079278E+00 4.275065E-02 4.397597E-02 5.212569E-02 5.958456E-02 1.985627E-03 2.590172E-03 1.972706E-03 1.443619E-03 1.084373E-03
478 2.120536E+02 5.178571E-01 2.079278E+00 4.276888E-02 4.399473E-02 5.214794E-02 5.961003E-02 1.986091E-03 2.590780E-03 1.973172E-03 1.443962E-03 1.084631E-03
479 2.125714E+02 5.178571E-01 2.079278E+00 4.278686E-02 4.401323E-02 5.216988E-02 5.963515E-02 1.986549E-03 2.591381E-03 1.973632E-03 1.444300E-03 1.084885E-03
480 2.130893E+02 5.178571E-01 2.079278E+00 4.280460E-02 4.403147E-02 5.219152E-02 5.965993E-02 1.987001E-03 2.591973E-03 1.974085E-03 1.444633E-03 1.085136E-03
481 2.136071E+02 5.178571E-01 2.079278E+00 4.282208E-02 4.404946E-02 5.221286E-02 5.968437E-02 1.987447E-03 2.592556E-03 1.974532E-03 1.444962E-03 1.085384E-03
482 2.141250E+02 5.178571E-01 2.079278E+00 4.283933E-02 4.406721E-02 5.223391E-02 5.970847E-02 1.987886E-03 2.593132E-03 1.974972E-03 1.445286E-03 1.085628E-03
483 2.146429E+02 5.178571E-01 2.079278E+00 4.285634E-02 4.408470E-02 5.225466E-02 5.973223E-02 1.988319E-03 2.593700E-03 1.975407E-03 1.445606E-03 1.085868E-03
484 2.151607E+02 5.178571E-01 2.079278E+00 4.287311E-02 4.410196E-02 5.227513E-02 5.975567E-02 1.988746E-03 2.594260E-03 1.975836E-03 1.445922E-03 1.086106E-03
485 2.156786E+02 5.178571E-01 2.079278E+00 4.288965E-02 4.411898E-02 5.229532E-02 5.977878E-02 1.989168E-03 2.594812E-03 1.976258E-03 1.446233E-03 1.086340E-03
486 2.161964E+02 5.178571E-01 2.079278E+00 4.290596E-02 4.413576E-02 5.231523E-02 5.980158E-02 1.989583E-03 2.595357E-03 1.976675E-03 1.446540E-03 1.086571E-03
487 2.167143E+02 5.178571E-01 2.079278E+00 4.292205E-02 4.415231E-02 5.233486E-02 5.982406E-02 1.989993E-03 2.595894E-03 1.977086E-03 1.446842E-03 1.086799E-03
488 2.172321E+02 5.178571E-01 2.079278E+00 4.293792E-02 4.416864E-02 5.235422E-02 5.984623E-02 1.990397E-03 2.596423E-03 1.977492E-03 1.447141E-03 1.087023E-03
489 2.177500E+02 5.178571E-01 2.079278E+00 4.295356E-02 4.418473E-02 5.237332E-02 5.986809E-02 1.990796E-03 2.596946E-03 1.977892E-03 1.447435E-03 1.087245E-03
490 2.182679E+02 5.178571E-01 2.079278E+00 4.296899E-02 4.420060E-02 5.239215E-02 5.988965E-02 1.991189E-03 2.597461E-03 1.978286E-03 1.447725E-03 1.087463E-03
491 2.187857E+02 5.178571E-01 2.079278E+00 4.298420E-02 4.421626E-02 5.241071E-02 5.991091E-02 1.991576E-03 2.597969E-03 1.978675E-03 1.448011E-03 1.087678E-03
492 2.193036E+02 5.178571E-01 2.079278E+00 4.299921E-02 4.423169E-02 5.242902E-02 5.993187E-02 1.991959E-03 2.598470E-03 1.979058E-03 1.448294E-03 1.087891E-03
493 2.198214E+02 5.178571E-01 2.079278E+00 4.301400E-02 4.424691E-02 5.244708E-02 5.995255E-02 1.992336E-03 2.598964E-03 1.979436E-03 1.448572E-03 1.088100E-03
494 2.203393E+02 5.178571E-01 2.079278E+00 4.302859E-02 4.426192E-02 5.246489E-02 5.997293E-02 1.992707E-03 2.599451E-03 1.979809E-03 1.448846E-03 1.088307E-03
495 2.208571E+02 5.178571E-01 2.079278E+00 4.304298E-02 4.427673E-02 5.248244E-02 5.999304E-02 1.993074E-03 2.599931E-03 1.980177E-03 1.449117E-03 1.088510E-03
496 2.213750E+02 5.178571E-01 2.079278E+00 4.305716E-02 4.429132E-02 5.249976E-02 6.001286E-02 1.993435E-03 2.600405E-03 1.980539E-03 1.449384E-03 1.088711E-03
497 2.218929E+02 5.178571E-01 2.079278E+00 4.307115E-02 4.430572E-02 5.251683E-02 6.003241E-02 1.993791E-03 2.600872E-03 1.980897E-03 1.449647E-03 1.088909E-03
498 2.224107E+02 5.178571E-01 2.079278E+00 4.308495E-02 4.431991E-02 5.253367E-02 6.005169E-02 1.994143E-03 2.601332E-03 1.981249E-03 1.449907E-03 1.089104E-03
499 2.229286E+02 5.178571E-01 2.079278E+00 4.309855E-02 4.433390E-02 5.255027E-02 6.007070E-02 1.994489E-03 2.601787E-03 1.981597E-03 1.450163E-03 1.089297E-03
500 2.234464E+02 5.178571E-01 2.079278E+00 4.311197E-02 4.434771E-02 5.256664E-02 6.008944E-02 1.994831E-03 2.602234E-03 1.981940E-03 1.450415E-03 1.089487E-03
501 2.239643E+02 5.178571E-01 2.079278E+00 4.312519E-02 4.436131E-02 5.258278E-02 6.010792E-02 1.995168E-03 2.602676E-03 1.982278E-03 1.450664E-03 1.089674E-03
502 2.244821E+02 5.178571E-01 2.079278E+00 4.313824E-02 4.437473E-02 5.259870E-02 6.012615E-02 1.995500E-03 2.603112E-03 1.982611E-03 1.450909E-03 1.089859E-03
503 2.250000E+02 5.178571E-01 2.079278E+00 4.315110E-02 4.438797E-02 5.261440E-02 6.014412E-02 1.995828E-03 2.603541E-03 1.982940E-03 1.451151E-03 1.090041E-03
504 2.255179E+02 5.178571E-01 2.079278E+00 4.316378E-02 4.440101E-02 5.262987E-02 6.016184E-02 1.996151E-03 2.603964E-03 1.983264E-03 1.451390E-03 1.090221E-03
505 2.260357E+02 5.178571E-01 2.079278E+00 4.317629E-02 4.441388E-02 5.264513E-02 6.017932E-02 1.996470E-03 2.604382E-03 1.983584E-03 1.451625E-03 1.090398E-03
506 2.265536E+02 5.178571E-01 2.079278E+00 4.318862E-02 4.442656E-02 5.266018E-02 6.019655E-02 1.996784E-03 2.604794E-03 1.983899E-03 1.451857E-03 1.090572E-03
507 2.270714E+02 5.178571E-01 2.079278E+00 4.320077E-02 4.443907E-02 5.267502E-02 6.021354E-02 1.997093E-03 2.605200E-03 1.984210E-03 1.452086E-03 1.090744E-03
508 2.275893E+02 5.178571E-01 2.079278E+00 4.321276E-02 4.445141E-02 5.268965E-02 6.023029E-02 1.997399E-03 2.605600E-03 1.984516E-03 1.452311E-03 1.090914E-03
509 2.281071E+02 5.178571E-01 2.079278E+00 4.322458E-02 4.446357E-02 5.270408E-02 6.024681E-02 1.997700E-03 2.605995E-03 1.984818E-03 1.452534E-03 1.091081E-03
510 2.286250E+02 5.178571E-01 2.079278E+00 4.323624E-02 4.447556E-02 5.271830E-02 6.026310E-02 1.997997E-03 2.606384E-03 1.985116E-03 1.452753E-03 1.091246E-03
511 2.291429E+02 5.178571E-01 2.079278E+00 4.324773E-02 4.448738E-02 5.273233E-02 6.027916E-02 1.998290E-03 2.606767E-03 1.985410E-03 1.452969E-03 1.091409E-03
512 2.296607E+02 5.178571E-01 2.079278E+00 4.325906E-02 4.449904E-02 5.274616E-02 6.029499E-02 1.998578E-03 2.607146E-03 1.985700E-03 1.453182E-03 1.091570E-03
513 2.301786E+02 5.178571E-01 2.079278E+00 4.327024E-02 4.451054E-02 5.275979E-02 6.031060E-02 1.998863E-03 2.607519E-03 1.985985E-03 1.453393E-03 1.091728E-03
514 2.306964E+02 5.178571E-01 2.079278E+00 4.328125E-02 4.452187E-02 5.277324E-02 6.032600E-02 1.999144E-03 2.607887E-03 1.986267E-03 1.453600E-03 1.091884E-03
515 2.312143E+02 5.178571E-01 2.079278E+00 4.329212E-02 4.453305E-02 5.278650E-02 6.034118E-02 1.999420E-03 2.608249E-03 1.986544E-03 1.453804E-03 1.092038E-03
516 2.317321E+02 5.178571E-01 2.079278E+00 4.330283E-02 4.454407E-02 5.279957E-02 6.035615E-02 1.999693E-03 2.608607E-03 1.986818E-03 1.454006E-03 1.092189E-03
517 2.322500E+02 5.178571E-01 2.079278E+00 4.331339E-02 4.455493E-02 5.281246E-02 6.037090E-02 1.999962E-03 2.608960E-03 1.987088E-03 1.454205E-03 1.092339E-03
518 2.327679E+02 5.178571E-01 2.079278E+00 4.332380E-02 4.456565E-02 5.282516E-02 6.038545E-02 2.000228E-03 2.609307E-03 1.987354E-03 1.454400E-03 1.092486E-03
519 2.332857E+02 5.178571E-01 2.079278E+00 4.333407E-02 4.457621E-02 5.283769E-02 6.039980E-02 2.000489E-03 2.609650E-03 1.987617E-03 1.454594E-03 1.092632E-03
520 2.338036E+02 5.178571E-01 2.079278E+00 4.334419E-02 4.458662E-02 5.285005E-02 6.041395E-02 2.000747E-03 2.609988E-03 1.987875E-03 1.454784E-03 1.092775E-03
521 2.343214E+02 5.178571E-01 2.079278E+00 4.335417E-02 4.459689E-02 5.286223E-02 6.042789E-02 2.001001E-03 2.610321E-03 1.988130E-03 1.454972E-03 1.092916E-03
522 2.348393E+02 5.178571E-01 2.079278E+00 4.336401E-02 4.460702E-02 5.287424E-02 6.044164E-02 2.001252E-03 2.610650E-03 1.988382E-03 1.455157E-03 1.093056E-03
523 2.353571E+02 5.178571E-01 2.079278E+00 4.337371E-02 4.461700E-02 5.288608E-02 6.045520E-02 2.001499E-03 2.610974E-03 1.988630E-03 1.455340E-03 1.093193E-03
524 2.358750E+02 5.178571E-01 2.079278E+00 4.338328E-02 4.462684E-02 5.289775E-02 6.046857E-02 2.001743E-03 2.611293E-03 1.988875E-03 1.455520E-03 1.093328E-03
525 2.363929E+02 5.178571E-01 2.079278E+00 4.339271E-02 4.463654E-02 5.290926E-02 6.048175E-02 2.001983E-03 2.611608E-03 1.989116E-03 1.455697E-03 1.093462E-03
526 2.369107E+02 5.178571E-01 2.079278E+00 4.340201E-02 4.464611E-02 5.292061E-02 6.049474E-02 2.002220E-03 2.611919E-03 1.989353E-03 1.455872E-03 1.093594E-03
527 2.374286E+02 5.178571E-01 2.079278E+00 4.341118E-02 4.465554E-02 5.293180E-02 6.050756E-02 2.002454E-03 2.612225E-03 1.989588E-03 1.456045E-03 1.093723E-03
528 2.379464E+02 5.178571E-01 2.079278E+00 4.342022E-02 4.466484E-02 5.294283E-02 6.052019E-02 2.002684E-03 2.612527E-03 1.989819E-03 1.456215E-03 1.093851E-03
529 2.384643E+02 5.178571E-01 2.079278E+00 4.342913E-02 4.467401E-02 5.295371E-02 6.053264E-02 2.002911E-03 2.612824E-03 1.990047E-03 1.456382E-03 1.093978E-03
530 2.389821E+02 5.178571E-01 2.079278E+00 4.343791E-02 4.468305E-02 5.296443E-02 6.054492E-02 2.003135E-03 2.613118E-03 1.990271E-03 1.456548E-03 1.094102E-03
531 2.395000E+02 5.178571E-01 2.079278E+00 4.344658E-02 4.469196E-02 5.297501E-02 6.055703E-02 2.003355E-03 2.613407E-03 1.990493E-03 1.456711E-03 1.094225E-03
532 2.400179E+02 5.178571E-01 2.079278E+00 4.345512E-02 4.470075E-02 5.298543E-02 6.056896E-02 2.003573E-03 2.613692E-03 1.990711E-03 1.456871E-03 1.094346E-03
533 2.405357E+02 5.178571E-01 2.079278E+00 4.346354E-02 4.470942E-02 5.299571E-02 6.058073E-02 2.003788E-03 2.613973E-03 1.990926E-03 1.457030E-03 1.094465E-03
534 2.410536E+02 5.178571E-01 2.079278E+00 4.347184E-02 4.471796E-02 5.300584E-02 6.059233E-02 2.003999E-03 2.614251E-03 1.991138E-03 1.457186E-03 1.094583E-03
535 2.415714E+02 5.178571E-01 2.079278E+00 4.348003E-02 4.472638E-02 5.301583E-02 6.060377E-02 2.004208E-03 2.614524E-03 1.991348E-03 1.457340E-03 1.094699E-03
536 2.420893E+02 5.178571E-01 2.079278E+00 4.348810E-02 4.473468E-02 5.302568E-02 6.061505E-02 2.004413E-03 2.614793E-03 1.991554E-03 1.457492E-03 1.094813E-03
537 2.426071E+02 5.178571E-01 2.079278E+00 4.349605E-02 4.474287E-02 5.303539E-02 6.062617E-02 2.004616E-03 2.615059E-03 1.991757E-03 1.457642E-03 1.094925E-03
538 2.431250E+02 5.178571E-01 2.079278E+00 4.350390E-02 4.475094E-02 5.304496E-02 6.063713E-02 2.004816E-03 2.615321E-03 1.991958E-03 1.457789E-03 1.095037E-03
539 2.436429E+02 5.178571E-01 2.079278E+00 4.351163E-02 4.475889E-02 5.305440E-02 6.064793E-02 2.005013E-03 2.615579E-03 1.992156E-03 1.457935E-03 1.095146E-03
540 2.441607E+02 5.178571E-01 2.079278E+00 4.351926E-02 4.476674E-02 5.306370E-02 6.065859E-02 2.005207E-03 2.615834E-03 1.992351E-03 1.458078E-03 1.095254E-03
541 2.446786E+02 5.178571E-01 2.079278E+00 4.352677E-02 4.477447E-02 5.307288E-02 6.066909E-02 2.005398E-03 2.616085E-03 1.992543E-03 1.458220E-03 1.095361E-03
542 2.451964E+02 5.178571E-01 2.079278E+00 4.353418E-02 4.478210E-02 5.308192E-02 6.067945E-02 2.005587E-03 2.616332E-03 1.992732E-03 1.458359E-03 1.095465E-03
543 2.457143E+02 5.178571E-01 2.079278E+00 4.354149E-02 4.478961E-02 5.309084E-02 6.068966E-02 2.005773E-03 2.616576E-03 1.992919E-03 1.458497E-03 1.095569E-03
544 2.462321E+02 5.178571E-01 2.079278E+00 4.354869E-02 4.479702E-02 5.309963E-02 6.069972E-02 2.005957E-03 2.616817E-03 1.993103E-03 1.458632E-03 1.095671E-03
545 2.467500E+02 5.178571E-01 2.079278E+00 4.355579E-02 4.480433E-02 5.310830E-02 6.070965E-02 2.006138E-03 2.617054E-03 1.993285E-03 1.458766E-03 1.095772E-03
546 2.472679E+02 5.178571E-01 2.079278E+00 4.356279E-02 4.481153E-02 5.311684E-02 6.071943E-02 2.006316E-03 2.617288E-03 1.993464E-03 1.458898E-03 1.095871E-03
547 2.477857E+02 5.178571E-01 2.079278E+00 4.356970E-02 4.481863E-02 5.312526E-02 6.072908E-02 2.006492E-03 2.617518E-03 1.993640E-03 1.459028E-03 1.095968E-03
548 2.483036E+02 5.178571E-01 2.079278E+00 4.357650E-02 4.482563E-02 5.313357E-02 6.073859E-02 2.006665E-03 2.617745E-03 1.993814E-03 1.459156E-03 1.096065E-03
549 2.488214E+02 5.178571E-01 2.079278E+00 4.358321E-02 4.483253E-02 5.314175E-02 6.074796E-02 2.006836E-03 2.617969E-03 1.993985E-03 1.459282E-03 1.096160E-03
550 2.493393E+02 5.178571E-01 2.079278E+00 4.358982E-02 4.483934E-02 5.314983E-02 6.075720E-02 2.007005E-03 2.618190E-03 1.994155E-03 1.459407E-03 1.096254E-03
551 2.498571E+02 5.178571E-01 2.079278E+00 4.359634E-02 4.484605E-02 5.315778E-02 6.076631E-02 2.007171E-03 2.618408E-03 1.994321E-03 1.459529E-03 1.096346E-03
552 2.503750E+02 5.178571E-01 2.079278E+00 4.360277E-02 4.485266E-02 5.316563E-02 6.077530E-02 2.007335E-03 2.618623E-03 1.994486E-03 1.459650E-03 1.096437E-03
553 2.508929E+02 5.178571E-01 2.079278E+00 4.360911E-02 4.485918E-02 5.317336E-02 6.078415E-02 2.007496E-03 2.618834E-03 1.994648E-03 1.459769E-03 1.096527E-03
554 2.514107E+02 5.178571E-01 2.079278E+00 4.361535E-02 4.486561E-02 5.318098E-02 6.079288E-02 2.007655E-03 2.619043E-03 1.994807E-03 1.459887E-03 1.096615E-03
555 2.519286E+02 5.178571E-01 2.079278E+00 4.362151E-02 4.487194E-02 5.318850E-02 6.080149E-02 2.007812E-03 2.619249E-03 1.994965E-03 1.460003E-03 1.096702E-03
556 2.524464E+02 5.178571E-01 2.079278E+00 4.362758E-02 4.487819E-02 5.319591E-02 6.080997E-02 2.007967E-03 2.619451E-03 1.995120E-03 1.460117E-03 1.096788E-03
557 2.529643E+02 5.178571E-01 2.079278E+00 4.363357E-02 4.488435E-02 5.320322E-02 6.081834E-02 2.008119E-03 2.619651E-03 1.995273E-03 1.460230E-03 1.096873E-03
558 2.534821E+02 5.178571E-01 2.079278E+00 4.363947E-02 4.489042E-02 5.321042E-02 6.082658E-02 2.008270E-03 2.619848E-03 1.995424E-03 1.460341E-03 1.096957E-03
559 2.540000E+02 5.178571E-01 2.079278E+00 4.364529E-02 4.489640E-02 5.321752E-02 6.083471E-02 2.008418E-03 2.620042E-03 1.995573E-03 1.460450E-03 1.097039E-03
560 2.545179E+02 5.178571E-01 2.079278E+00 4.365102E-02 4.490230E-02 5.322452E-02 6.084273E-02 2.008564E-03 2.620234E-03 1.995719E-03 1.460558E-03 1.097120E-03
561 2.550357E+02 5.178571E-01 2.079278E+00 4.365667E-02 4.490812E-02 5.323142E-02 6.085063E-02 2.008708E-03 2.620423E-03 1.995864E-03 1.460665E-03 1.097200E-03
562 2.555536E+02 5.178571E-01 2.079278E+00 4.366225E-02 4.491385E-02 5.323822E-02 6.085841E-02 2.008850E-03 2.620609E-03 1.996006E-03 1.460770E-03 1.097279E-03
563 2.560714E+02 5.178571E-01 2.079278E+00 4.366774E-02 4.491951E-02 5.324492E-02 6.086609E-02 2.008990E-03 2.620792E-03 1.996147E-03 1.460873E-03 1.097357E-03
564 2.565893E+02 5.178571E-01 2.079278E+00 4.367316E-02 4.492508E-02 5.325153E-02 6.087366E-02 2.009128E-03 2.620973E-03 1.996285E-03 1.460975E-03 1.097434E-03
565 2.571071E+02 5.178571E-01 2.079278E+00 4.367850E-02 4.493057E-02 5.325805E-02 6.088112E-02 2.009264E-03 2.621152E-03 1.996422E-03 1.461076E-03 1.097510E-03
566 2.576250E+02 5.178571E-01 2.079278E+00 4.368376E-02 4.493599E-02 5.326447E-02 6.088848E-02 2.009398E-03 2.621327E-03 1.996556E-03 1.461175E-03 1.097584E-03
567 2.581429E+02 5.178571E-01 2.079278E+00 4.368895E-02 4.494133E-02 5.327081E-02 6.089573E-02 2.009530E-03 2.621501E-03 1.996689E-03 1.461272E-03 1.097658E-03
568 2.586607E+02 5.178571E-01 2.079278E+00 4.369407E-02 4.494659E-02 5.327705E-02 6.090288E-02 2.009661E-03 2.621671E-03 1.996820E-03 1.461369E-03 1.097730E-03
569 2.591786E+02 5.178571E-01 2.079278E+00 4.369911E-02 4.495178E-02 5.328321E-02 6.090993E-02 2.009789E-03 2.621840E-03 1.996949E-03 1.461463E-03 1.097801E-03
570 2.596964E+02 5.178571E-01 2.079278E+00 4.370408E-02 4.495689E-02 5.328927E-02 6.091688E-02 2.009916E-03 2.622006E-03 1.997076E-03 1.461557E-03 1.097872E-03
571 2.602143E+02 5.178571E-01 2.079278E+00 4.370898E-02 4.496194E-02 5.329526E-02 6.092373E-02 2.010041E-03 2.622170E-03 1.997201E-03 1.461649E-03 1.097941E-03
572 2.607321E+02 5.178571E-01 2.079278E+00 4.371381E-02 4.496691E-02 5.330115E-02 6.093048E-02 2.010164E-03 2.622331E-03 1.997325E-03 1.461740E-03 1.098010E-03
573 2.612500E+02 5.178571E-01 2.079278E+00 4.371858E-02 4.497181E-02 5.330696E-02 6.093713E-02 2.010285E-03 2.622490E-03 1.997446E-03 1.461830E-03 1.098077E-03
574 2.617679E+02 5.178571E-01 2.079278E+00 4.372327E-02 4.497664E-02 5.331269E-02 6.094369E-02 2.010405E-03 2.622647E-03 1.997566E-03 1.461918E-03 1.098144E-03
575 2.622857E+02 5.178571E-01 2.079278E+00 4.372790E-02 4.498140E-02 5.331834E-02 6.095016E-02 2.010523E-03 2.622801E-03 1.997685E-03 1.462005E-03 1.098209E-03
576 2.628036E+02 5.178571E-01 2.079278E+00 4.373246E-02 4.498609E-02 5.332391E-02 6.095654E-02 2.010639E-03 2.622954E-03 1.997801E-03 1.462091E-03 1.098274E-03
577 2.633214E+02 5.178571E-01 2.079278E+00 4.373696E-02 4.499072E-02 5.332940E-02 6.096282E-02 2.010753E-03 2.623104E-03 1.997916E-03 1.462176E-03 1.098338E-03
578 2.638393E+02 5.178571E-01 2.079278E+00 4.374140E-02 4.499528E-02 5.333481E-02 6.096902E-02 2.010866E-03 2.623252E-03 1.998030E-03 1.462259E-03 1.098400E-03
579 2.643571E+02 5.178571E-01 2.079278E+00 4.374577E-02 4.499978E-02 5.334015E-02 6.097513E-02 2.010978E-03 2.623398E-03 1.998141E-03 1.462342E-03 1.098462E-03
580 2.648750E+02 5.178571E-01 2.079278E+00 4.375008E-02 4.500421E-02 5.334541E-02 6.098115E-02 2.011087E-03 2.623542E-03 1.998252E-03 1.462423E-03 1.098523E-03
581 2.653929E+02 5.178571E-01 2.079278E+00 4.375432E-02 4.500858E-02 5.335059E-02 6.098709E-02 2.011196E-03 2.623684E-03 1.998360E-03 1.462503E-03 1.098584E-03
582 2.659107E+02 5.178571E-01 2.079278E+00 4.375851E-02 4.501289E-02 5.335570E-02 6.099294E-02 2.011302E-03 2.623824E-03 1.998467E-03 1.462582E-03 1.098643E-03
583 2.664286E+02 5.178571E-01 2.079278E+00 4.376264E-02 4.501714E-02 5.336074E-02 6.099871E-02 2.011408E-03 2.623961E-03 1.998573E-03 1.462659E-03 1.098701E-03
584 2.669464E+02 5.178571E-01 2.079278E+00 4.376671E-02 4.502133E-02 5.336571E-02 6.100439E-02 2.011511E-03 2.624097E-03 1.998677E-03 1.462736E-03 1.098759E-03
585 2.674643E+02 5.178571E-01 2.079278E+00 4.377072E-02 4.502545E-02 5.337060E-02 6.101000E-02 2.011613E-03 2.624231E-03 1.998779E-03 1.462811E-03 1.098816E-03
586 2.679821E+02 5.178571E-01 2.079278E+00 4.377467E-02 4.502952E-02 5.337543E-02 6.101553E-02 2.011714E-03 2.624363E-03 1.998881E-03 1.462886E-03 1.098872E-03
587 2.685000E+02 5.178571E-01 2.079278E+00 4.377857E-02 4.503353E-02 5.338018E-02 6.102097E-02 2.011813E-03 2.624493E-03 1.998980E-03 1.462959E-03 1.098927E-03
588 2.690179E+02 5.178571E-01 2.079278E+00 4.378241E-02 4.503748E-02 5.338487E-02 6.102634E-02 2.011911E-03 2.624622E-03 1.999078E-03 1.463031E-03 1.098982E-03
589 2.695357E+02 5.178571E-01 2.079278E+00 4.378620E-02 4.504138E-02 5.338950E-02 6.103164E-02 2.012008E-03 2.624748E-03 1.999175E-03 1.463103E-03 1.099035E-03
590 2.700536E+02 5.178571E-01 2.079278E+00 4.378993E-02 4.504522E-02 5.339405E-02 6.103685E-02 2.012103E-03 2.624873E-03 1.999271E-03 1.463173E-03 1.099088E-03
591 2.705714E+02 5.178571E-01 2.079278E+00 4.379362E-02 4.504901E-02 5.339855E-02 6.104200E-02 2.012197E-03 2.624996E-03 1.999365E-03 1.463242E-03 1.099140E-03
592 2.710893E+02 5.178571E-01 2.079278E+00 4.379724E-02 4.505274E-02 5.340297E-02 6.104707E-02 2.012289E-03 2.625117E-03 1.999458E-03 1.463311E-03 1.099192E-03
593 2.716071E+02 5.178571E-01 2.079278E+00 4.380082E-02 4.505642E-02 5.340734E-02 6.105207E-02 2.012380E-03 2.625237E-03 1.999549E-03 1.463378E-03 1.099242E-03
594 2.721250E+02 5.178571E-01 2.079278E+00 4.380435E-02 4.506005E-02 5.341164E-02 6.105700E-02 2.012470E-03 2.625354E-03 1.999639E-03 1.463444E-03 1.099292E-03
595 2.726429E+02 5.178571E-01 2.079278E+00 4.380782E-02 4.506363E-02 5.341588E-02 6.106185E-02 2.012559E-03 2.625470E-03 1.999728E-03 1.463510E-03 1.099341E-03
596 2.731607E+02 5.178571E-01 2.079278E+00 4.381125E-02 4.506715E-02 5.342007E-02 6.106664E-02 2.012646E-03 2.625585E-03 1.999816E-03 1.463574E-03 1.099390E-03
597 2.736786E+02 5.178571E-01 2.079278E+00 4.381463E-02 4.507063E-02 5.342419E-02 6.107136E-02 2.012732E-03 2.625698E-03 1.999902E-03 1.463638E-03 1.099438E-03
598 2.741964E+02 5.178571E-01 2.079278E+00 4.381796E-02 4.507405E-02 5.342825E-02 6.107601E-02 2.012817E-03 2.625809E-03 1.999987E-03 1.463700E-03 1.099485E-03
599 2.747143E+02 5.178571E-01 2.079278E+00 4.382124E-02 4.507743E-02 5.343226E-02 6.108060E-02 2.012901E-03 2.625918E-03 2.000071E-03 1.463762E-03 1.099531E-03
600 2.752321E+02 5.178571E-01 2.079278E+00 4.382447E-02 4.508076E-02 5.343620E-02 6.108512E-02 2.012983E-03 2.626026E-03 2.000154E-03 1.463823E-03 1.099577E-03
601 2.757500E+02 5.178571E-01 2.079278E+00 4.382766E-02 4.508404E-02 5.344010E-02 6.108958E-02 2.013064E-03 2.626133E-03 2.000235E-03 1.463883E-03 1.099622E-03
602 2.762679E+02 5.178571E-01 2.079278E+00 4.383080E-02 4.508727E-02 5.344393E-02 6.109397E-02 2.013144E-03 2.626238E-03 2.000316E-03 1.463942E-03 1.099667E-03
603 2.767857E+02 5.178571E-01 2.079278E+00 4.383390E-02 4.509046E-02 5.344771E-02 6.109830E-02 2.013223E-03 2.626341E-03 2.000395E-03 1.464001E-03 1.099711E-03
604 2.773036E+02 5.178571E-01 2.079278E+00 4.383696E-02 4.509360E-02 5.345144E-02 6.110257E-02 2.013301E-03 2.626443E-03 2.000473E-03 1.464058E-03 1.099754E-03
605 2.778214E+02 5.178571E-01 2.079278E+00 4.383997E-02 4.509670E-02 5.345512E-02 6.110678E-02 2.013378E-03 2.626544E-03 2.000550E-03 1.464115E-03 1.099797E-03
606 2.783393E+02 5.178571E-01 2.079278E+00 4.384294E-02 4.509975E-02 5.345874E-02 6.111093E-02 2.013453E-03 2.626643E-03 2.000626E-03 1.464171E-03 1.099839E-03
607 2.788571E+02 5.178571E-01 2.079278E+00 4.384586E-02 4.510276E-02 5.346231E-02 6.111501E-02 2.013528E-03 2.626741E-03 2.000701E-03 1.464226E-03 1.099880E-03
608 2.793750E+02 5.178571E-01 2.079278E+00 4.384875E-02 4.510573E-02 5.346583E-02 6.111904E-02 2.013601E-03 2.626837E-03 2.000774E-03 1.464280E-03 1.099921E-03
609 2.798929E+02 5.178571E-01 2.079278E+00 4.385159E-02 4.510866E-02 5.346930E-02 6.112302E-02 2.013674E-03 2.626932E-03 2.000847E-03 1.464334E-03 1.099961E-03
610 2.804107E+02 5.178571E-01 2.079278E+00 4.385439E-02 4.511154E-02 5.347272E-02 6.112693E-02 2.013745E-03 2.627026E-03 2.000919E-03 1.464386E-03 1.100001E-03
