0 -3.548214E+01 5.178571E-01 0.000000E+00 0.000000E+00 0.000000E+00 0.000000E+00 0.000000E+00 0.000000E+00 0.000000E+00 0.000000E+00 0.000000E+00 0.000000E+00
1 -3.496429E+01 5.178571E-01 9.233017E-01 1.569789E-10 1.614791E-10 1.914092E-10 2.188108E-10 2.112889E-10 2.757855E-10 2.102189E-10 1.541892E-10 1.162008E-10
2 -3.444643E+01 5.178571E-01 2.350061E+00 7.408304E-10 7.620680E-10 9.033169E-10 1.032633E-09 9.971354E-10 1.301514E-09 9.920857E-10 7.276647E-10 5.483860E-10
3 -3.392857E+01 5.178571E-01 3.014563E+00 1.842848E-09 1.895678E-09 2.247041E-09 2.568721E-09 2.480418E-09 3.237573E-09 2.467857E-09 1.810098E-09 1.364134E-09
4 -3.341071E+01 5.178571E-01 4.446050E+00 3.491861E-09 3.591963E-09 4.257732E-09 4.867257E-09 4.699940E-09 6.134610E-09 4.676139E-09 3.429806E-09 2.584786E-09
5 -3.289286E+01 5.178571E-01 1.137218E+01 6.268185E-09 6.447877E-09 7.642988E-09 8.737136E-09 8.436788E-09 1.101214E-08 8.394063E-09 6.156790E-09 4.639908E-09
6 -3.237500E+01 5.178571E-01 1.711798E+01 1.128050E-08 1.160388E-08 1.375466E-08 1.572373E-08 1.518321E-08 1.981793E-08 1.510632E-08 1.108003E-08 8.350183E-09
7 -3.185714E+01 5.178571E-01 1.768037E+01 1.962734E-08 2.019000E-08 2.393221E-08 2.735828E-08 2.641781E-08 3.448192E-08 2.628402E-08 1.927853E-08 1.452878E-08
8 -3.133929E+01 5.178571E-01 1.381083E+01 3.192634E-08 3.284158E-08 3.892875E-08 4.450168E-08 4.297189E-08 5.608918E-08 4.275427E-08 3.135896E-08 2.363288E-08
9 -3.082143E+01 5.178571E-01 7.707340E+00 4.750071E-08 4.886242E-08 5.791905E-08 6.621058E-08 6.393453E-08 8.345072E-08 6.361075E-08 4.665655E-08 3.516152E-08
10 -3.030357E+01 5.178571E-01 5.462810E+00 6.522184E-08 6.709157E-08 7.952696E-08 9.091181E-08 8.778663E-08 1.145837E-07 8.734206E-08 6.406275E-08 4.827926E-08
11 -2.978571E+01 5.178571E-01 5.901385E+00 8.544079E-08 8.789014E-08 1.041805E-07 1.190947E-07 1.150007E-07 1.501050E-07 1.144183E-07 8.392238E-08 6.324596E-08
12 -2.926786E+01 5.178571E-01 6.191562E+00 1.094926E-07 1.126315E-07 1.335077E-07 1.526203E-07 1.473738E-07 1.923601E-07 1.466275E-07 1.075468E-07 8.104990E-08
13 -2.875000E+01 5.178571E-01 6.357139E+00 1.387876E-07 1.427662E-07 1.692279E-07 1.934540E-07 1.868039E-07 2.438263E-07 1.858579E-07 1.363211E-07 1.027349E-07
14 -2.823214E+01 5.178571E-01 5.472308E+00 1.739807E-07 1.789683E-07 2.121400E-07 2.425093E-07 2.341728E-07 3.056547E-07 2.329869E-07 1.708888E-07 1.287860E-07
15 -2.771429E+01 5.178571E-01 4.052109E+00 2.140694E-07 2.202061E-07 2.610213E-07 2.983883E-07 2.881309E-07 3.760837E-07 2.866718E-07 2.102650E-07 1.584609E-07
16 -2.719643E+01 5.178571E-01 3.934342E+00 2.585674E-07 2.659799E-07 3.152791E-07 3.604136E-07 3.480240E-07 4.542593E-07 3.462615E-07 2.539723E-07 1.913998E-07
17 -2.667857E+01 5.178571E-01 4.421834E+00 3.093552E-07 3.182235E-07 3.772061E-07 4.312058E-07 4.163827E-07 5.434847E-07 4.142741E-07 3.038575E-07 2.289944E-07
18 -2.616071E+01 5.178571E-01 5.351276E+00 3.704356E-07 3.810550E-07 4.516834E-07 5.163451E-07 4.985952E-07 6.507928E-07 4.960702E-07 3.638524E-07 2.742081E-07
19 -2.564286E+01 5.178571E-01 6.211053E+00 4.475327E-07 4.603623E-07 5.456902E-07 6.238096E-07 6.023656E-07 7.862394E-07 5.993151E-07 4.395794E-07 3.312778E-07
20 -2.512500E+01 5.178571E-01 5.659375E+00 5.440480E-07 5.596444E-07 6.633742E-07 7.583410E-07 7.322723E-07 9.558004E-07 7.285639E-07 5.343795E-07 4.027215E-07
21 -2.460714E+01 5.178571E-01 4.718651E+00 6.589754E-07 6.778664E-07 8.035087E-07 9.185367E-07 8.869611E-07 1.157708E-06 8.824693E-07 6.472644E-07 4.877944E-07
22 -2.408929E+01 5.178571E-01 3.404798E+00 7.876334E-07 8.102126E-07 9.603852E-07 1.097871E-06 1.060131E-06 1.383739E-06 1.054762E-06 7.736359E-07 5.830310E-07
23 -2.357143E+01 5.178571E-01 2.299712E+00 9.226814E-07 9.491321E-07 1.125053E-06 1.286113E-06 1.241901E-06 1.620995E-06 1.235612E-06 9.062839E-07 6.829978E-07
24 -2.305357E+01 5.178571E-01 2.250132E+00 1.061219E-06 1.091641E-06 1.293977E-06 1.479219E-06 1.428369E-06 1.864383E-06 1.421136E-06 1.042360E-06 7.855479E-07
25 -2.253571E+01 5.178571E-01 2.355800E+00 1.205940E-06 1.240511E-06 1.470439E-06 1.680943E-06 1.623159E-06 2.118633E-06 1.614939E-06 1.184509E-06 8.926750E-07
26 -2.201786E+01 5.178571E-01 2.740878E+00 1.362281E-06 1.401334E-06 1.661070E-06 1.898864E-06 1.833589E-06 2.393297E-06 1.824303E-06 1.338071E-06 1.008403E-06
27 -2.150000E+01 5.178571E-01 3.061839E+00 1.537481E-06 1.581556E-06 1.874697E-06 2.143073E-06 2.069403E-06 2.701094E-06 2.058923E-06 1.510158E-06 1.138092E-06
28 -2.098214E+01 5.178571E-01 3.194030E+00 1.737445E-06 1.787253E-06 2.118519E-06 2.421801E-06 2.338549E-06 3.052397E-06 2.326706E-06 1.706568E-06 1.286112E-06
29 -2.046429E+01 5.178571E-01 3.252157E+00 1.966603E-06 2.022980E-06 2.397939E-06 2.741221E-06 2.646988E-06 3.454989E-06 2.633584E-06 1.931654E-06 1.455742E-06
30 -1.994643E+01 5.178571E-01 3.366430E+00 2.230133E-06 2.294065E-06 2.719269E-06 3.108552E-06 3.001692E-06 3.917967E-06 2.986491E-06 2.190501E-06 1.650815E-06
31 -1.942857E+01 5.178571E-01 3.398992E+00 2.533816E-06 2.606453E-06 3.089558E-06 3.531851E-06 3.410440E-06 4.451486E-06 3.393169E-06 2.488786E-06 1.875610E-06
32 -1.891071E+01 5.178571E-01 3.354808E+00 2.882366E-06 2.964996E-06 3.514556E-06 4.017690E-06 3.879578E-06 5.063830E-06 3.859931E-06 2.831142E-06 2.133618E-06
33 -1.839286E+01 5.178571E-01 3.274453E+00 3.279642E-06 3.373661E-06 3.998967E-06 4.571448E-06 4.414300E-06 5.761777E-06 4.391945E-06 3.221358E-06 2.427695E-06
34 -1.787500E+01 5.178571E-01 3.198319E+00 3.729549E-06 3.836464E-06 4.547552E-06 5.198566E-06 5.019860E-06 6.552186E-06 4.994439E-06 3.663269E-06 2.760730E-06
35 -1.735714E+01 5.178571E-01 3.083237E+00 4.235635E-06 4.357058E-06 5.164637E-06 5.903992E-06 5.701037E-06 7.441294E-06 5.672165E-06 4.160361E-06 3.135350E-06
36 -1.683929E+01 5.178571E-01 2.922678E+00 4.799673E-06 4.937266E-06 5.852386E-06 6.690197E-06 6.460215E-06 8.432214E-06 6.427499E-06 4.714376E-06 3.552869E-06
37 -1.632143E+01 5.178571E-01 2.755025E+00 5.421836E-06 5.577265E-06 6.611009E-06 7.557422E-06 7.297628E-06 9.525249E-06 7.260671E-06 5.325482E-06 4.013414E-06
38 -1.580357E+01 5.178571E-01 2.578623E+00 6.101107E-06 6.276009E-06 7.439265E-06 8.504248E-06 8.211907E-06 1.071861E-05 8.170320E-06 5.992681E-06 4.516232E-06
39 -1.528571E+01 5.178571E-01 2.437765E+00 6.836388E-06 7.032368E-06 8.335815E-06 9.529146E-06 9.201572E-06 1.201038E-05 9.154974E-06 6.714895E-06 5.060510E-06
40 -1.476786E+01 5.178571E-01 2.337497E+00 7.628230E-06 7.846910E-06 9.301331E-06 1.063288E-05 1.026737E-05 1.340151E-05 1.021537E-05 7.492665E-06 5.646656E-06
41 -1.425000E+01 5.178571E-01 2.217272E+00 8.476919E-06 8.719928E-06 1.033616E-05 1.181586E-05 1.140968E-05 1.489251E-05 1.135190E-05 8.326271E-06 6.274882E-06
42 -1.373214E+01 5.178571E-01 2.079278E+00 9.380081E-06 9.648981E-06 1.143742E-05 1.307476E-05 1.262531E-05 1.647922E-05 1.256137E-05 9.213382E-06 6.943431E-06
43 -1.321429E+01 5.178571E-01 2.079278E+00 1.034046E-05 1.063689E-05 1.260843E-05 1.441342E-05 1.391795E-05 1.816644E-05 1.384746E-05 1.015669E-05 7.654334E-06
44 -1.269643E+01 5.178571E-01 2.079278E+00 1.136715E-05 1.169301E-05 1.386030E-05 1.584451E-05 1.529984E-05 1.997015E-05 1.522235E-05 1.116513E-05 8.414320E-06
45 -1.217857E+01 5.178571E-01 2.079278E+00 1.246913E-05 1.282658E-05 1.520399E-05 1.738054E-05 1.678307E-05 2.190615E-05 1.669808E-05 1.224753E-05 9.230042E-06
46 -1.166071E+01 5.178571E-01 2.079278E+00 1.365552E-05 1.404699E-05 1.665059E-05 1.903425E-05 1.837992E-05 2.399045E-05 1.828685E-05 1.341285E-05 1.010825E-05
47 -1.114286E+01 5.178571E-01 2.079278E+00 1.493576E-05 1.536393E-05 1.821163E-05 2.081875E-05 2.010309E-05 2.623961E-05 2.000128E-05 1.467033E-05 1.105592E-05
48 -1.062500E+01 5.178571E-01 2.079278E+00 1.631973E-05 1.678757E-05 1.989913E-05 2.274784E-05 2.196586E-05 2.867100E-05 2.185462E-05 1.602970E-05 1.208038E-05
49 -1.010714E+01 5.178571E-01 2.079278E+00 1.781788E-05 1.832867E-05 2.172588E-05 2.483610E-05 2.398233E-05 3.130301E-05 2.386088E-05 1.750123E-05 1.318936E-05
50 -9.589286E+00 5.178571E-01 2.079278E+00 1.944140E-05 1.999873E-05 2.370549E-05 2.709909E-05 2.616754E-05 3.415525E-05 2.603502E-05 1.909590E-05 1.439114E-05
51 -9.071429E+00 5.178571E-01 2.079278E+00 2.120225E-05 2.181006E-05 2.585254E-05 2.955352E-05 2.853758E-05 3.724876E-05 2.839306E-05 2.082545E-05 1.569457E-05
52 -8.553571E+00 5.178571E-01 2.079278E+00 2.311331E-05 2.377590E-05 2.818275E-05 3.221732E-05 3.110981E-05 4.060617E-05 3.095227E-05 2.270255E-05 1.710920E-05
53 -8.035714E+00 5.178571E-01 2.079278E+00 2.518847E-05 2.591056E-05 3.071307E-05 3.510986E-05 3.390293E-05 4.425189E-05 3.373123E-05 2.474084E-05 1.864530E-05
54 -7.517857E+00 5.178571E-01 2.079278E+00 2.744277E-05 2.822947E-05 3.346179E-05 3.825209E-05 3.693714E-05 4.821230E-05 3.675008E-05 2.695507E-05 2.031400E-05
55 -7.000000E+00 5.178571E-01 2.079278E+00 2.989244E-05 3.074937E-05 3.644876E-05 4.166665E-05 4.023432E-05 5.251596E-05 4.003057E-05 2.936121E-05 2.212733E-05
56 -6.482143E+00 5.178571E-01 2.079278E+00 3.255510E-05 3.348837E-05 3.969542E-05 4.537810E-05 4.381819E-05 5.719381E-05 4.359628E-05 3.197655E-05 2.409831E-05
57 -5.964286E+00 5.178571E-01 2.079278E+00 3.544984E-05 3.646609E-05 4.322506E-05 4.941304E-05 4.771442E-05 6.227938E-05 4.747278E-05 3.481984E-05 2.624109E-05
58 -5.446429E+00 5.178571E-01 2.079278E+00 3.859737E-05 3.970385E-05 4.706294E-05 5.380033E-05 5.195090E-05 6.780905E-05 5.168781E-05 3.791143E-05 2.857099E-05
59 -4.928571E+00 5.178571E-01 2.079278E+00 4.202015E-05 4.322475E-05 5.123644E-05 5.857130E-05 5.655786E-05 7.382230E-05 5.627143E-05 4.127339E-05 3.110464E-05
60 -4.410714E+00 5.178571E-01 2.079278E+00 4.574257E-05 4.705389E-05 5.577530E-05 6.375994E-05 6.156813E-05 8.036197E-05 6.125633E-05 4.492966E-05 3.386009E-05
61 -3.892857E+00 5.178571E-01 2.079278E+00 4.979111E-05 5.121849E-05 6.071181E-05 6.940314E-05 6.701734E-05 8.747457E-05 6.667795E-05 4.890625E-05 3.685695E-05
62 -3.375000E+00 5.178571E-01 2.079278E+00 5.419451E-05 5.574812E-05 6.608101E-05 7.554098E-05 7.294418E-05 9.521060E-05 7.257478E-05 5.323139E-05 4.011649E-05
63 -2.857143E+00 5.178571E-01 2.079278E+00 5.898398E-05 6.067488E-05 7.192095E-05 8.221694E-05 7.939066E-05 1.036249E-04 7.898861E-05 5.793574E-05 4.366180E-05
64 -2.339286E+00 5.178571E-01 2.079278E+00 6.419339E-05 6.603363E-05 7.827293E-05 8.947826E-05 8.640236E-05 1.127769E-04 8.596480E-05 6.305257E-05 4.751797E-05
65 -1.821429E+00 5.178571E-01 2.079278E+00 6.985952E-05 7.186219E-05 8.518182E-05 9.737621E-05 9.402881E-05 1.227314E-04 9.355262E-05 6.861801E-05 5.171222E-05
66 -1.303571E+00 5.178571E-01 2.079278E+00 7.602230E-05 7.820165E-05 9.269629E-05 1.059664E-04 1.023237E-04 1.335583E-04 1.018055E-04 7.467127E-05 5.627410E-05
67 -7.857143E-01 5.178571E-01 2.079278E+00 8.272507E-05 8.509657E-05 1.008692E-04 1.153093E-04 1.113455E-04 1.453340E-04 1.107816E-04 8.125492E-05 6.123571E-05
68 -2.678571E-01 5.178571E-01 2.079278E+00 9.001485E-05 9.259533E-05 1.097578E-04 1.254705E-04 1.211573E-04 1.581409E-04 1.205437E-04 8.841515E-05 6.663183E-05
69 2.500000E-01 5.178571E-01 2.079278E+00 9.794267E-05 1.007504E-04 1.194245E-04 1.365209E-04 1.318279E-04 1.720687E-04 1.311603E-04 9.620208E-05 7.250025E-05
70 7.678571E-01 5.178571E-01 2.079278E+00 1.060926E-04 1.091340E-04 1.293620E-04 1.478810E-04 1.427975E-04 1.863868E-04 1.420743E-04 1.042072E-04 7.853312E-05
71 1.285714E+00 5.178571E-01 2.079278E+00 1.138098E-04 1.170724E-04 1.387717E-04 1.586379E-04 1.531845E-04 1.999445E-04 1.524088E-04 1.117872E-04 8.424558E-05
72 1.803571E+00 5.178571E-01 2.079278E+00 1.206185E-04 1.240763E-04 1.470738E-04 1.681285E-04 1.623489E-04 2.119063E-04 1.615267E-04 1.184749E-04 8.928562E-05
73 2.321429E+00 5.178571E-01 2.079278E+00 1.266333E-04 1.302636E-04 1.544079E-04 1.765124E-04 1.704447E-04 2.224734E-04 1.695815E-04 1.243829E-04 9.373799E-05
74 2.839286E+00 5.178571E-01 2.079278E+00 1.319519E-04 1.357346E-04 1.608929E-04 1.839259E-04 1.776032E-04 2.318171E-04 1.767038E-04 1.296069E-04 9.767493E-05
75 3.357143E+00 5.178571E-01 2.079278E+00 1.366579E-04 1.405755E-04 1.666311E-04 1.904855E-04 1.839374E-04 2.400847E-04 1.830059E-04 1.342292E-04 1.011585E-04
76 3.875000E+00 5.178571E-01 2.079278E+00 1.408236E-04 1.448606E-04 1.717104E-04 1.962920E-04 1.895443E-04 2.474032E-04 1.885844E-04 1.383209E-04 1.042420E-04
77 4.392857E+00 5.178571E-01 2.079278E+00 1.445117E-04 1.486545E-04 1.762075E-04 2.014329E-04 1.945084E-04 2.538826E-04 1.935234E-04 1.419435E-04 1.069721E-04
78 4.910714E+00 5.178571E-01 2.079278E+00 1.477769E-04 1.520132E-04 1.801888E-04 2.059841E-04 1.989032E-04 2.596189E-04 1.978959E-04 1.451506E-04 1.093891E-04
79 5.428571E+00 5.178571E-01 2.079278E+00 1.506668E-04 1.549860E-04 1.837125E-04 2.100123E-04 2.027929E-04 2.646960E-04 2.017659E-04 1.479892E-04 1.115283E-04
80 5.946429E+00 5.178571E-01 2.079278E+00 1.532233E-04 1.576158E-04 1.868298E-04 2.135758E-04 2.062340E-04 2.691874E-04 2.051895E-04 1.505003E-04 1.134207E-04
81 6.464286E+00 5.178571E-01 2.079278E+00 1.554833E-04 1.599406E-04 1.895855E-04 2.167261E-04 2.092759E-04 2.731580E-04 2.082161E-04 1.527202E-04 1.150937E-04
82 6.982143E+00 5.178571E-01 2.079278E+00 1.574794E-04 1.619939E-04 1.920194E-04 2.195083E-04 2.119625E-04 2.766646E-04 2.108891E-04 1.546807E-04 1.165712E-04
83 7.500000E+00 5.178571E-01 2.079278E+00 1.592401E-04 1.638051E-04 1.941663E-04 2.219626E-04 2.143324E-04 2.797580E-04 2.132470E-04 1.564102E-04 1.178746E-04
84 8.017857E+00 5.178571E-01 2.079278E+00 1.607910E-04 1.654004E-04 1.960573E-04 2.241243E-04 2.164198E-04 2.824825E-04 2.153238E-04 1.579335E-04 1.190225E-04
85 8.535714E+00 5.178571E-01 2.079278E+00 1.621545E-04 1.668030E-04 1.977198E-04 2.260248E-04 2.182550E-04 2.848780E-04 2.171497E-04 1.592727E-04 1.200318E-04
86 9.053571E+00 5.178571E-01 2.079278E+00 1.633506E-04 1.680334E-04 1.991783E-04 2.276921E-04 2.198650E-04 2.869794E-04 2.187516E-04 1.604476E-04 1.209173E-04
87 9.571429E+00 5.178571E-01 2.079278E+00 1.643972E-04 1.691100E-04 2.004544E-04 2.291509E-04 2.212736E-04 2.888180E-04 2.201531E-04 1.614756E-04 1.216920E-04
88 1.008929E+01 5.178571E-01 2.079278E+00 1.653099E-04 1.700489E-04 2.015674E-04 2.304232E-04 2.225022E-04 2.904216E-04 2.213754E-04 1.623721E-04 1.223676E-04
89 1.060714E+01 5.178571E-01 2.079278E+00 1.661030E-04 1.708647E-04 2.025343E-04 2.315286E-04 2.235696E-04 2.918148E-04 2.224374E-04 1.631510E-04 1.229546E-04
90 1.112500E+01 5.178571E-01 2.079278E+00 1.667887E-04 1.715701E-04 2.033706E-04 2.324845E-04 2.244926E-04 2.930196E-04 2.233557E-04 1.638247E-04 1.234623E-04
91 1.164286E+01 5.178571E-01 2.079278E+00 1.673785E-04 1.721767E-04 2.040896E-04 2.333065E-04 2.252864E-04 2.940556E-04 2.241455E-04 1.644039E-04 1.238988E-04
92 1.216071E+01 5.178571E-01 2.079278E+00 1.678820E-04 1.726947E-04 2.047036E-04 2.340084E-04 2.259641E-04 2.949403E-04 2.248198E-04 1.648985E-04 1.242716E-04
93 1.267857E+01 5.178571E-01 2.079278E+00 1.683083E-04 1.731332E-04 2.052234E-04 2.346026E-04 2.265379E-04 2.956892E-04 2.253907E-04 1.653172E-04 1.245871E-04
94 1.319643E+01 5.178571E-01 2.079278E+00 1.686652E-04 1.735003E-04 2.056585E-04 2.351000E-04 2.270182E-04 2.963162E-04 2.258686E-04 1.656677E-04 1.248513E-04
95 1.371429E+01 5.178571E-01 2.079278E+00 1.689597E-04 1.738033E-04 2.060177E-04 2.355106E-04 2.274147E-04 2.968336E-04 2.262630E-04 1.659570E-04 1.250693E-04
96 1.423214E+01 5.178571E-01 2.079278E+00 1.691982E-04 1.740486E-04 2.063084E-04 2.358430E-04 2.277356E-04 2.972526E-04 2.265823E-04 1.661913E-04 1.252458E-04
97 1.475000E+01 5.178571E-01 2.079278E+00 1.693862E-04 1.742420E-04 2.065377E-04 2.361050E-04 2.279887E-04 2.975829E-04 2.268341E-04 1.663759E-04 1.253850E-04
98 1.526786E+01 5.178571E-01 2.079278E+00 1.695287E-04 1.743886E-04 2.067115E-04 2.363037E-04 2.281806E-04 2.978333E-04 2.270250E-04 1.665159E-04 1.254905E-04
99 1.578571E+01 5.178571E-01 2.079278E+00 1.696303E-04 1.744931E-04 2.068354E-04 2.364453E-04 2.283173E-04 2.980118E-04 2.271610E-04 1.666157E-04 1.255657E-04
100 1.630357E+01 5.178571E-01 2.079278E+00 1.696949E-04 1.745596E-04 2.069141E-04 2.365354E-04 2.284042E-04 2.981253E-04 2.272475E-04 1.666792E-04 1.256135E-04
101 1.682143E+01 5.178571E-01 2.079278E+00 1.697261E-04 1.745917E-04 2.069521E-04 2.365788E-04 2.284462E-04 2.981800E-04 2.272893E-04 1.667098E-04 1.256366E-04
102 1.733929E+01 5.178571E-01 2.079278E+00 1.697270E-04 1.745926E-04 2.069533E-04 2.365801E-04 2.284474E-04 2.981817E-04 2.272905E-04 1.667107E-04 1.256373E-04
103 1.785714E+01 5.178571E-01 2.079278E+00 1.697006E-04 1.745654E-04 2.069210E-04 2.365432E-04 2.284118E-04 2.981352E-04 2.272551E-04 1.666847E-04 1.256177E-04
104 1.837500E+01 5.178571E-01 2.079278E+00 1.696492E-04 1.745126E-04 2.068584E-04 2.364717E-04 2.283428E-04 2.980450E-04 2.271864E-04 1.666343E-04 1.255797E-04
105 1.889286E+01 5.178571E-01 2.079278E+00 1.695753E-04 1.744366E-04 2.067683E-04 2.363687E-04 2.282433E-04 2.979152E-04 2.270874E-04 1.665617E-04 1.255250E-04
106 1.941071E+01 5.178571E-01 2.079278E+00 1.694809E-04 1.743394E-04 2.066532E-04 2.362371E-04 2.281162E-04 2.977493E-04 2.269610E-04 1.664690E-04 1.254551E-04
107 1.992857E+01 5.178571E-01 2.079278E+00 1.693677E-04 1.742230E-04 2.065152E-04 2.360793E-04 2.279638E-04 2.975504E-04 2.268094E-04 1.663578E-04 1.253713E-04
108 2.044643E+01 5.178571E-01 2.079278E+00 1.692374E-04 1.740890E-04 2.063563E-04 2.358977E-04 2.277885E-04 2.973215E-04 2.266349E-04 1.662298E-04 1.252749E-04
109 2.096429E+01 5.178571E-01 2.079278E+00 1.690915E-04 1.739388E-04 2.061783E-04 2.356942E-04 2.275920E-04 2.970651E-04 2.264394E-04 1.660865E-04 1.251668E-04
110 2.148214E+01 5.178571E-01 2.079278E+00 1.689311E-04 1.737739E-04 2.059829E-04 2.354708E-04 2.273762E-04 2.967835E-04 2.262247E-04 1.659290E-04 1.250482E-04
111 2.200000E+01 5.178571E-01 2.079278E+00 1.687576E-04 1.735954E-04 2.057713E-04 2.352289E-04 2.271427E-04 2.964786E-04 2.259924E-04 1.657585E-04 1.249197E-04
112 2.251786E+01 5.178571E-01 2.079278E+00 1.685719E-04 1.734044E-04 2.055449E-04 2.349701E-04 2.268928E-04 2.961524E-04 2.257437E-04 1.655762E-04 1.247823E-04
113 2.303571E+01 5.178571E-01 2.079278E+00 1.683750E-04 1.732019E-04 2.053048E-04 2.346956E-04 2.266277E-04 2.958065E-04 2.254800E-04 1.653828E-04 1.246365E-04
114 2.355357E+01 5.178571E-01 2.079278E+00 1.681677E-04 1.729886E-04 2.050520E-04 2.344067E-04 2.263487E-04 2.954423E-04 2.252024E-04 1.651791E-04 1.244831E-04
115 2.407143E+01 5.178571E-01 2.079278E+00 1.679508E-04 1.727655E-04 2.047875E-04 2.341043E-04 2.260567E-04 2.950612E-04 2.249119E-04 1.649661E-04 1.243225E-04
116 2.458929E+01 5.178571E-01 2.079278E+00 1.677249E-04 1.725331E-04 2.045120E-04 2.337894E-04 2.257527E-04 2.946643E-04 2.246094E-04 1.647442E-04 1.241553E-04
117 2.510714E+01 5.178571E-01 2.079278E+00 1.674906E-04 1.722921E-04 2.042264E-04 2.334628E-04 2.254373E-04 2.942527E-04 2.242957E-04 1.645141E-04 1.239818E-04
118 2.562500E+01 5.178571E-01 2.079278E+00 1.672485E-04 1.720431E-04 2.039312E-04 2.331254E-04 2.251115E-04 2.938273E-04 2.239714E-04 1.642762E-04 1.238026E-04
119 2.614286E+01 5.178571E-01 2.079278E+00 1.669991E-04 1.717865E-04 2.036270E-04 2.327777E-04 2.247757E-04 2.933891E-04 2.236374E-04 1.640312E-04 1.236180E-04
120 2.666071E+01 5.178571E-01 2.079278E+00 1.667427E-04 1.715228E-04 2.033144E-04 2.324203E-04 2.244307E-04 2.929388E-04 2.232941E-04 1.637794E-04 1.234282E-04
121 2.717857E+01 5.178571E-01 2.079278E+00 1.664799E-04 1.712524E-04 2.029939E-04 2.320539E-04 2.240769E-04 2.924770E-04 2.229421E-04 1.635213E-04 1.232336E-04
122 2.769643E+01 5.178571E-01 2.079278E+00 1.662108E-04 1.709756E-04 2.026659E-04 2.316790E-04 2.237148E-04 2.920043E-04 2.225819E-04 1.632570E-04 1.230345E-04
123 2.821429E+01 5.178571E-01 2.079278E+00 1.659360E-04 1.706929E-04 2.023308E-04 2.312959E-04 2.233449E-04 2.915215E-04 2.222138E-04 1.629871E-04 1.228311E-04
124 2.873214E+01 5.178571E-01 2.079278E+00 1.656556E-04 1.704045E-04 2.019889E-04 2.309050E-04 2.229675E-04 2.910289E-04 2.218383E-04 1.627117E-04 1.226235E-04
125 2.925000E+01 5.178571E-01 2.079278E+00 1.653699E-04 1.701106E-04 2.016406E-04 2.305068E-04 2.225829E-04 2.905270E-04 2.214557E-04 1.624311E-04 1.224120E-04
126 2.976786E+01 5.178571E-01 2.079278E+00 1.650792E-04 1.698116E-04 2.012861E-04 2.301016E-04 2.221916E-04 2.900163E-04 2.210664E-04 1.621455E-04 1.221968E-04
127 3.028571E+01 5.178571E-01 2.079278E+00 1.647837E-04 1.695075E-04 2.009257E-04 2.296896E-04 2.217938E-04 2.894970E-04 2.206706E-04 1.618552E-04 1.219781E-04
128 3.080357E+01 5.178571E-01 2.079278E+00 1.644835E-04 1.691987E-04 2.005596E-04 2.292712E-04 2.213898E-04 2.889696E-04 2.202686E-04 1.615603E-04 1.217558E-04
129 3.132143E+01 5.178571E-01 2.079278E+00 1.641788E-04 1.688853E-04 2.001882E-04 2.288465E-04 2.209797E-04 2.884344E-04 2.198606E-04 1.612611E-04 1.215303E-04
130 3.183929E+01 5.178571E-01 2.079278E+00 1.638698E-04 1.685675E-04 1.998115E-04 2.284159E-04 2.205639E-04 2.878916E-04 2.194469E-04 1.609576E-04 1.213016E-04
131 3.235714E+01 5.178571E-01 2.079278E+00 1.635567E-04 1.682455E-04 1.994297E-04 2.279795E-04 2.201424E-04 2.873415E-04 2.190276E-04 1.606501E-04 1.210699E-04
132 3.287500E+01 5.178571E-01 2.079278E+00 1.632396E-04 1.679192E-04 1.990430E-04 2.275374E-04 2.197156E-04 2.867844E-04 2.186029E-04 1.603386E-04 1.208351E-04
133 3.339286E+01 5.178571E-01 2.079278E+00 1.629186E-04 1.675890E-04 1.986516E-04 2.270900E-04 2.192835E-04 2.862204E-04 2.181730E-04 1.600233E-04 1.205975E-04
134 3.391071E+01 5.178571E-01 2.079278E+00 1.625938E-04 1.672549E-04 1.982556E-04 2.266372E-04 2.188464E-04 2.856498E-04 2.177381E-04 1.597043E-04 1.203571E-04
135 3.442857E+01 5.178571E-01 2.079278E+00 1.622654E-04 1.669170E-04 1.978550E-04 2.261794E-04 2.184043E-04 2.850728E-04 2.172982E-04 1.593816E-04 1.201139E-04
136 3.494643E+01 5.178571E-01 2.079278E+00 1.619333E-04 1.665755E-04 1.974502E-04 2.257166E-04 2.179574E-04 2.844894E-04 2.168536E-04 1.590555E-04 1.198681E-04
137 3.546429E+01 5.178571E-01 2.079278E+00 1.615978E-04 1.662303E-04 1.970411E-04 2.252489E-04 2.175058E-04 2.839000E-04 2.164043E-04 1.587260E-04 1.196198E-04
138 3.598214E+01 5.178571E-01 2.079278E+00 1.612589E-04 1.658817E-04 1.966278E-04 2.247765E-04 2.170496E-04 2.833046E-04 2.159504E-04 1.583931E-04 1.193689E-04
139 3.650000E+01 5.178571E-01 2.079278E+00 1.609166E-04 1.655297E-04 1.962105E-04 2.242994E-04 2.165889E-04 2.827033E-04 2.154921E-04 1.580569E-04 1.191156E-04
140 3.701786E+01 5.178571E-01 2.079278E+00 1.605711E-04 1.651743E-04 1.957892E-04 2.238179E-04 2.161239E-04 2.820963E-04 2.150294E-04 1.577176E-04 1.188598E-04
141 3.753571E+01 5.178571E-01 2.079278E+00 1.602225E-04 1.648156E-04 1.953641E-04 2.233319E-04 2.156546E-04 2.814838E-04 2.145625E-04 1.573751E-04 1.186017E-04
142 3.805357E+01 5.178571E-01 2.079278E+00 1.598707E-04 1.644537E-04 1.949352E-04 2.228415E-04 2.151811E-04 2.808658E-04 2.140914E-04 1.570296E-04 1.183413E-04
143 3.857143E+01 5.178571E-01 2.079278E+00 1.595159E-04 1.640887E-04 1.945025E-04 2.223470E-04 2.147036E-04 2.802424E-04 2.136163E-04 1.566810E-04 1.180787E-04
144 3.908929E+01 5.178571E-01 2.079278E+00 1.591581E-04 1.637207E-04 1.940662E-04 2.218482E-04 2.142219E-04 2.796138E-04 2.131371E-04 1.563296E-04 1.178138E-04
145 3.960714E+01 5.178571E-01 2.079278E+00 1.587973E-04 1.633496E-04 1.936264E-04 2.213453E-04 2.137364E-04 2.789800E-04 2.126540E-04 1.559752E-04 1.175468E-04
146 4.012500E+01 5.178571E-01 2.079278E+00 1.584337E-04 1.629755E-04 1.931830E-04 2.208385E-04 2.132469E-04 2.783412E-04 2.121670E-04 1.556181E-04 1.172776E-04
147 4.064286E+01 5.178571E-01 2.079278E+00 1.580672E-04 1.625985E-04 1.927361E-04 2.203277E-04 2.127537E-04 2.776973E-04 2.116763E-04 1.552581E-04 1.170063E-04
148 4.116071E+01 5.178571E-01 2.079278E+00 1.576980E-04 1.622187E-04 1.922859E-04 2.198130E-04 2.122567E-04 2.770486E-04 2.111818E-04 1.548954E-04 1.167330E-04
149 4.167857E+01 5.178571E-01 2.079278E+00 1.573260E-04 1.618361E-04 1.918323E-04 2.192945E-04 2.117560E-04 2.763951E-04 2.106836E-04 1.545301E-04 1.164576E-04
150 4.219643E+01 5.178571E-01 2.079278E+00 1.569513E-04 1.614507E-04 1.913755E-04 2.187722E-04 2.112517E-04 2.757369E-04 2.101819E-04 1.541620E-04 1.161803E-04
151 4.271429E+01 5.178571E-01 2.079278E+00 1.565740E-04 1.610625E-04 1.909154E-04 2.182463E-04 2.107439E-04 2.750740E-04 2.096766E-04 1.537914E-04 1.159010E-04
152 4.323214E+01 5.178571E-01 2.079278E+00 1.561941E-04 1.606717E-04 1.904522E-04 2.177168E-04 2.102325E-04 2.744066E-04 2.091679E-04 1.534183E-04 1.156198E-04
153 4.375000E+01 5.178571E-01 2.079278E+00 1.558116E-04 1.602783E-04 1.899858E-04 2.171836E-04 2.097177E-04 2.737347E-04 2.086557E-04 1.530426E-04 1.153367E-04
154 4.426786E+01 5.178571E-01 2.079278E+00 1.554266E-04 1.598823E-04 1.895164E-04 2.166470E-04 2.091996E-04 2.730583E-04 2.081401E-04 1.526645E-04 1.150517E-04
155 4.478571E+01 5.178571E-01 2.079278E+00 1.550392E-04 1.594837E-04 1.890440E-04 2.161070E-04 2.086781E-04 2.723776E-04 2.076213E-04 1.522839E-04 1.147649E-04
156 4.530357E+01 5.178571E-01 2.079278E+00 1.546493E-04 1.590826E-04 1.885685E-04 2.155635E-04 2.081533E-04 2.716926E-04 2.070991E-04 1.519009E-04 1.144763E-04
157 4.582143E+01 5.178571E-01 2.079278E+00 1.542570E-04 1.586791E-04 1.880902E-04 2.150167E-04 2.076253E-04 2.710035E-04 2.065738E-04 1.515156E-04 1.141859E-04
158 4.633929E+01 5.178571E-01 2.079278E+00 1.538623E-04 1.582731E-04 1.876090E-04 2.144666E-04 2.070941E-04 2.703101E-04 2.060453E-04 1.511280E-04 1.138938E-04
159 4.685714E+01 5.178571E-01 2.079278E+00 1.534654E-04 1.578648E-04 1.871250E-04 2.139132E-04 2.065598E-04 2.696127E-04 2.055137E-04 1.507381E-04 1.135999E-04
160 4.737500E+01 5.178571E-01 2.079278E+00 1.530661E-04 1.574541E-04 1.866381E-04 2.133567E-04 2.060224E-04 2.689113E-04 2.049790E-04 1.503459E-04 1.133044E-04
161 4.789286E+01 5.178571E-01 2.079278E+00 1.526646E-04 1.570411E-04 1.861486E-04 2.127971E-04 2.054820E-04 2.682059E-04 2.044414E-04 1.499515E-04 1.130072E-04
162 4.841071E+01 5.178571E-01 2.079278E+00 1.522609E-04 1.566258E-04 1.856563E-04 2.122343E-04 2.049386E-04 2.674967E-04 2.039007E-04 1.495550E-04 1.127083E-04
163 4.892857E+01 5.178571E-01 2.079278E+00 1.518550E-04 1.562083E-04 1.851614E-04 2.116686E-04 2.043923E-04 2.667836E-04 2.033572E-04 1.491563E-04 1.124079E-04
164 4.944643E+01 5.178571E-01 2.079278E+00 1.514470E-04 1.557885E-04 1.846639E-04 2.110998E-04 2.038431E-04 2.660667E-04 2.028108E-04 1.487555E-04 1.121058E-04
165 4.996429E+01 5.178571E-01 2.079278E+00 1.510369E-04 1.553667E-04 1.841638E-04 2.105282E-04 2.032911E-04 2.653462E-04 2.022615E-04 1.483527E-04 1.118022E-04
166 5.048214E+01 5.178571E-01 2.079278E+00 1.506247E-04 1.549426E-04 1.836612E-04 2.099536E-04 2.027362E-04 2.646220E-04 2.017095E-04 1.479478E-04 1.114971E-04
167 5.100000E+01 5.178571E-01 2.079278E+00 1.502104E-04 1.545165E-04 1.831561E-04 2.093762E-04 2.021787E-04 2.638943E-04 2.011548E-04 1.475410E-04 1.111905E-04
168 5.151786E+01 5.178571E-01 2.079278E+00 1.497942E-04 1.540884E-04 1.826486E-04 2.087960E-04 2.016185E-04 2.631631E-04 2.005974E-04 1.471321E-04 1.108824E-04
169 5.203571E+01 5.178571E-01 2.079278E+00 1.493760E-04 1.536582E-04 1.821387E-04 2.082131E-04 2.010556E-04 2.624283E-04 2.000374E-04 1.467213E-04 1.105728E-04
170 5.255357E+01 5.178571E-01 2.079278E+00 1.489559E-04 1.532260E-04 1.816264E-04 2.076275E-04 2.004901E-04 2.616902E-04 1.994748E-04 1.463087E-04 1.102618E-04
171 5.307143E+01 5.178571E-01 2.079278E+00 1.485338E-04 1.527919E-04 1.811118E-04 2.070392E-04 1.999221E-04 2.609488E-04 1.989096E-04 1.458942E-04 1.099494E-04
172 5.358929E+01 5.178571E-01 2.079278E+00 1.481099E-04 1.523558E-04 1.805949E-04 2.064484E-04 1.993515E-04 2.602041E-04 1.983420E-04 1.454778E-04 1.096356E-04
173 5.410714E+01 5.178571E-01 2.079278E+00 1.476842E-04 1.519179E-04 1.800758E-04 2.058550E-04 1.987785E-04 2.594562E-04 1.977718E-04 1.450596E-04 1.093205E-04
174 5.462500E+01 5.178571E-01 2.079278E+00 1.472567E-04 1.514781E-04 1.795545E-04 2.052591E-04 1.982031E-04 2.587051E-04 1.971993E-04 1.446397E-04 1.090040E-04
175 5.514286E+01 5.178571E-01 2.079278E+00 1.468274E-04 1.510365E-04 1.790311E-04 2.046607E-04 1.976253E-04 2.579509E-04 1.966245E-04 1.442181E-04 1.086863E-04
176 5.566071E+01 5.178571E-01 2.079278E+00 1.463964E-04 1.505932E-04 1.785056E-04 2.040599E-04 1.970452E-04 2.571937E-04 1.960473E-04 1.437947E-04 1.083672E-04
177 5.617857E+01 5.178571E-01 2.079278E+00 1.459637E-04 1.501481E-04 1.779780E-04 2.034568E-04 1.964627E-04 2.564335E-04 1.954678E-04 1.433697E-04 1.080469E-04
178 5.669643E+01 5.178571E-01 2.079278E+00 1.455293E-04 1.497013E-04 1.774483E-04 2.028513E-04 1.958781E-04 2.556704E-04 1.948861E-04 1.429431E-04 1.077254E-04
179 5.721429E+01 5.178571E-01 2.079278E+00 1.450933E-04 1.492528E-04 1.769167E-04 2.022436E-04 1.952913E-04 2.549045E-04 1.943023E-04 1.425148E-04 1.074027E-04
180 5.773214E+01 5.178571E-01 2.079278E+00 1.446557E-04 1.488026E-04 1.763831E-04 2.016336E-04 1.947023E-04 2.541357E-04 1.937163E-04 1.420850E-04 1.070787E-04
181 5.825000E+01 5.178571E-01 2.079278E+00 1.442166E-04 1.483509E-04 1.758476E-04 2.010215E-04 1.941112E-04 2.533641E-04 1.931281E-04 1.416536E-04 1.067537E-04
182 5.876786E+01 5.178571E-01 2.079278E+00 1.437759E-04 1.478975E-04 1.753103E-04 2.004072E-04 1.935180E-04 2.525899E-04 1.925380E-04 1.412208E-04 1.064274E-04
183 5.928571E+01 5.178571E-01 2.079278E+00 1.437620E-04 1.478832E-04 1.752933E-04 2.003878E-04 1.934993E-04 2.525654E-04 1.925193E-04 1.412071E-04 1.064171E-04
184 5.980357E+01 5.178571E-01 2.079278E+00 1.447428E-04 1.488921E-04 1.764892E-04 2.017549E-04 1.948194E-04 2.542886E-04 1.938328E-04 1.421705E-04 1.071432E-04
185 6.032143E+01 5.178571E-01 2.079278E+00 1.471008E-04 1.513178E-04 1.793645E-04 2.050418E-04 1.979933E-04 2.584313E-04 1.969906E-04 1.444866E-04 1.088887E-04
186 6.083929E+01 5.178571E-01 2.079278E+00 1.507125E-04 1.550330E-04 1.837683E-04 2.100760E-04 2.028545E-04 2.647764E-04 2.018272E-04 1.480341E-04 1.115621E-04
187 6.135714E+01 5.178571E-01 2.079278E+00 1.554912E-04 1.599487E-04 1.895952E-04 2.167371E-04 2.092865E-04 2.731718E-04 2.082266E-04 1.527279E-04 1.150995E-04
188 6.187500E+01 5.178571E-01 2.079278E+00 1.613789E-04 1.660051E-04 1.967741E-04 2.249437E-04 2.172111E-04 2.835154E-04 2.161111E-04 1.585109E-04 1.194577E-04
189 6.239286E+01 5.178571E-01 2.079278E+00 1.683391E-04 1.731649E-04 2.052609E-04 2.346455E-04 2.265793E-04 2.957433E-04 2.254319E-04 1.653474E-04 1.246099E-04
190 6.291071E+01 5.178571E-01 2.079278E+00 1.763530E-04 1.814085E-04 2.150325E-04 2.458159E-04 2.373658E-04 3.098224E-04 2.361637E-04 1.732189E-04 1.305420E-04
191 6.342857E+01 5.178571E-01 2.079278E+00 1.854158E-04 1.907312E-04 2.260831E-04 2.584486E-04 2.495641E-04 3.257443E-04 2.483003E-04 1.821207E-04 1.372507E-04
192 6.394643E+01 5.178571E-01 2.079278E+00 1.955348E-04 2.011402E-04 2.384215E-04 2.725532E-04 2.631840E-04 3.435216E-04 2.618511E-04 1.920599E-04 1.447410E-04
193 6.446429E+01 5.178571E-01 2.079278E+00 2.067272E-04 2.126534E-04 2.520687E-04 2.881541E-04 2.782485E-04 3.631846E-04 2.768394E-04 2.030533E-04 1.530260E-04
194 6.498214E+01 5.178571E-01 2.079278E+00 2.190192E-04 2.252978E-04 2.670567E-04 3.052877E-04 2.947932E-04 3.847796E-04 2.933003E-04 2.151268E-04 1.621249E-04
195 6.550000E+01 5.178571E-01 2.079278E+00 2.324452E-04 2.391087E-04 2.834275E-04 3.240021E-04 3.128642E-04 4.083669E-04 3.112798E-04 2.283143E-04 1.720633E-04
196 6.601786E+01 5.178571E-01 2.079278E+00 2.470472E-04 2.541293E-04 3.012321E-04 3.443556E-04 3.325180E-04 4.340201E-04 3.308341E-04 2.426568E-04 1.828721E-04
197 6.653571E+01 5.178571E-01 2.079278E+00 2.628740E-04 2.704099E-04 3.205302E-04 3.664164E-04 3.538205E-04 4.618252E-04 3.520287E-04 2.582023E-04 1.945876E-04
198 6.705357E+01 5.178571E-01 2.079278E+00 2.799815E-04 2.880078E-04 3.413899E-04 3.902623E-04 3.768466E-04 4.918801E-04 3.749382E-04 2.750058E-04 2.072511E-04
199 6.757143E+01 5.178571E-01 2.079278E+00 2.984319E-04 3.069871E-04 3.638870E-04 4.159800E-04 4.016803E-04 5.242943E-04 3.996461E-04 2.931283E-04 2.209087E-04
200 6.808929E+01 5.178571E-01 2.079278E+00 3.182939E-04 3.274185E-04 3.881054E-04 4.436654E-04 4.284140E-04 5.591885E-04 4.262444E-04 3.126373E-04 2.356112E-04
201 6.860714E+01 5.178571E-01 2.079278E+00 3.396427E-04 3.493793E-04 4.141367E-04 4.734233E-04 4.571489E-04 5.966949E-04 4.548338E-04 3.336068E-04 2.514143E-04
202 6.912500E+01 5.178571E-01 2.079278E+00 3.625599E-04 3.729535E-04 4.420803E-04 5.053672E-04 4.879947E-04 6.369565E-04 4.855234E-04 3.561167E-04 2.683783E-04
203 6.964286E+01 5.178571E-01 2.079278E+00 3.871333E-04 3.982313E-04 4.720434E-04 5.396197E-04 5.210698E-04 6.801278E-04 5.184310E-04 3.802534E-04 2.865683E-04
204 7.016071E+01 5.178571E-01 2.079278E+00 4.134572E-04 4.253099E-04 5.041409E-04 5.763123E-04 5.565010E-04 7.263744E-04 5.536827E-04 4.061095E-04 3.060541E-04
205 7.067857E+01 5.178571E-01 2.079278E+00 4.416324E-04 4.542928E-04 5.384957E-04 6.155852E-04 5.944239E-04 7.758734E-04 5.914136E-04 4.337839E-04 3.269102E-04
206 7.119643E+01 5.178571E-01 2.079278E+00 4.717661E-04 4.852903E-04 5.752386E-04 6.575881E-04 6.349829E-04 8.288132E-04 6.317672E-04 4.633821E-04 3.492161E-04
207 7.171429E+01 5.178571E-01 2.079278E+00 5.039720E-04 5.184195E-04 6.145083E-04 7.024796E-04 6.783312E-04 8.853936E-04 6.748960E-04 4.950157E-04 3.730560E-04
208 7.223214E+01 5.178571E-01 2.079278E+00 5.383706E-04 5.538042E-04 6.564516E-04 7.504273E-04 7.246306E-04 9.458262E-04 7.209610E-04 5.288030E-04 3.985189E-04
209 7.275000E+01 5.178571E-01 2.079278E+00 5.750888E-04 5.915750E-04 7.012232E-04 8.016083E-04 7.740522E-04 1.010334E-03 7.701322E-04 5.648686E-04 4.256989E-04
210 7.326786E+01 5.178571E-01 2.079278E+00 6.142601E-04 6.318692E-04 7.489859E-04 8.562085E-04 8.267755E-04 1.079151E-03 8.225886E-04 6.033437E-04 4.546947E-04
211 7.378571E+01 5.178571E-01 2.079278E+00 6.560245E-04 6.748309E-04 7.999105E-04 9.144234E-04 8.829892E-04 1.152524E-03 8.785176E-04 6.443660E-04 4.856100E-04
212 7.430357E+01 5.178571E-01 2.079278E+00 7.005287E-04 7.206109E-04 8.541758E-04 9.764571E-04 9.428905E-04 1.230710E-03 9.381155E-04 6.880792E-04 5.185534E-04
213 7.482143E+01 5.178571E-01 2.079278E+00 7.479254E-04 7.693663E-04 9.119680E-04 1.042523E-03 1.006685E-03 1.313978E-03 1.001587E-03 7.346336E-04 5.536379E-04
214 7.533929E+01 5.178571E-01 2.079278E+00 7.983736E-04 8.212608E-04 9.734811E-04 1.112842E-03 1.074587E-03 1.402607E-03 1.069145E-03 7.841853E-04 5.909813E-04
215 7.585714E+01 5.178571E-01 2.079278E+00 8.520383E-04 8.764639E-04 1.038916E-03 1.187644E-03 1.146818E-03 1.496887E-03 1.141010E-03 8.368963E-04 6.307056E-04
216 7.637500E+01 5.178571E-01 2.079278E+00 9.090899E-04 9.351510E-04 1.108481E-03 1.267168E-03 1.223608E-03 1.597117E-03 1.217411E-03 8.929340E-04 6.729370E-04
217 7.689286E+01 5.178571E-01 2.079278E+00 9.697039E-04 9.975026E-04 1.182389E-03 1.351657E-03 1.305192E-03 1.703606E-03 1.298582E-03 9.524708E-04 7.178054E-04
218 7.741071E+01 5.178571E-01 2.079278E+00 1.034060E-03 1.063704E-03 1.260861E-03 1.441362E-03 1.391814E-03 1.816669E-03 1.384766E-03 1.015684E-03 7.654441E-04
219 7.792857E+01 5.178571E-01 2.079278E+00 1.102343E-03 1.133945E-03 1.344121E-03 1.536541E-03 1.483721E-03 1.936631E-03 1.476207E-03 1.082753E-03 8.159894E-04
220 7.844643E+01 5.178571E-01 2.079278E+00 1.174740E-03 1.208417E-03 1.432396E-03 1.637454E-03 1.581165E-03 2.063820E-03 1.573158E-03 1.153863E-03 8.695797E-04
221 7.896429E+01 5.178571E-01 2.079278E+00 1.251440E-03 1.287315E-03 1.525919E-03 1.744365E-03 1.684401E-03 2.198569E-03 1.675871E-03 1.229200E-03 9.263554E-04
222 7.948214E+01 5.178571E-01 2.079278E+00 1.332634E-03 1.370836E-03 1.624920E-03 1.857539E-03 1.793685E-03 2.341212E-03 1.784601E-03 1.308951E-03 9.864574E-04
223 8.000000E+01 5.178571E-01 2.079278E+00 1.418511E-03 1.459176E-03 1.729633E-03 1.977243E-03 1.909273E-03 2.492084E-03 1.899604E-03 1.393302E-03 1.050027E-03
224 8.051786E+01 5.178571E-01 2.079278E+00 1.509261E-03 1.552528E-03 1.840288E-03 2.103739E-03 2.031420E-03 2.651517E-03 2.021133E-03 1.482440E-03 1.117203E-03
225 8.103571E+01 5.178571E-01 2.079278E+00 1.605071E-03 1.651083E-03 1.957111E-03 2.237285E-03 2.160377E-03 2.819837E-03 2.149436E-03 1.576546E-03 1.188124E-03
226 8.155357E+01 5.178571E-01 2.079278E+00 1.706119E-03 1.755029E-03 2.080322E-03 2.378135E-03 2.296385E-03 2.997362E-03 2.284755E-03 1.675799E-03 1.262923E-03
227 8.207143E+01 5.178571E-01 2.079278E+00 1.812581E-03 1.864542E-03 2.210134E-03 2.526531E-03 2.439679E-03 3.184398E-03 2.427324E-03 1.780368E-03 1.341729E-03
228 8.258929E+01 5.178571E-01 2.079278E+00 1.924620E-03 1.979793E-03 2.346747E-03 2.682701E-03 2.590481E-03 3.381232E-03 2.577362E-03 1.890417E-03 1.424664E-03
229 8.310714E+01 5.178571E-01 2.079278E+00 2.042390E-03 2.100940E-03 2.490348E-03 2.846859E-03 2.748996E-03 3.588134E-03 2.735074E-03 2.006094E-03 1.511842E-03
230 8.362500E+01 5.178571E-01 2.079278E+00 2.166030E-03 2.228124E-03 2.641106E-03 3.019199E-03 2.915411E-03 3.805349E-03 2.900647E-03 2.127536E-03 1.603364E-03
231 8.414286E+01 5.178571E-01 2.079278E+00 2.295661E-03 2.361471E-03 2.799169E-03 3.199890E-03 3.089891E-03 4.033088E-03 3.074243E-03 2.254864E-03 1.699321E-03
232 8.466071E+01 5.178571E-01 2.079278E+00 2.431385E-03 2.501086E-03 2.964661E-03 3.389073E-03 3.272571E-03 4.271532E-03 3.255998E-03 2.388175E-03 1.799788E-03
233 8.517857E+01 5.178571E-01 2.079278E+00 2.573280E-03 2.647049E-03 3.137678E-03 3.586859E-03 3.463557E-03 4.520818E-03 3.446017E-03 2.527549E-03 1.904823E-03
234 8.569643E+01 5.178571E-01 2.079278E+00 2.721398E-03 2.799413E-03 3.318283E-03 3.793319E-03 3.662920E-03 4.781036E-03 3.644370E-03 2.673035E-03 2.014465E-03
235 8.621429E+01 5.178571E-01 2.079278E+00 2.875762E-03 2.958202E-03 3.506503E-03 4.008484E-03 3.870688E-03 5.052227E-03 3.851086E-03 2.824655E-03 2.128729E-03
236 8.673214E+01 5.178571E-01 2.079278E+00 3.036359E-03 3.123403E-03 3.702324E-03 4.232339E-03 4.086848E-03 5.334369E-03 4.066151E-03 2.982398E-03 2.247609E-03
237 8.725000E+01 5.178571E-01 2.079278E+00 3.203143E-03 3.294968E-03 3.905689E-03 4.464816E-03 4.311334E-03 5.627380E-03 4.289500E-03 3.146218E-03 2.371067E-03
238 8.776786E+01 5.178571E-01 2.079278E+00 3.376026E-03 3.472807E-03 4.116490E-03 4.705795E-03 4.544029E-03 5.931106E-03 4.521017E-03 3.316028E-03 2.499040E-03
239 8.828571E+01 5.178571E-01 2.079278E+00 3.554876E-03 3.656784E-03 4.334568E-03 4.955092E-03 4.784756E-03 6.245316E-03 4.760525E-03 3.491701E-03 2.631431E-03
240 8.880357E+01 5.178571E-01 2.079278E+00 3.739518E-03 3.846719E-03 4.559707E-03 5.212462E-03 5.033278E-03 6.569700E-03 5.007789E-03 3.673061E-03 2.768109E-03
241 8.932143E+01 5.178571E-01 2.079278E+00 3.929726E-03 4.042380E-03 4.791633E-03 5.477590E-03 5.289292E-03 6.903863E-03 5.262506E-03 3.859888E-03 2.908907E-03
242 8.983929E+01 5.178571E-01 2.079278E+00 4.125223E-03 4.243482E-03 5.030009E-03 5.750091E-03 5.552426E-03 7.247319E-03 5.524307E-03 4.051912E-03 3.053620E-03
243 9.035714E+01 5.178571E-01 2.079278E+00 4.325681E-03 4.449687E-03 5.274434E-03 6.029507E-03 5.822237E-03 7.599491E-03 5.792752E-03 4.248807E-03 3.202006E-03
244 9.087500E+01 5.178571E-01 2.079278E+00 4.530718E-03 4.660601E-03 5.524442E-03 6.315305E-03 6.098210E-03 7.959706E-03 6.067328E-03 4.450200E-03 3.353780E-03
245 9.139286E+01 5.178571E-01 2.079278E+00 4.739896E-03 4.875776E-03 5.779499E-03 6.606875E-03 6.379758E-03 8.327196E-03 6.347449E-03 4.655661E-03 3.508621E-03
246 9.191071E+01 5.178571E-01 2.079278E+00 4.952725E-03 5.094706E-03 6.039007E-03 6.903534E-03 6.666219E-03 8.701100E-03 6.632459E-03 4.864708E-03 3.666163E-03
247 9.242857E+01 5.178571E-01 2.079278E+00 5.168660E-03 5.316831E-03 6.302303E-03 7.204523E-03 6.956860E-03 9.080461E-03 6.921629E-03 5.076805E-03 3.826005E-03
248 9.294643E+01 5.178571E-01 2.079278E+00 5.387105E-03 5.541538E-03 6.568660E-03 7.509010E-03 7.250881E-03 9.464232E-03 7.214161E-03 5.291368E-03 3.987705E-03
249 9.346429E+01 5.178571E-01 2.079278E+00 5.607416E-03 5.768165E-03 6.837292E-03 7.816099E-03 7.547413E-03 9.851282E-03 7.509192E-03 5.507764E-03 4.150786E-03
250 9.398214E+01 5.178571E-01 2.079278E+00 5.828904E-03 5.996003E-03 7.107359E-03 8.124828E-03 7.845530E-03 1.024040E-02 7.805798E-03 5.725316E-03 4.314739E-03
251 9.450000E+01 5.178571E-01 2.079278E+00 6.050839E-03 6.224300E-03 7.377971E-03 8.434180E-03 8.144247E-03 1.063030E-02 8.103003E-03 5.943306E-03 4.479022E-03
252 9.501786E+01 5.178571E-01 2.079278E+00 6.272454E-03 6.452268E-03 7.648193E-03 8.743087E-03 8.442535E-03 1.101964E-02 8.399780E-03 6.160983E-03 4.643068E-03
253 9.553571E+01 5.178571E-01 2.079278E+00 6.492956E-03 6.679090E-03 7.917057E-03 9.050440E-03 8.739323E-03 1.140703E-02 8.695065E-03 6.377566E-03 4.806290E-03
254 9.605357E+01 5.178571E-01 2.079278E+00 6.711525E-03 6.903925E-03 8.183565E-03 9.355101E-03 9.033510E-03 1.179101E-02 8.987763E-03 6.592251E-03 4.968082E-03
255 9.657143E+01 5.178571E-01 2.079278E+00 6.927329E-03 7.125916E-03 8.446702E-03 9.655907E-03 9.323976E-03 1.217015E-02 9.276758E-03 6.804220E-03 5.127827E-03
256 9.708929E+01 5.178571E-01 2.079278E+00 7.139528E-03 7.344198E-03 8.705442E-03 9.951688E-03 9.609589E-03 1.254294E-02 9.560924E-03 7.012648E-03 5.284903E-03
257 9.760714E+01 5.178571E-01 2.079278E+00 7.347281E-03 7.557907E-03 8.958762E-03 1.024127E-02 9.889219E-03 1.290793E-02 9.839138E-03 7.216709E-03 5.438689E-03
258 9.812500E+01 5.178571E-01 2.079278E+00 7.549758E-03 7.766188E-03 9.205648E-03 1.052350E-02 1.016175E-02 1.326365E-02 1.011029E-02 7.415587E-03 5.588569E-03
259 9.864286E+01 5.178571E-01 2.079278E+00 7.746145E-03 7.968205E-03 9.445108E-03 1.079724E-02 1.042608E-02 1.360867E-02 1.037328E-02 7.608484E-03 5.733941E-03
260 9.916071E+01 5.178571E-01 2.079278E+00 7.935654E-03 8.163147E-03 9.676182E-03 1.106140E-02 1.068115E-02 1.394160E-02 1.062706E-02 7.794625E-03 5.874221E-03
261 9.967857E+01 5.178571E-01 2.079278E+00 8.117530E-03 8.350237E-03 9.897949E-03 1.131491E-02 1.092595E-02 1.426113E-02 1.087062E-02 7.973269E-03 6.008851E-03
262 1.001964E+02 5.178571E-01 2.079278E+00 8.291059E-03 8.528741E-03 1.010954E-02 1.155679E-02 1.115952E-02 1.456599E-02 1.110300E-02 8.143715E-03 6.137303E-03
263 1.007143E+02 5.178571E-01 2.079278E+00 8.455576E-03 8.697973E-03 1.031014E-02 1.178611E-02 1.138095E-02 1.485502E-02 1.132331E-02 8.305307E-03 6.259084E-03
264 1.012321E+02 5.178571E-01 2.079278E+00 8.610467E-03 8.857305E-03 1.049900E-02 1.200201E-02 1.158943E-02 1.512713E-02 1.153074E-02 8.457446E-03 6.373739E-03
265 1.017500E+02 5.178571E-01 2.079278E+00 8.755179E-03 9.006165E-03 1.067545E-02 1.220372E-02 1.178421E-02 1.538137E-02 1.172453E-02 8.599586E-03 6.480859E-03
266 1.022679E+02 5.178571E-01 2.079278E+00 8.889222E-03 9.144051E-03 1.083890E-02 1.239056E-02 1.196462E-02 1.561686E-02 1.190403E-02 8.731247E-03 6.580082E-03
267 1.027857E+02 5.178571E-01 2.079278E+00 9.012172E-03 9.270526E-03 1.098881E-02 1.256194E-02 1.213011E-02 1.583286E-02 1.206868E-02 8.852012E-03 6.671094E-03
268 1.033036E+02 5.178571E-01 2.079278E+00 9.123675E-03 9.385226E-03 1.112477E-02 1.271736E-02 1.228019E-02 1.602875E-02 1.221800E-02 8.961534E-03 6.753632E-03
269 1.038214E+02 5.178571E-01 2.079278E+00 9.223449E-03 9.487859E-03 1.124643E-02 1.285644E-02 1.241448E-02 1.620404E-02 1.235161E-02 9.059534E-03 6.827487E-03
270 1.043393E+02 5.178571E-01 2.079278E+00 9.311280E-03 9.578208E-03 1.135352E-02 1.297886E-02 1.253270E-02 1.635834E-02 1.246923E-02 9.145804E-03 6.892503E-03
271 1.048571E+02 5.178571E-01 2.079278E+00 9.387026E-03 9.656126E-03 1.144589E-02 1.308445E-02 1.263465E-02 1.649142E-02 1.257067E-02 9.220205E-03 6.948573E-03
272 1.053750E+02 5.178571E-01 2.079278E+00 9.450617E-03 9.721540E-03 1.152342E-02 1.317308E-02 1.272025E-02 1.660314E-02 1.265583E-02 9.282665E-03 6.995645E-03
273 1.058929E+02 5.178571E-01 2.079278E+00 9.502047E-03 9.774444E-03 1.158613E-02 1.324477E-02 1.278947E-02 1.669349E-02 1.272470E-02 9.333181E-03 7.033714E-03
274 1.064107E+02 5.178571E-01 2.079278E+00 9.541375E-03 9.814900E-03 1.163409E-02 1.329959E-02 1.284240E-02 1.676258E-02 1.277737E-02 9.371810E-03 7.062827E-03
275 1.069286E+02 5.178571E-01 2.079278E+00 9.568723E-03 9.843032E-03 1.166743E-02 1.333771E-02 1.287921E-02 1.681063E-02 1.281399E-02 9.398673E-03 7.083071E-03
276 1.074464E+02 5.178571E-01 2.079278E+00 9.584270E-03 9.859024E-03 1.168639E-02 1.335938E-02 1.290014E-02 1.683794E-02 1.283481E-02 9.413943E-03 7.094579E-03
277 1.079643E+02 5.178571E-01 2.079278E+00 9.588246E-03 9.863114E-03 1.169124E-02 1.336492E-02 1.290549E-02 1.684493E-02 1.284013E-02 9.417848E-03 7.097522E-03
278 1.084821E+02 5.178571E-01 2.079278E+00 9.580931E-03 9.855590E-03 1.168232E-02 1.335473E-02 1.289564E-02 1.683208E-02 1.283034E-02 9.410664E-03 7.092107E-03
279 1.090000E+02 5.178571E-01 2.079278E+00 9.562649E-03 9.836784E-03 1.166003E-02 1.332924E-02 1.287104E-02 1.679996E-02 1.280586E-02 9.392707E-03 7.078574E-03
280 1.095179E+02 5.178571E-01 2.079278E+00 9.533762E-03 9.807068E-03 1.162480E-02 1.328898E-02 1.283216E-02 1.674921E-02 1.276717E-02 9.364332E-03 7.057191E-03
281 1.100357E+02 5.178571E-01 2.079278E+00 9.494664E-03 9.766850E-03 1.157713E-02 1.323448E-02 1.277953E-02 1.668052E-02 1.271481E-02 9.325930E-03 7.028250E-03
282 1.105536E+02 5.178571E-01 2.079278E+00 9.445782E-03 9.716566E-03 1.151753E-02 1.316634E-02 1.271374E-02 1.659464E-02 1.264935E-02 9.277916E-03 6.992065E-03
283 1.110714E+02 5.178571E-01 2.079278E+00 9.387562E-03 9.656677E-03 1.144654E-02 1.308519E-02 1.263538E-02 1.649236E-02 1.257139E-02 9.220731E-03 6.948969E-03
284 1.115893E+02 5.178571E-01 2.079278E+00 9.320473E-03 9.587665E-03 1.136473E-02 1.299168E-02 1.254508E-02 1.637449E-02 1.248154E-02 9.154834E-03 6.899308E-03
285 1.121071E+02 5.178571E-01 2.079278E+00 9.244997E-03 9.510025E-03 1.127270E-02 1.288647E-02 1.244349E-02 1.624190E-02 1.238047E-02 9.080699E-03 6.843438E-03
286 1.126250E+02 5.178571E-01 2.079278E+00 9.161626E-03 9.424264E-03 1.117105E-02 1.277026E-02 1.233127E-02 1.609543E-02 1.226882E-02 8.998810E-03 6.781725E-03
287 1.131429E+02 5.178571E-01 2.079278E+00 9.070861E-03 9.330897E-03 1.106038E-02 1.264375E-02 1.220911E-02 1.593597E-02 1.214728E-02 8.909658E-03 6.714537E-03
288 1.136607E+02 5.178571E-01 2.079278E+00 8.973204E-03 9.230441E-03 1.094130E-02 1.250762E-02 1.207766E-02 1.576440E-02 1.201650E-02 8.813736E-03 6.642248E-03
289 1.141786E+02 5.178571E-01 2.079278E+00 8.869156E-03 9.123410E-03 1.081443E-02 1.236259E-02 1.193762E-02 1.558161E-02 1.187716E-02 8.711538E-03 6.565229E-03
290 1.146964E+02 5.178571E-01 2.079278E+00 8.759217E-03 9.010320E-03 1.068038E-02 1.220935E-02 1.178964E-02 1.538846E-02 1.172994E-02 8.603553E-03 6.483849E-03
291 1.152143E+02 5.178571E-01 2.079278E+00 8.643879E-03 8.891675E-03 1.053974E-02 1.204858E-02 1.163440E-02 1.518583E-02 1.157548E-02 8.490264E-03 6.398472E-03
292 1.157321E+02 5.178571E-01 2.079278E+00 8.523625E-03 8.767974E-03 1.039311E-02 1.188096E-02 1.147254E-02 1.497457E-02 1.141444E-02 8.372147E-03 6.309456E-03
293 1.162500E+02 5.178571E-01 2.079278E+00 8.398929E-03 8.639703E-03 1.024107E-02 1.170715E-02 1.130471E-02 1.475550E-02 1.124746E-02 8.249667E-03 6.217152E-03
294 1.167679E+02 5.178571E-01 2.079278E+00 8.270251E-03 8.507336E-03 1.008417E-02 1.152779E-02 1.113151E-02 1.452943E-02 1.107514E-02 8.123276E-03 6.121900E-03
295 1.172857E+02 5.178571E-01 2.079278E+00 8.138037E-03 8.371332E-03 9.922955E-03 1.134350E-02 1.095355E-02 1.429716E-02 1.089808E-02 7.993412E-03 6.024032E-03
296 1.178036E+02 5.178571E-01 2.079278E+00 8.002719E-03 8.232135E-03 9.757957E-03 1.115488E-02 1.077142E-02 1.405942E-02 1.071687E-02 7.860499E-03 5.923865E-03
297 1.183214E+02 5.178571E-01 2.079278E+00 7.864711E-03 8.090170E-03 9.589680E-03 1.096251E-02 1.058566E-02 1.381697E-02 1.053206E-02 7.724943E-03 5.821707E-03
298 1.188393E+02 5.178571E-01 2.079278E+00 7.724411E-03 7.945848E-03 9.418607E-03 1.076695E-02 1.039682E-02 1.357048E-02 1.034417E-02 7.587136E-03 5.717852E-03
299 1.193571E+02 5.178571E-01 2.079278E+00 7.582197E-03 7.799557E-03 9.245202E-03 1.056872E-02 1.020541E-02 1.332064E-02 1.015373E-02 7.447450E-03 5.612581E-03
300 1.198750E+02 5.178571E-01 2.079278E+00 7.438431E-03 7.651670E-03 9.069903E-03 1.036832E-02 1.001190E-02 1.306806E-02 9.961201E-03 7.306239E-03 5.506161E-03
301 1.203929E+02 5.178571E-01 2.079278E+00 7.293455E-03 7.502538E-03 8.893130E-03 1.016625E-02 9.816771E-03 1.281337E-02 9.767057E-03 7.163839E-03 5.398845E-03
302 1.209107E+02 5.178571E-01 2.079278E+00 7.147594E-03 7.352496E-03 8.715277E-03 9.962932E-03 9.620446E-03 1.255711E-02 9.571726E-03 7.020570E-03 5.290874E-03
303 1.214286E+02 5.178571E-01 2.079278E+00 7.001153E-03 7.201856E-03 8.536717E-03 9.758809E-03 9.423340E-03 1.229984E-02 9.375619E-03 6.876731E-03 5.182474E-03
304 1.219464E+02 5.178571E-01 2.079278E+00 6.854417E-03 7.050914E-03 8.357798E-03 9.554277E-03 9.225839E-03 1.204205E-02 9.179118E-03 6.732604E-03 5.073856E-03
305 1.224643E+02 5.178571E-01 2.079278E+00 6.707657E-03 6.899947E-03 8.178849E-03 9.349710E-03 9.028305E-03 1.178422E-02 8.982584E-03 6.588452E-03 4.965219E-03
306 1.229821E+02 5.178571E-01 2.079278E+00 6.561123E-03 6.749212E-03 8.000176E-03 9.145458E-03 8.831074E-03 1.152678E-02 8.786352E-03 6.444522E-03 4.856750E-03
307 1.235000E+02 5.178571E-01 2.079278E+00 6.415048E-03 6.598949E-03 7.822062E-03 8.941846E-03 8.634461E-03 1.127015E-02 8.590734E-03 6.301043E-03 4.748621E-03
308 1.240179E+02 5.178571E-01 2.079278E+00 6.269647E-03 6.449381E-03 7.644771E-03 8.739174E-03 8.438757E-03 1.101471E-02 8.396021E-03 6.158226E-03 4.640991E-03
309 1.245357E+02 5.178571E-01 2.079278E+00 6.125122E-03 6.300712E-03 7.468547E-03 8.537722E-03 8.244230E-03 1.076080E-02 8.202479E-03 6.016269E-03 4.534008E-03
310 1.250536E+02 5.178571E-01 2.079278E+00 5.981656E-03 6.153133E-03 7.293614E-03 8.337746E-03 8.051128E-03 1.050876E-02 8.010356E-03 5.875353E-03 4.427810E-03
311 1.255714E+02 5.178571E-01 2.079278E+00 5.839417E-03 6.006816E-03 7.120177E-03 8.139481E-03 7.859679E-03 1.025887E-02 7.819876E-03 5.735641E-03 4.322520E-03
312 1.260893E+02 5.178571E-01 2.079278E+00 5.698559E-03 5.861921E-03 6.948425E-03 7.943142E-03 7.670089E-03 1.001140E-02 7.631246E-03 5.597287E-03 4.218253E-03
313 1.266071E+02 5.178571E-01 2.079278E+00 5.559223E-03 5.718590E-03 6.778528E-03 7.748923E-03 7.482546E-03 9.766614E-03 7.444653E-03 5.460427E-03 4.115112E-03
314 1.271250E+02 5.178571E-01 2.079278E+00 5.421534E-03 5.576954E-03 6.610641E-03 7.557001E-03 7.297222E-03 9.524719E-03 7.260267E-03 5.325185E-03 4.013190E-03
315 1.276429E+02 5.178571E-01 2.079278E+00 5.285608E-03 5.437131E-03 6.444901E-03 7.367535E-03 7.114268E-03 9.285919E-03 7.078240E-03 5.191674E-03 3.912573E-03
316 1.281607E+02 5.178571E-01 2.079278E+00 5.151545E-03 5.299225E-03 6.281434E-03 7.180666E-03 6.933824E-03 9.050393E-03 6.898709E-03 5.059994E-03 3.813336E-03
317 1.286786E+02 5.178571E-01 2.079278E+00 5.019436E-03 5.163329E-03 6.120350E-03 6.996521E-03 6.756009E-03 8.818300E-03 6.721795E-03 4.930233E-03 3.715544E-03
318 1.291964E+02 5.178571E-01 2.079278E+00 4.889360E-03 5.029525E-03 5.961745E-03 6.815211E-03 6.580932E-03 8.589780E-03 6.547605E-03 4.802469E-03 3.619259E-03
319 1.297143E+02 5.178571E-01 2.079278E+00 4.761389E-03 4.897884E-03 5.805705E-03 6.636833E-03 6.408686E-03 8.364955E-03 6.376231E-03 4.676772E-03 3.524530E-03
320 1.302321E+02 5.178571E-01 2.079278E+00 4.635580E-03 4.768469E-03 5.652303E-03 6.461470E-03 6.239351E-03 8.143930E-03 6.207754E-03 4.553199E-03 3.431403E-03
321 1.307500E+02 5.178571E-01 2.079278E+00 4.511986E-03 4.641332E-03 5.501601E-03 6.289195E-03 6.072997E-03 7.926797E-03 6.042242E-03 4.431801E-03 3.339914E-03
322 1.312679E+02 5.178571E-01 2.079278E+00 4.390649E-03 4.516517E-03 5.353652E-03 6.120065E-03 5.909682E-03 7.713629E-03 5.879754E-03 4.312621E-03 3.250097E-03
323 1.317857E+02 5.178571E-01 2.079278E+00 4.271605E-03 4.394060E-03 5.208497E-03 5.954131E-03 5.749452E-03 7.504488E-03 5.720335E-03 4.195692E-03 3.161977E-03
324 1.323036E+02 5.178571E-01 2.079278E+00 4.154881E-03 4.273990E-03 5.066172E-03 5.791430E-03 5.592344E-03 7.299423E-03 5.564024E-03 4.081042E-03 3.075574E-03
325 1.328214E+02 5.178571E-01 2.079278E+00 4.040498E-03 4.156328E-03 4.926701E-03 5.631994E-03 5.438388E-03 7.098471E-03 5.410847E-03 3.968692E-03 2.990904E-03
326 1.333393E+02 5.178571E-01 2.079278E+00 3.928471E-03 4.041089E-03 4.790103E-03 5.475840E-03 5.287603E-03 6.901659E-03 5.260826E-03 3.858656E-03 2.907978E-03
327 1.338571E+02 5.178571E-01 2.079278E+00 3.818809E-03 3.928283E-03 4.656389E-03 5.322984E-03 5.140001E-03 6.709001E-03 5.113971E-03 3.750943E-03 2.826803E-03
328 1.343750E+02 5.178571E-01 2.079278E+00 3.711515E-03 3.817914E-03 4.525563E-03 5.173430E-03 4.995588E-03 6.520505E-03 4.970289E-03 3.645556E-03 2.747381E-03
329 1.348929E+02 5.178571E-01 2.079278E+00 3.606590E-03 3.709981E-03 4.397624E-03 5.027175E-03 4.854361E-03 6.336168E-03 4.829778E-03 3.542495E-03 2.669711E-03
330 1.354107E+02 5.178571E-01 2.079278E+00 3.504026E-03 3.604477E-03 4.272565E-03 4.884213E-03 4.716314E-03 6.155982E-03 4.692429E-03 3.441754E-03 2.593791E-03
331 1.359286E+02 5.178571E-01 2.079278E+00 3.403815E-03 3.501393E-03 4.150375E-03 4.744530E-03 4.581433E-03 5.979928E-03 4.558231E-03 3.343324E-03 2.519611E-03
332 1.364464E+02 5.178571E-01 2.079278E+00 3.305943E-03 3.400715E-03 4.031036E-03 4.608108E-03 4.449700E-03 5.807983E-03 4.427165E-03 3.247191E-03 2.447163E-03
333 1.369643E+02 5.178571E-01 2.079278E+00 3.210393E-03 3.302426E-03 3.914529E-03 4.474922E-03 4.321092E-03 5.640117E-03 4.299209E-03 3.153339E-03 2.376434E-03
334 1.374821E+02 5.178571E-01 2.079278E+00 3.117145E-03 3.206505E-03 3.800829E-03 4.344945E-03 4.195583E-03 5.476296E-03 4.174336E-03 3.061748E-03 2.307409E-03
335 1.380000E+02 5.178571E-01 2.079278E+00 3.026176E-03 3.112928E-03 3.689908E-03 4.218145E-03 4.073142E-03 5.316480E-03 4.052515E-03 2.972397E-03 2.240071E-03
336 1.385179E+02 5.178571E-01 2.079278E+00 2.937462E-03 3.021671E-03 3.581736E-03 4.094487E-03 3.953736E-03 5.160624E-03 3.933713E-03 2.885259E-03 2.174402E-03
337 1.390357E+02 5.178571E-01 2.079278E+00 2.850975E-03 2.932704E-03 3.476280E-03 3.973934E-03 3.837326E-03 5.008681E-03 3.817893E-03 2.800309E-03 2.110381E-03
338 1.395536E+02 5.178571E-01 2.079278E+00 2.766685E-03 2.845998E-03 3.373503E-03 3.856444E-03 3.723875E-03 4.860598E-03 3.705016E-03 2.717517E-03 2.047988E-03
339 1.400714E+02 5.178571E-01 2.079278E+00 2.684562E-03 2.761521E-03 3.273368E-03 3.741973E-03 3.613339E-03 4.716321E-03 3.595041E-03 2.636853E-03 1.987197E-03
