0 -3.548214E+01 5.178571E-01 0.000000E+00 0.000000E+00 0.000000E+00 0.000000E+00 0.000000E+00 0.000000E+00 0.000000E+00 0.000000E+00 0.000000E+00 0.000000E+00
1 -3.496429E+01 5.178571E-01 9.233017E-01 7.616229E-09 7.834565E-09 9.286699E-09 1.061616E-08 1.025122E-08 1.338043E-08 1.019930E-08 7.480877E-09 5.637773E-09
2 -3.444643E+01 5.178571E-01 2.350061E+00 2.185966E-08 2.248632E-08 2.665415E-08 3.046988E-08 2.942245E-08 3.840373E-08 2.927344E-08 2.147118E-08 1.618121E-08
3 -3.392857E+01 5.178571E-01 3.014563E+00 3.534746E-08 3.636077E-08 4.310023E-08 4.927033E-08 4.757662E-08 6.209951E-08 4.733568E-08 3.471928E-08 2.616530E-08
4 -3.341071E+01 5.178571E-01 4.446050E+00 5.201941E-08 5.351067E-08 6.342884E-08 7.250914E-08 7.001656E-08 9.138932E-08 6.966199E-08 5.109495E-08 3.850641E-08
5 -3.289286E+01 5.178571E-01 1.137218E+01 9.701595E-08 9.979713E-08 1.182945E-07 1.352292E-07 1.305805E-07 1.704406E-07 1.299193E-07 9.529183E-08 7.181426E-08
6 -3.237500E+01 5.178571E-01 1.711798E+01 1.747114E-07 1.797199E-07 2.130309E-07 2.435278E-07 2.351563E-07 3.069385E-07 2.339655E-07 1.716066E-07 1.293269E-07
7 -3.185714E+01 5.178571E-01 1.768037E+01 2.801100E-07 2.881399E-07 3.415465E-07 3.904414E-07 3.770196E-07 4.921058E-07 3.751102E-07 2.751320E-07 2.073462E-07
8 -3.133929E+01 5.178571E-01 1.381083E+01 3.928715E-07 4.041340E-07 4.790401E-07 5.476181E-07 5.287932E-07 6.902088E-07 5.261153E-07 3.858896E-07 2.908159E-07
9 -3.082143E+01 5.178571E-01 7.707340E+00 4.675022E-07 4.809042E-07 5.700396E-07 6.516448E-07 6.292439E-07 8.213223E-07 6.260572E-07 4.591940E-07 3.460599E-07
10 -3.030357E+01 5.178571E-01 5.462810E+00 5.303412E-07 5.455446E-07 6.466611E-07 7.392352E-07 7.138233E-07 9.317199E-07 7.102084E-07 5.209163E-07 3.925753E-07
11 -2.978571E+01 5.178571E-01 5.901385E+00 6.286863E-07 6.467090E-07 7.665763E-07 8.763171E-07 8.461929E-07 1.104496E-06 8.419076E-07 6.175136E-07 4.653734E-07
12 -2.926786E+01 5.178571E-01 6.191562E+00 7.648085E-07 7.867334E-07 9.325541E-07 1.066056E-06 1.029409E-06 1.343639E-06 1.024196E-06 7.512167E-07 5.661354E-07
13 -2.875000E+01 5.178571E-01 6.357139E+00 9.427204E-07 9.697455E-07 1.149487E-06 1.314045E-06 1.268873E-06 1.656200E-06 1.262447E-06 9.259668E-07 6.978313E-07
14 -2.823214E+01 5.178571E-01 5.472308E+00 1.120846E-06 1.152977E-06 1.366681E-06 1.562332E-06 1.508625E-06 1.969137E-06 1.500985E-06 1.100927E-06 8.296855E-07
15 -2.771429E+01 5.178571E-01 4.052109E+00 1.257214E-06 1.293255E-06 1.532960E-06 1.752414E-06 1.692173E-06 2.208713E-06 1.683603E-06 1.234872E-06 9.306297E-07
16 -2.719643E+01 5.178571E-01 3.934342E+00 1.420780E-06 1.461510E-06 1.732401E-06 1.980406E-06 1.912328E-06 2.496071E-06 1.902643E-06 1.395531E-06 1.051706E-06
17 -2.667857E+01 5.178571E-01 4.421834E+00 1.662604E-06 1.710266E-06 2.027263E-06 2.317480E-06 2.237815E-06 2.920914E-06 2.226482E-06 1.633057E-06 1.230712E-06
18 -2.616071E+01 5.178571E-01 5.351276E+00 2.044611E-06 2.103224E-06 2.493056E-06 2.849955E-06 2.751985E-06 3.592036E-06 2.738048E-06 2.008275E-06 1.513486E-06
19 -2.564286E+01 5.178571E-01 6.211053E+00 2.600675E-06 2.675229E-06 3.171082E-06 3.625045E-06 3.500430E-06 4.568946E-06 3.482703E-06 2.554457E-06 1.925102E-06
20 -2.512500E+01 5.178571E-01 5.659375E+00 3.183054E-06 3.274304E-06 3.881194E-06 4.436815E-06 4.284295E-06 5.592088E-06 4.262599E-06 3.126487E-06 2.356197E-06
21 -2.460714E+01 5.178571E-01 4.718651E+00 3.720792E-06 3.827456E-06 4.536874E-06 5.186360E-06 5.008074E-06 6.536802E-06 4.982712E-06 3.654668E-06 2.754247E-06
22 -2.408929E+01 5.178571E-01 3.404798E+00 4.095087E-06 4.212482E-06 4.993263E-06 5.708085E-06 5.511864E-06 7.194376E-06 5.483951E-06 4.022311E-06 3.031313E-06
23 -2.357143E+01 5.178571E-01 2.299712E+00 4.283232E-06 4.406020E-06 5.222674E-06 5.970337E-06 5.765101E-06 7.524914E-06 5.735906E-06 4.207112E-06 3.170583E-06
24 -2.305357E+01 5.178571E-01 2.250132E+00 4.523047E-06 4.652710E-06 5.515088E-06 6.304612E-06 6.087885E-06 7.946228E-06 6.057054E-06 4.442665E-06 3.348102E-06
25 -2.253571E+01 5.178571E-01 2.355800E+00 4.856052E-06 4.995261E-06 5.921131E-06 6.768783E-06 6.536100E-06 8.531262E-06 6.502999E-06 4.769753E-06 3.594603E-06
26 -2.201786E+01 5.178571E-01 2.740878E+00 5.386391E-06 5.540804E-06 6.567790E-06 7.508016E-06 7.249920E-06 9.462979E-06 7.213205E-06 5.290667E-06 3.987177E-06
27 -2.150000E+01 5.178571E-01 3.061839E+00 6.112555E-06 6.287785E-06 7.453223E-06 8.520205E-06 8.227315E-06 1.073873E-05 8.185650E-06 6.003925E-06 4.524706E-06
28 -2.098214E+01 5.178571E-01 3.194030E+00 6.980572E-06 7.180685E-06 8.511622E-06 9.730121E-06 9.395639E-06 1.226368E-05 9.348057E-06 6.856516E-06 5.167239E-06
29 -2.046429E+01 5.178571E-01 3.252157E+00 7.979530E-06 8.208281E-06 9.729683E-06 1.112256E-05 1.074021E-05 1.401869E-05 1.068582E-05 7.837722E-06 5.906700E-06
30 -1.994643E+01 5.178571E-01 3.366430E+00 9.167300E-06 9.430100E-06 1.117797E-05 1.277817E-05 1.233891E-05 1.610540E-05 1.227642E-05 9.004383E-06 6.785924E-06
31 -1.942857E+01 5.178571E-01 3.398992E+00 1.052593E-05 1.082768E-05 1.283458E-05 1.467194E-05 1.416758E-05 1.849227E-05 1.409583E-05 1.033886E-05 7.791622E-06
32 -1.891071E+01 5.178571E-01 3.354808E+00 1.202918E-05 1.237403E-05 1.466755E-05 1.676731E-05 1.619092E-05 2.113324E-05 1.610892E-05 1.181541E-05 8.904381E-06
33 -1.839286E+01 5.178571E-01 3.274453E+00 1.366809E-05 1.405992E-05 1.666592E-05 1.905177E-05 1.839684E-05 2.401253E-05 1.830368E-05 1.342519E-05 1.011755E-05
34 -1.787500E+01 5.178571E-01 3.198319E+00 1.546132E-05 1.590455E-05 1.885246E-05 2.155132E-05 2.081047E-05 2.716293E-05 2.070508E-05 1.518655E-05 1.144496E-05
35 -1.735714E+01 5.178571E-01 3.083237E+00 1.737898E-05 1.787719E-05 2.119072E-05 2.422432E-05 2.339158E-05 3.053193E-05 2.327312E-05 1.707013E-05 1.286447E-05
36 -1.683929E+01 5.178571E-01 2.922678E+00 1.936636E-05 1.992154E-05 2.361398E-05 2.699450E-05 2.606653E-05 3.402341E-05 2.593453E-05 1.902219E-05 1.433559E-05
37 -1.632143E+01 5.178571E-01 2.755025E+00 2.139971E-05 2.201318E-05 2.609332E-05 2.982876E-05 2.880337E-05 3.759568E-05 2.865750E-05 2.101941E-05 1.584074E-05
38 -1.580357E+01 5.178571E-01 2.578623E+00 2.344235E-05 2.411437E-05 2.858396E-05 3.267596E-05 3.155269E-05 4.118424E-05 3.139290E-05 2.302574E-05 1.735276E-05
39 -1.528571E+01 5.178571E-01 2.437765E+00 2.552526E-05 2.625700E-05 3.112372E-05 3.557930E-05 3.435623E-05 4.484356E-05 3.418224E-05 2.507164E-05 1.889460E-05
40 -1.476786E+01 5.178571E-01 2.337497E+00 2.770010E-05 2.849419E-05 3.377557E-05 3.861079E-05 3.728350E-05 4.866440E-05 3.709469E-05 2.720783E-05 2.050449E-05
41 -1.425000E+01 5.178571E-01 2.217272E+00 2.990261E-05 3.075983E-05 3.646115E-05 4.168083E-05 4.024801E-05 5.253382E-05 4.004418E-05 2.937119E-05 2.213485E-05
42 -1.373214E+01 5.178571E-01 2.079278E+00 3.206141E-05 3.298052E-05 3.909345E-05 4.468995E-05 4.315369E-05 5.632648E-05 4.293515E-05 3.149163E-05 2.373287E-05
43 -1.321429E+01 5.178571E-01 2.079278E+00 3.450502E-05 3.549418E-05 4.207301E-05 4.809607E-05 4.644272E-05 6.061949E-05 4.620752E-05 3.389181E-05 2.554170E-05
44 -1.269643E+01 5.178571E-01 2.079278E+00 3.723593E-05 3.830338E-05 4.540289E-05 5.190264E-05 5.011844E-05 6.541723E-05 4.986463E-05 3.657419E-05 2.756321E-05
45 -1.217857E+01 5.178571E-01 2.079278E+00 4.026311E-05 4.141734E-05 4.909403E-05 5.612219E-05 5.419293E-05 7.073547E-05 5.391849E-05 3.954757E-05 2.980402E-05
46 -1.166071E+01 5.178571E-01 2.079278E+00 4.360072E-05 4.485063E-05 5.316368E-05 6.077444E-05 5.868526E-05 7.659910E-05 5.838806E-05 4.282587E-05 3.227463E-05
47 -1.114286E+01 5.178571E-01 2.079278E+00 4.726727E-05 4.862229E-05 5.763441E-05 6.588519E-05 6.362032E-05 8.304060E-05 6.329814E-05 4.642726E-05 3.498872E-05
48 -1.062500E+01 5.178571E-01 2.079278E+00 5.128508E-05 5.275528E-05 6.253345E-05 7.148556E-05 6.902817E-05 9.009921E-05 6.867860E-05 5.037367E-05 3.796283E-05
49 -1.010714E+01 5.178571E-01 2.079278E+00 5.568000E-05 5.727619E-05 6.789231E-05 7.761158E-05 7.494361E-05 9.782035E-05 7.456408E-05 5.469049E-05 4.121609E-05
50 -9.589286E+00 5.178571E-01 2.079278E+00 6.048130E-05 6.221513E-05 7.374668E-05 8.430404E-05 8.140601E-05 1.062554E-04 8.099375E-05 5.940646E-05 4.477017E-05
51 -9.071429E+00 5.178571E-01 2.079278E+00 6.572162E-05 6.760568E-05 8.013636E-05 9.160845E-05 8.845932E-05 1.154618E-04 8.801135E-05 6.455365E-05 4.864922E-05
52 -8.553571E+00 5.178571E-01 2.079278E+00 7.143707E-05 7.348497E-05 8.710538E-05 9.957514E-05 9.615214E-05 1.255029E-04 9.566521E-05 7.016753E-05 5.287997E-05
53 -8.035714E+00 5.178571E-01 2.079278E+00 7.766737E-05 7.989388E-05 9.470217E-05 1.082595E-04 1.045379E-04 1.364484E-04 1.040085E-04 7.628710E-05 5.749184E-05
54 -7.517857E+00 5.178571E-01 2.079278E+00 8.445605E-05 8.687716E-05 1.029798E-04 1.177221E-04 1.136753E-04 1.483750E-04 1.130996E-04 8.295513E-05 6.251703E-05
55 -7.000000E+00 5.178571E-01 2.079278E+00 9.185068E-05 9.448378E-05 1.119963E-04 1.280294E-04 1.236282E-04 1.613661E-04 1.230022E-04 9.021835E-05 6.799076E-05
56 -6.482143E+00 5.178571E-01 2.079278E+00 9.990317E-05 1.027671E-04 1.218150E-04 1.392536E-04 1.344667E-04 1.755130E-04 1.337857E-04 9.812774E-05 7.395148E-05
57 -5.964286E+00 5.178571E-01 2.079278E+00 1.086701E-04 1.117854E-04 1.325048E-04 1.514738E-04 1.462667E-04 1.909150E-04 1.455260E-04 1.067389E-04 8.044105E-05
58 -5.446429E+00 5.178571E-01 2.079278E+00 1.182131E-04 1.216019E-04 1.441408E-04 1.647756E-04 1.591113E-04 2.076804E-04 1.583055E-04 1.161123E-04 8.750507E-05
59 -4.928571E+00 5.178571E-01 2.079278E+00 1.285992E-04 1.322857E-04 1.568048E-04 1.792526E-04 1.730906E-04 2.259270E-04 1.722140E-04 1.263138E-04 9.519315E-05
60 -4.410714E+00 5.178571E-01 2.079278E+00 1.399011E-04 1.439117E-04 1.705857E-04 1.950062E-04 1.883027E-04 2.457826E-04 1.873491E-04 1.374149E-04 1.035592E-04
61 -3.892857E+00 5.178571E-01 2.079278E+00 1.521982E-04 1.565613E-04 1.855799E-04 2.121470E-04 2.048542E-04 2.673865E-04 2.038168E-04 1.494934E-04 1.126619E-04
62 -3.375000E+00 5.178571E-01 2.079278E+00 1.655764E-04 1.703231E-04 2.018924E-04 2.307947E-04 2.228609E-04 2.908898E-04 2.217323E-04 1.626339E-04 1.225649E-04
63 -2.857143E+00 5.178571E-01 2.079278E+00 1.801292E-04 1.852930E-04 2.196370E-04 2.510796E-04 2.424485E-04 3.164565E-04 2.412206E-04 1.769280E-04 1.333373E-04
64 -2.339286E+00 5.178571E-01 2.079278E+00 1.959578E-04 2.015754E-04 2.389373E-04 2.731429E-04 2.637533E-04 3.442647E-04 2.624176E-04 1.924753E-04 1.450541E-04
65 -1.821429E+00 5.178571E-01 2.079278E+00 2.131723E-04 2.192834E-04 2.599274E-04 2.971379E-04 2.869235E-04 3.745077E-04 2.854705E-04 2.093839E-04 1.577969E-04
66 -1.303571E+00 5.178571E-01 2.079278E+00 2.318919E-04 2.385396E-04 2.827528E-04 3.232309E-04 3.121195E-04 4.073949E-04 3.105389E-04 2.277709E-04 1.716537E-04
67 -7.857143E-01 5.178571E-01 2.079278E+00 2.522460E-04 2.594771E-04 3.075711E-04 3.516021E-04 3.395155E-04 4.431535E-04 3.377961E-04 2.477632E-04 1.867204E-04
68 -2.678571E-01 5.178571E-01 2.079278E+00 2.743745E-04 2.822400E-04 3.345531E-04 3.824467E-04 3.692998E-04 4.820295E-04 3.674296E-04 2.694984E-04 2.031006E-04
69 2.500000E-01 5.178571E-01 2.079278E+00 2.984292E-04 3.069843E-04 3.638837E-04 4.159763E-04 4.016767E-04 5.242896E-04 3.996425E-04 2.931256E-04 2.209067E-04
70 7.678571E-01 5.178571E-01 2.079278E+00 3.167080E-04 3.257871E-04 3.861716E-04 4.414548E-04 4.099164E-04 5.350445E-04 4.078405E-04 2.991386E-04 2.254382E-04
71 1.285714E+00 5.178571E-01 2.079278E+00 3.292725E-04 3.387118E-04 4.014919E-04 4.589683E-04 3.721396E-04 4.857362E-04 3.702550E-04 2.715708E-04 2.046624E-04
72 1.803571E+00 5.178571E-01 2.079278E+00 3.432224E-04 3.530616E-04 4.185015E-04 4.784129E-04 3.380092E-04 4.411874E-04 3.362974E-04 2.466639E-04 1.858920E-04
73 2.321429E+00 5.178571E-01 2.079278E+00 3.580073E-04 3.682704E-04 4.365292E-04 4.990214E-04 3.071689E-04 4.009330E-04 3.056133E-04 2.241581E-04 1.689310E-04
74 2.839286E+00 5.178571E-01 2.079278E+00 3.732388E-04 3.839385E-04 4.551013E-04 5.202523E-04 2.792989E-04 3.645557E-04 2.778845E-04 2.038198E-04 1.536036E-04
75 3.357143E+00 5.178571E-01 2.079278E+00 3.886460E-04 3.997874E-04 4.738878E-04 5.417282E-04 2.541119E-04 3.316803E-04 2.528251E-04 1.854395E-04 1.397518E-04
76 3.875000E+00 5.178571E-01 2.079278E+00 4.040432E-04 4.156260E-04 4.926621E-04 5.631902E-04 2.313494E-04 3.019694E-04 2.301778E-04 1.688284E-04 1.272332E-04
77 4.392857E+00 5.178571E-01 2.079278E+00 4.193063E-04 4.313266E-04 5.112728E-04 5.844652E-04 2.107781E-04 2.751188E-04 2.097107E-04 1.538164E-04 1.159199E-04
78 4.910714E+00 5.178571E-01 2.079278E+00 4.343552E-04 4.468069E-04 5.296224E-04 6.054417E-04 1.921882E-04 2.508542E-04 1.912150E-04 1.402504E-04 1.056961E-04
79 5.428571E+00 5.178571E-01 2.079278E+00 4.491417E-04 4.620174E-04 5.476521E-04 6.260524E-04 1.753901E-04 2.289284E-04 1.745019E-04 1.279918E-04 9.645778E-05
80 5.946429E+00 5.178571E-01 2.079278E+00 4.636401E-04 4.769313E-04 5.653304E-04 6.462614E-04 1.602125E-04 2.091179E-04 1.594012E-04 1.169159E-04 8.811072E-05
81 6.464286E+00 5.178571E-01 2.079278E+00 4.778404E-04 4.915388E-04 5.826453E-04 6.660551E-04 1.465010E-04 1.912209E-04 1.457591E-04 1.069099E-04 8.056992E-05
82 6.982143E+00 5.178571E-01 2.079278E+00 4.917439E-04 5.058408E-04 5.995982E-04 6.854350E-04 1.341159E-04 1.750552E-04 1.334367E-04 9.787180E-05 7.375859E-05
83 7.500000E+00 5.178571E-01 2.079278E+00 5.053593E-04 5.198466E-04 6.161999E-04 7.044133E-04 1.229310E-04 1.604560E-04 1.223084E-04 8.970953E-05 6.760731E-05
84 8.017857E+00 5.178571E-01 2.079278E+00 5.187004E-04 5.335701E-04 6.324670E-04 7.230092E-04 1.128321E-04 1.472744E-04 1.122607E-04 8.233981E-05 6.205331E-05
85 8.535714E+00 5.178571E-01 2.079278E+00 5.317840E-04 5.470287E-04 6.484203E-04 7.412463E-04 1.037161E-04 1.353757E-04 1.031908E-04 7.568735E-05 5.703984E-05
86 9.053571E+00 5.178571E-01 2.079278E+00 5.446289E-04 5.602419E-04 6.640824E-04 7.591506E-04 9.548962E-05 1.246381E-04 9.500604E-05 6.968404E-05 5.251561E-05
87 9.571429E+00 5.178571E-01 2.079278E+00 5.572548E-04 5.732297E-04 6.794776E-04 7.767496E-04 8.806831E-05 1.149514E-04 8.762231E-05 6.426830E-05 4.843417E-05
88 1.008929E+01 5.178571E-01 2.079278E+00 5.696816E-04 5.860128E-04 6.946300E-04 7.940712E-04 8.137581E-05 1.062160E-04 8.096371E-05 5.938442E-05 4.475356E-05
89 1.060714E+01 5.178571E-01 2.079278E+00 5.819291E-04 5.986113E-04 7.095637E-04 8.111428E-04 7.534306E-05 9.834174E-05 7.496151E-05 5.498199E-05 4.143578E-05
90 1.112500E+01 5.178571E-01 2.079278E+00 5.940164E-04 6.110452E-04 7.243021E-04 8.279911E-04 6.990758E-05 9.124706E-05 6.955355E-05 5.101542E-05 3.844647E-05
91 1.164286E+01 5.178571E-01 2.079278E+00 6.059620E-04 6.233332E-04 7.388678E-04 8.446420E-04 6.501283E-05 8.485817E-05 6.468359E-05 4.744345E-05 3.575455E-05
92 1.216071E+01 5.178571E-01 2.079278E+00 6.177836E-04 6.354937E-04 7.532822E-04 8.611199E-04 6.060765E-05 7.910830E-05 6.030072E-05 4.422875E-05 3.333187E-05
93 1.267857E+01 5.178571E-01 2.079278E+00 6.294976E-04 6.475436E-04 7.675655E-04 8.774479E-04 5.664577E-05 7.393704E-05 5.635890E-05 4.133754E-05 3.115299E-05
94 1.319643E+01 5.178571E-01 2.079278E+00 6.411199E-04 6.594990E-04 7.817368E-04 8.936480E-04 5.308529E-05 6.928972E-05 5.281646E-05 3.873927E-05 2.919486E-05
95 1.371429E+01 5.178571E-01 2.079278E+00 6.526649E-04 6.713750E-04 7.958141E-04 9.097405E-04 4.988833E-05 6.511687E-05 4.963568E-05 3.640626E-05 2.743665E-05
96 1.423214E+01 5.178571E-01 2.079278E+00 6.641465E-04 6.831857E-04 8.098139E-04 9.257445E-04 4.702057E-05 6.137373E-05 4.678245E-05 3.431351E-05 2.585950E-05
97 1.475000E+01 5.178571E-01 2.079278E+00 6.755772E-04 6.949441E-04 8.237517E-04 9.416776E-04 4.445099E-05 5.801978E-05 4.422588E-05 3.243834E-05 2.444633E-05
98 1.526786E+01 5.178571E-01 2.079278E+00 6.869688E-04 7.066623E-04 8.376418E-04 9.575562E-04 4.215150E-05 5.501836E-05 4.193803E-05 3.076027E-05 2.318170E-05
99 1.578571E+01 5.178571E-01 2.079278E+00 6.983322E-04 7.183514E-04 8.514975E-04 9.733954E-04 4.009666E-05 5.233628E-05 3.989360E-05 2.926075E-05 2.205162E-05
100 1.630357E+01 5.178571E-01 2.079278E+00 7.096773E-04 7.300217E-04 8.653309E-04 9.892092E-04 3.826349E-05 4.994352E-05 3.806971E-05 2.792298E-05 2.104344E-05
101 1.682143E+01 5.178571E-01 2.079278E+00 7.210133E-04 7.416827E-04 8.791533E-04 1.005010E-03 3.663114E-05 4.781290E-05 3.644564E-05 2.673177E-05 2.014572E-05
102 1.733929E+01 5.178571E-01 2.079278E+00 7.323486E-04 7.533430E-04 8.929748E-04 1.020811E-03 3.518079E-05 4.591982E-05 3.500263E-05 2.567336E-05 1.934808E-05
103 1.785714E+01 5.178571E-01 2.079278E+00 7.436910E-04 7.650105E-04 9.068049E-04 1.036620E-03 3.389536E-05 4.424202E-05 3.372371E-05 2.473532E-05 1.864114E-05
104 1.837500E+01 5.178571E-01 2.079278E+00 7.550474E-04 7.766925E-04 9.206521E-04 1.052450E-03 3.275943E-05 4.275933E-05 3.259353E-05 2.390636E-05 1.801642E-05
105 1.889286E+01 5.178571E-01 2.079278E+00 7.664241E-04 7.883953E-04 9.345240E-04 1.068308E-03 3.175901E-05 4.145353E-05 3.159817E-05 2.317630E-05 1.746623E-05
106 1.941071E+01 5.178571E-01 2.079278E+00 7.778269E-04 8.001250E-04 9.484279E-04 1.084202E-03 3.088145E-05 4.030809E-05 3.072506E-05 2.253590E-05 1.698360E-05
107 1.992857E+01 5.178571E-01 2.079278E+00 7.892610E-04 8.118869E-04 9.623698E-04 1.100140E-03 3.011530E-05 3.930808E-05 2.996279E-05 2.197679E-05 1.656225E-05
108 2.044643E+01 5.178571E-01 2.079278E+00 8.007311E-04 8.236858E-04 9.763556E-04 1.116128E-03 2.945019E-05 3.843994E-05 2.930105E-05 2.149143E-05 1.619647E-05
109 2.096429E+01 5.178571E-01 2.079278E+00 8.122412E-04 8.355259E-04 9.903903E-04 1.132172E-03 2.887674E-05 3.769145E-05 2.873050E-05 2.107295E-05 1.588109E-05
110 2.148214E+01 5.178571E-01 2.079278E+00 8.237951E-04 8.474110E-04 1.004478E-03 1.148277E-03 2.838645E-05 3.705149E-05 2.824269E-05 2.071516E-05 1.561145E-05
111 2.200000E+01 5.178571E-01 2.079278E+00 8.353961E-04 8.593445E-04 1.018624E-03 1.164447E-03 2.797162E-05 3.651003E-05 2.782997E-05 2.041243E-05 1.538331E-05
112 2.251786E+01 5.178571E-01 2.079278E+00 8.470469E-04 8.713293E-04 1.032830E-03 1.180687E-03 2.762529E-05 3.605798E-05 2.748539E-05 2.015970E-05 1.519284E-05
113 2.303571E+01 5.178571E-01 2.079278E+00 8.587499E-04 8.833679E-04 1.047100E-03 1.197000E-03 2.734113E-05 3.568709E-05 2.720267E-05 1.995233E-05 1.503657E-05
114 2.355357E+01 5.178571E-01 2.079278E+00 8.705074E-04 8.954624E-04 1.061436E-03 1.213388E-03 2.711345E-05 3.538991E-05 2.697614E-05 1.978618E-05 1.491135E-05
115 2.407143E+01 5.178571E-01 2.079278E+00 8.823210E-04 9.076147E-04 1.075841E-03 1.229855E-03 2.693706E-05 3.515967E-05 2.680064E-05 1.965746E-05 1.481434E-05
116 2.458929E+01 5.178571E-01 2.079278E+00 8.941922E-04 9.198262E-04 1.090316E-03 1.246402E-03 2.680726E-05 3.499025E-05 2.667150E-05 1.956274E-05 1.474296E-05
117 2.510714E+01 5.178571E-01 2.079278E+00 9.061220E-04 9.320980E-04 1.104862E-03 1.263031E-03 2.671982E-05 3.487611E-05 2.658450E-05 1.949892E-05 1.469487E-05
118 2.562500E+01 5.178571E-01 2.079278E+00 9.181114E-04 9.444311E-04 1.119481E-03 1.279743E-03 2.667087E-05 3.481222E-05 2.653580E-05 1.946320E-05 1.466795E-05
119 2.614286E+01 5.178571E-01 2.079278E+00 9.301608E-04 9.568259E-04 1.134173E-03 1.296538E-03 2.665692E-05 3.479402E-05 2.652193E-05 1.945303E-05 1.466028E-05
120 2.666071E+01 5.178571E-01 2.079278E+00 9.422707E-04 9.692829E-04 1.148939E-03 1.313418E-03 2.667482E-05 3.481738E-05 2.653973E-05 1.946609E-05 1.467012E-05
121 2.717857E+01 5.178571E-01 2.079278E+00 9.544410E-04 9.818022E-04 1.163779E-03 1.330382E-03 2.672168E-05 3.487855E-05 2.658636E-05 1.950029E-05 1.469590E-05
122 2.769643E+01 5.178571E-01 2.079278E+00 9.666717E-04 9.943834E-04 1.178692E-03 1.347430E-03 2.679491E-05 3.497413E-05 2.665922E-05 1.955373E-05 1.473617E-05
123 2.821429E+01 5.178571E-01 2.079278E+00 9.789623E-04 1.007026E-03 1.193678E-03 1.364562E-03 2.689214E-05 3.510104E-05 2.675595E-05 1.962468E-05 1.478964E-05
124 2.873214E+01 5.178571E-01 2.079278E+00 9.913122E-04 1.019730E-03 1.208737E-03 1.381776E-03 2.701122E-05 3.525648E-05 2.687443E-05 1.971158E-05 1.485513E-05
125 2.925000E+01 5.178571E-01 2.079278E+00 1.003721E-03 1.032495E-03 1.223867E-03 1.399072E-03 2.715022E-05 3.543789E-05 2.701272E-05 1.981301E-05 1.493157E-05
126 2.976786E+01 5.178571E-01 2.079278E+00 1.016187E-03 1.045318E-03 1.239068E-03 1.416449E-03 2.730734E-05 3.564298E-05 2.716905E-05 1.992767E-05 1.501799E-05
127 3.028571E+01 5.178571E-01 2.079278E+00 1.028710E-03 1.058200E-03 1.254337E-03 1.433904E-03 2.748100E-05 3.586965E-05 2.734183E-05 2.005440E-05 1.511349E-05
128 3.080357E+01 5.178571E-01 2.079278E+00 1.041288E-03 1.071138E-03 1.269674E-03 1.451436E-03 2.766971E-05 3.611597E-05 2.752959E-05 2.019212E-05 1.521727E-05
129 3.132143E+01 5.178571E-01 2.079278E+00 1.053919E-03 1.084132E-03 1.285076E-03 1.469043E-03 2.787216E-05 3.638021E-05 2.773101E-05 2.033985E-05 1.532861E-05
130 3.183929E+01 5.178571E-01 2.079278E+00 1.066603E-03 1.097179E-03 1.300541E-03 1.486723E-03 2.808712E-05 3.666079E-05 2.794488E-05 2.049672E-05 1.544683E-05
131 3.235714E+01 5.178571E-01 2.079278E+00 1.079337E-03 1.110279E-03 1.316068E-03 1.504473E-03 2.831349E-05 3.695626E-05 2.817011E-05 2.066192E-05 1.557133E-05
132 3.287500E+01 5.178571E-01 2.079278E+00 1.092119E-03 1.123427E-03 1.331654E-03 1.522290E-03 2.855026E-05 3.726531E-05 2.840568E-05 2.083470E-05 1.570154E-05
133 3.339286E+01 5.178571E-01 2.079278E+00 1.104948E-03 1.136624E-03 1.347296E-03 1.540171E-03 2.879651E-05 3.758673E-05 2.865068E-05 2.101440E-05 1.583697E-05
134 3.391071E+01 5.178571E-01 2.079278E+00 1.117820E-03 1.149865E-03 1.362992E-03 1.558114E-03 2.905139E-05 3.791941E-05 2.890427E-05 2.120040E-05 1.597715E-05
135 3.442857E+01 5.178571E-01 2.079278E+00 1.130735E-03 1.163150E-03 1.378739E-03 1.576115E-03 2.931414E-05 3.826236E-05 2.916568E-05 2.139214E-05 1.612165E-05
136 3.494643E+01 5.178571E-01 2.079278E+00 1.143688E-03 1.176475E-03 1.394534E-03 1.594171E-03 2.958404E-05 3.861464E-05 2.943422E-05 2.158910E-05 1.627008E-05
137 3.546429E+01 5.178571E-01 2.079278E+00 1.156678E-03 1.189837E-03 1.410373E-03 1.612278E-03 2.986044E-05 3.897542E-05 2.970922E-05 2.179081E-05 1.642209E-05
138 3.598214E+01 5.178571E-01 2.079278E+00 1.169702E-03 1.203234E-03 1.426253E-03 1.630432E-03 3.014275E-05 3.934390E-05 2.999010E-05 2.199682E-05 1.657735E-05
139 3.650000E+01 5.178571E-01 2.079278E+00 1.182757E-03 1.216664E-03 1.442172E-03 1.648629E-03 3.043041E-05 3.971937E-05 3.027630E-05 2.220675E-05 1.673555E-05
140 3.701786E+01 5.178571E-01 2.079278E+00 1.195840E-03 1.230122E-03 1.458124E-03 1.666865E-03 3.072292E-05 4.010117E-05 3.056733E-05 2.242021E-05 1.689642E-05
141 3.753571E+01 5.178571E-01 2.079278E+00 1.208948E-03 1.243606E-03 1.474107E-03 1.685136E-03 3.101981E-05 4.048869E-05 3.086272E-05 2.263686E-05 1.705970E-05
142 3.805357E+01 5.178571E-01 2.079278E+00 1.222078E-03 1.257112E-03 1.490117E-03 1.703438E-03 3.132063E-05 4.088134E-05 3.116202E-05 2.285640E-05 1.722514E-05
143 3.857143E+01 5.178571E-01 2.079278E+00 1.235227E-03 1.270637E-03 1.506149E-03 1.721765E-03 3.162500E-05 4.127862E-05 3.146484E-05 2.307851E-05 1.739253E-05
144 3.908929E+01 5.178571E-01 2.079278E+00 1.248390E-03 1.284178E-03 1.522200E-03 1.740113E-03 3.193252E-05 4.168001E-05 3.177081E-05 2.330292E-05 1.756166E-05
145 3.960714E+01 5.178571E-01 2.079278E+00 1.261565E-03 1.297730E-03 1.538264E-03 1.758478E-03 3.224285E-05 4.208508E-05 3.207957E-05 2.352939E-05 1.773233E-05
146 4.012500E+01 5.178571E-01 2.079278E+00 1.274748E-03 1.311291E-03 1.554339E-03 1.776853E-03 3.255566E-05 4.249337E-05 3.239080E-05 2.375766E-05 1.790436E-05
147 4.064286E+01 5.178571E-01 2.079278E+00 1.287935E-03 1.324857E-03 1.570418E-03 1.795235E-03 3.287064E-05 4.290450E-05 3.270418E-05 2.398752E-05 1.807759E-05
148 4.116071E+01 5.178571E-01 2.079278E+00 1.301123E-03 1.338422E-03 1.586499E-03 1.813617E-03 3.318750E-05 4.331807E-05 3.301943E-05 2.421875E-05 1.825184E-05
149 4.167857E+01 5.178571E-01 2.079278E+00 1.314307E-03 1.351985E-03 1.602575E-03 1.831995E-03 3.350595E-05 4.373374E-05 3.333627E-05 2.445114E-05 1.842698E-05
150 4.219643E+01 5.178571E-01 2.079278E+00 1.327484E-03 1.365540E-03 1.618642E-03 1.850362E-03 3.382575E-05 4.415115E-05 3.365445E-05 2.468452E-05 1.860286E-05
151 4.271429E+01 5.178571E-01 2.079278E+00 1.340650E-03 1.379083E-03 1.634695E-03 1.868713E-03 3.414664E-05 4.457000E-05 3.397371E-05 2.491869E-05 1.877934E-05
152 4.323214E+01 5.178571E-01 2.079278E+00 1.353800E-03 1.392610E-03 1.650729E-03 1.887043E-03 3.446839E-05 4.498996E-05 3.429383E-05 2.515348E-05 1.895628E-05
153 4.375000E+01 5.178571E-01 2.079278E+00 1.366931E-03 1.406117E-03 1.666740E-03 1.905345E-03 3.479077E-05 4.541075E-05 3.461458E-05 2.538874E-05 1.913358E-05
154 4.426786E+01 5.178571E-01 2.079278E+00 1.380037E-03 1.419599E-03 1.682721E-03 1.923614E-03 3.511356E-05 4.583207E-05 3.493574E-05 2.562430E-05 1.931111E-05
155 4.478571E+01 5.178571E-01 2.079278E+00 1.393115E-03 1.433051E-03 1.698667E-03 1.941843E-03 3.543656E-05 4.625367E-05 3.525711E-05 2.586002E-05 1.948874E-05
156 4.530357E+01 5.178571E-01 2.079278E+00 1.406160E-03 1.446470E-03 1.714573E-03 1.960026E-03 3.575957E-05 4.667528E-05 3.557848E-05 2.609573E-05 1.966639E-05
157 4.582143E+01 5.178571E-01 2.079278E+00 1.419167E-03 1.459851E-03 1.730434E-03 1.978158E-03 3.608239E-05 4.709664E-05 3.589966E-05 2.633131E-05 1.984392E-05
158 4.633929E+01 5.178571E-01 2.079278E+00 1.432133E-03 1.473188E-03 1.746243E-03 1.996230E-03 3.640483E-05 4.751751E-05 3.622047E-05 2.656662E-05 2.002126E-05
159 4.685714E+01 5.178571E-01 2.079278E+00 1.445052E-03 1.486478E-03 1.761996E-03 2.014238E-03 3.672672E-05 4.793765E-05 3.654073E-05 2.680151E-05 2.019828E-05
160 4.737500E+01 5.178571E-01 2.079278E+00 1.457920E-03 1.499714E-03 1.777686E-03 2.032174E-03 3.704787E-05 4.835683E-05 3.686025E-05 2.703587E-05 2.037490E-05
161 4.789286E+01 5.178571E-01 2.079278E+00 1.470732E-03 1.512893E-03 1.793307E-03 2.050032E-03 3.736810E-05 4.877482E-05 3.717886E-05 2.726956E-05 2.055101E-05
162 4.841071E+01 5.178571E-01 2.079278E+00 1.483482E-03 1.526010E-03 1.808855E-03 2.067805E-03 3.768725E-05 4.919139E-05 3.749640E-05 2.750247E-05 2.072654E-05
163 4.892857E+01 5.178571E-01 2.079278E+00 1.496167E-03 1.539058E-03 1.824322E-03 2.085487E-03 3.800516E-05 4.960633E-05 3.781269E-05 2.773446E-05 2.090137E-05
164 4.944643E+01 5.178571E-01 2.079278E+00 1.508782E-03 1.552034E-03 1.839703E-03 2.103070E-03 3.832164E-05 5.001943E-05 3.812758E-05 2.796542E-05 2.107543E-05
165 4.996429E+01 5.178571E-01 2.079278E+00 1.521321E-03 1.564933E-03 1.854992E-03 2.120548E-03 3.863656E-05 5.043047E-05 3.844089E-05 2.819523E-05 2.124862E-05
166 5.048214E+01 5.178571E-01 2.079278E+00 1.533779E-03 1.577748E-03 1.870183E-03 2.137913E-03 3.894974E-05 5.083925E-05 3.875249E-05 2.842377E-05 2.142085E-05
167 5.100000E+01 5.178571E-01 2.079278E+00 1.546152E-03 1.590476E-03 1.885270E-03 2.155159E-03 3.926103E-05 5.124556E-05 3.906220E-05 2.865094E-05 2.159205E-05
168 5.151786E+01 5.178571E-01 2.079278E+00 1.558434E-03 1.603110E-03 1.900246E-03 2.172279E-03 3.957027E-05 5.164920E-05 3.936988E-05 2.887661E-05 2.176212E-05
169 5.203571E+01 5.178571E-01 2.079278E+00 1.570620E-03 1.615646E-03 1.915105E-03 2.189266E-03 3.987731E-05 5.204998E-05 3.967537E-05 2.910068E-05 2.193099E-05
170 5.255357E+01 5.178571E-01 2.079278E+00 1.582706E-03 1.628078E-03 1.929841E-03 2.206111E-03 4.018201E-05 5.244768E-05 3.997852E-05 2.932303E-05 2.209856E-05
171 5.307143E+01 5.178571E-01 2.079278E+00 1.594685E-03 1.640401E-03 1.944448E-03 2.222810E-03 4.048420E-05 5.284212E-05 4.027918E-05 2.954356E-05 2.226475E-05
172 5.358929E+01 5.178571E-01 2.079278E+00 1.606554E-03 1.652609E-03 1.958920E-03 2.239353E-03 4.078375E-05 5.323310E-05 4.057721E-05 2.976215E-05 2.242949E-05
173 5.410714E+01 5.178571E-01 2.079278E+00 1.618306E-03 1.664699E-03 1.973250E-03 2.255734E-03 4.108050E-05 5.362044E-05 4.087246E-05 2.997871E-05 2.259269E-05
174 5.462500E+01 5.178571E-01 2.079278E+00 1.629937E-03 1.676663E-03 1.987432E-03 2.271947E-03 4.137432E-05 5.400394E-05 4.116479E-05 3.019312E-05 2.275428E-05
175 5.514286E+01 5.178571E-01 2.079278E+00 1.641442E-03 1.688497E-03 2.001459E-03 2.287983E-03 4.166505E-05 5.438342E-05 4.145405E-05 3.040528E-05 2.291417E-05
176 5.566071E+01 5.178571E-01 2.079278E+00 1.652814E-03 1.700196E-03 2.015327E-03 2.303835E-03 4.195255E-05 5.475868E-05 4.174009E-05 3.061509E-05 2.307228E-05
177 5.617857E+01 5.178571E-01 2.079278E+00 1.664051E-03 1.711754E-03 2.029027E-03 2.319497E-03 4.223669E-05 5.512955E-05 4.202279E-05 3.082244E-05 2.322855E-05
178 5.669643E+01 5.178571E-01 2.079278E+00 1.675145E-03 1.723166E-03 2.042555E-03 2.334961E-03 4.251732E-05 5.549585E-05 4.230200E-05 3.102723E-05 2.338288E-05
179 5.721429E+01 5.178571E-01 2.079278E+00 1.686092E-03 1.734427E-03 2.055903E-03 2.350220E-03 4.279430E-05 5.585738E-05 4.257758E-05 3.122936E-05 2.353522E-05
180 5.773214E+01 5.178571E-01 2.079278E+00 1.696887E-03 1.745532E-03 2.069066E-03 2.365267E-03 4.306750E-05 5.621398E-05 4.284940E-05 3.142873E-05 2.368547E-05
181 5.825000E+01 5.178571E-01 2.079278E+00 1.707525E-03 1.756475E-03 2.082037E-03 2.380095E-03 4.333679E-05 5.656547E-05 4.311732E-05 3.162525E-05 2.383356E-05
182 5.876786E+01 5.178571E-01 2.079278E+00 1.718001E-03 1.767251E-03 2.094810E-03 2.394697E-03 4.360202E-05 5.691166E-05 4.338121E-05 3.181880E-05 2.397943E-05
183 5.928571E+01 5.178571E-01 2.079278E+00 1.728309E-03 1.777855E-03 2.107380E-03 2.409066E-03 4.386307E-05 5.725240E-05 4.364094E-05 3.200931E-05 2.412300E-05
184 5.980357E+01 5.178571E-01 2.079278E+00 1.738446E-03 1.788282E-03 2.119740E-03 2.423196E-03 4.411981E-05 5.758751E-05 4.389638E-05 3.219666E-05 2.426419E-05
185 6.032143E+01 5.178571E-01 2.079278E+00 1.748406E-03 1.798528E-03 2.131884E-03 2.437079E-03 4.437210E-05 5.791681E-05 4.414739E-05 3.238077E-05 2.440295E-05
186 6.083929E+01 5.178571E-01 2.079278E+00 1.758184E-03 1.808586E-03 2.143807E-03 2.450708E-03 4.461983E-05 5.824015E-05 4.439386E-05 3.256155E-05 2.453918E-05
187 6.135714E+01 5.178571E-01 2.079278E+00 1.767775E-03 1.818452E-03 2.155502E-03 2.464077E-03 4.486285E-05 5.855736E-05 4.463566E-05 3.273890E-05 2.467284E-05
188 6.187500E+01 5.178571E-01 2.079278E+00 1.777175E-03 1.828122E-03 2.166964E-03 2.477180E-03 4.510106E-05 5.886829E-05 4.487266E-05 3.291273E-05 2.480385E-05
189 6.239286E+01 5.178571E-01 2.079278E+00 1.786380E-03 1.837590E-03 2.178187E-03 2.490010E-03 4.533433E-05 5.917276E-05 4.510475E-05 3.308296E-05 2.493213E-05
190 6.291071E+01 5.178571E-01 2.079278E+00 1.795383E-03 1.846852E-03 2.189165E-03 2.502560E-03 4.556254E-05 5.947064E-05 4.533180E-05 3.324950E-05 2.505764E-05
191 6.342857E+01 5.178571E-01 2.079278E+00 1.804182E-03 1.855903E-03 2.199894E-03 2.514825E-03 4.578558E-05 5.976175E-05 4.555371E-05 3.341226E-05 2.518030E-05
192 6.394643E+01 5.178571E-01 2.079278E+00 1.812772E-03 1.864739E-03 2.210367E-03 2.526797E-03 4.600332E-05 6.004597E-05 4.577035E-05 3.357116E-05 2.530005E-05
193 6.446429E+01 5.178571E-01 2.079278E+00 1.821148E-03 1.873355E-03 2.220580E-03 2.538472E-03 4.621567E-05 6.032313E-05 4.598162E-05 3.372612E-05 2.541683E-05
194 6.498214E+01 5.178571E-01 2.079278E+00 1.829305E-03 1.881747E-03 2.230527E-03 2.549843E-03 4.642250E-05 6.059310E-05 4.618741E-05 3.387706E-05 2.553059E-05
195 6.550000E+01 5.178571E-01 2.079278E+00 1.837241E-03 1.889910E-03 2.240204E-03 2.560905E-03 4.662372E-05 6.085573E-05 4.638760E-05 3.402390E-05 2.564125E-05
196 6.601786E+01 5.178571E-01 2.079278E+00 1.844951E-03 1.897841E-03 2.249605E-03 2.571652E-03 4.681921E-05 6.111090E-05 4.658211E-05 3.416656E-05 2.574876E-05
197 6.653571E+01 5.178571E-01 2.079278E+00 1.852431E-03 1.905535E-03 2.258725E-03 2.582077E-03 4.700888E-05 6.135847E-05 4.677082E-05 3.430498E-05 2.585307E-05
198 6.705357E+01 5.178571E-01 2.079278E+00 1.859677E-03 1.912988E-03 2.267560E-03 2.592177E-03 4.719263E-05 6.159832E-05 4.695364E-05 3.443907E-05 2.595413E-05
199 6.757143E+01 5.178571E-01 2.079278E+00 1.866685E-03 1.920198E-03 2.276106E-03 2.601946E-03 4.737037E-05 6.183031E-05 4.713048E-05 3.456877E-05 2.605188E-05
200 6.808929E+01 5.178571E-01 2.079278E+00 1.873452E-03 1.927159E-03 2.284357E-03 2.611379E-03 4.754200E-05 6.205432E-05 4.730123E-05 3.469402E-05 2.614626E-05
201 6.860714E+01 5.178571E-01 2.079278E+00 1.879975E-03 1.933869E-03 2.292311E-03 2.620471E-03 4.770743E-05 6.227025E-05 4.746583E-05 3.481474E-05 2.623725E-05
202 6.912500E+01 5.178571E-01 2.079278E+00 1.886250E-03 1.940324E-03 2.299962E-03 2.629218E-03 4.786658E-05 6.247798E-05 4.762417E-05 3.493088E-05 2.632477E-05
203 6.964286E+01 5.178571E-01 2.079278E+00 1.892274E-03 1.946520E-03 2.307307E-03 2.637614E-03 4.801937E-05 6.267741E-05 4.777619E-05 3.504238E-05 2.640880E-05
204 7.016071E+01 5.178571E-01 2.079278E+00 1.898043E-03 1.952455E-03 2.314342E-03 2.645656E-03 4.816571E-05 6.286843E-05 4.792179E-05 3.514918E-05 2.648928E-05
205 7.067857E+01 5.178571E-01 2.079278E+00 1.903556E-03 1.958126E-03 2.321063E-03 2.653340E-03 4.830554E-05 6.305094E-05 4.806091E-05 3.525122E-05 2.656618E-05
206 7.119643E+01 5.178571E-01 2.079278E+00 1.908809E-03 1.963529E-03 2.327468E-03 2.660662E-03 4.843878E-05 6.322485E-05 4.819347E-05 3.534845E-05 2.663946E-05
207 7.171429E+01 5.178571E-01 2.079278E+00 1.913799E-03 1.968662E-03 2.333553E-03 2.667618E-03 4.856536E-05 6.339007E-05 4.831942E-05 3.544082E-05 2.670908E-05
208 7.223214E+01 5.178571E-01 2.079278E+00 1.918524E-03 1.973523E-03 2.339315E-03 2.674204E-03 4.868523E-05 6.354653E-05 4.843867E-05 3.552830E-05 2.677500E-05
209 7.275000E+01 5.178571E-01 2.079278E+00 1.922982E-03 1.978109E-03 2.344751E-03 2.680418E-03 4.879831E-05 6.369413E-05 4.855119E-05 3.561082E-05 2.683719E-05
210 7.326786E+01 5.178571E-01 2.079278E+00 1.927171E-03 1.982417E-03 2.349858E-03 2.686257E-03 4.890456E-05 6.383282E-05 4.865690E-05 3.568836E-05 2.689562E-05
211 7.378571E+01 5.178571E-01 2.079278E+00 1.931088E-03 1.986447E-03 2.354634E-03 2.691716E-03 4.900393E-05 6.396251E-05 4.875576E-05 3.576087E-05 2.695027E-05
212 7.430357E+01 5.178571E-01 2.079278E+00 1.934731E-03 1.990195E-03 2.359077E-03 2.696795E-03 4.909636E-05 6.408316E-05 4.884772E-05 3.582832E-05 2.700110E-05
213 7.482143E+01 5.178571E-01 2.079278E+00 1.938100E-03 1.993660E-03 2.363184E-03 2.701490E-03 4.918181E-05 6.419469E-05 4.893274E-05 3.589068E-05 2.704810E-05
214 7.533929E+01 5.178571E-01 2.079278E+00 1.941192E-03 1.996840E-03 2.366954E-03 2.705800E-03 4.926024E-05 6.429707E-05 4.901078E-05 3.594792E-05 2.709123E-05
215 7.585714E+01 5.178571E-01 2.079278E+00 1.944006E-03 1.999735E-03 2.370385E-03 2.709722E-03 4.933162E-05 6.439024E-05 4.908180E-05 3.600001E-05 2.713049E-05
216 7.637500E+01 5.178571E-01 2.079278E+00 1.946540E-03 2.002342E-03 2.373475E-03 2.713255E-03 4.939592E-05 6.447416E-05 4.914577E-05 3.604693E-05 2.716585E-05
217 7.689286E+01 5.178571E-01 2.079278E+00 1.948794E-03 2.004661E-03 2.376224E-03 2.716397E-03 4.945310E-05 6.454880E-05 4.920266E-05 3.608866E-05 2.719730E-05
218 7.741071E+01 5.178571E-01 2.079278E+00 1.950767E-03 2.006690E-03 2.378630E-03 2.719147E-03 4.950316E-05 6.461413E-05 4.925246E-05 3.612518E-05 2.722483E-05
219 7.792857E+01 5.178571E-01 2.079278E+00 1.952458E-03 2.008430E-03 2.380692E-03 2.721505E-03 4.954605E-05 6.467013E-05 4.929514E-05 3.615649E-05 2.724842E-05
220 7.844643E+01 5.178571E-01 2.079278E+00 1.953867E-03 2.009879E-03 2.382409E-03 2.723468E-03 4.958179E-05 6.471677E-05 4.933070E-05 3.618257E-05 2.726807E-05
221 7.896429E+01 5.178571E-01 2.079278E+00 1.954993E-03 2.011037E-03 2.383782E-03 2.725037E-03 4.961034E-05 6.475404E-05 4.935911E-05 3.620341E-05 2.728378E-05
222 7.948214E+01 5.178571E-01 2.079278E+00 1.955836E-03 2.011904E-03 2.384810E-03 2.726212E-03 4.963172E-05 6.478194E-05 4.938038E-05 3.621901E-05 2.729553E-05
223 8.000000E+01 5.178571E-01 2.079278E+00 1.956395E-03 2.012480E-03 2.385492E-03 2.726992E-03 4.964591E-05 6.480047E-05 4.939450E-05 3.622936E-05 2.730334E-05
224 8.051786E+01 5.178571E-01 2.079278E+00 1.956672E-03 2.012765E-03 2.385830E-03 2.727378E-03 4.965293E-05 6.480962E-05 4.940148E-05 3.623448E-05 2.730720E-05
225 8.103571E+01 5.178571E-01 2.079278E+00 1.956666E-03 2.012759E-03 2.385822E-03 2.727370E-03 4.965277E-05 6.480942E-05 4.940132E-05 3.623437E-05 2.730711E-05
226 8.155357E+01 5.178571E-01 2.079278E+00 1.956378E-03 2.012462E-03 2.385471E-03 2.726968E-03 4.964545E-05 6.479986E-05 4.939404E-05 3.622903E-05 2.730308E-05
227 8.207143E+01 5.178571E-01 2.079278E+00 1.955809E-03 2.011876E-03 2.384777E-03 2.726174E-03 4.963099E-05 6.478099E-05 4.937965E-05 3.621847E-05 2.729513E-05
228 8.258929E+01 5.178571E-01 2.079278E+00 1.954958E-03 2.011002E-03 2.383740E-03 2.724989E-03 4.960941E-05 6.475282E-05 4.935817E-05 3.620272E-05 2.728326E-05
229 8.310714E+01 5.178571E-01 2.079278E+00 1.953828E-03 2.009839E-03 2.382362E-03 2.723414E-03 4.958072E-05 6.471538E-05 4.932964E-05 3.618179E-05 2.726749E-05
230 8.362500E+01 5.178571E-01 2.079278E+00 1.952419E-03 2.008390E-03 2.380644E-03 2.721450E-03 4.954497E-05 6.466871E-05 4.929406E-05 3.615570E-05 2.724782E-05
231 8.414286E+01 5.178571E-01 2.079278E+00 1.950733E-03 2.006655E-03 2.378588E-03 2.719100E-03 4.950218E-05 6.461285E-05 4.925149E-05 3.612447E-05 2.722429E-05
232 8.466071E+01 5.178571E-01 2.079278E+00 1.948771E-03 2.004637E-03 2.376196E-03 2.716365E-03 4.945238E-05 6.454786E-05 4.920195E-05 3.608813E-05 2.719690E-05
233 8.517857E+01 5.178571E-01 2.079278E+00 1.946535E-03 2.002337E-03 2.373469E-03 2.713248E-03 4.939563E-05 6.447378E-05 4.914548E-05 3.604672E-05 2.716569E-05
234 8.569643E+01 5.178571E-01 2.079278E+00 1.944026E-03 1.999756E-03 2.370410E-03 2.709751E-03 4.933196E-05 6.439068E-05 4.908213E-05 3.600025E-05 2.713068E-05
235 8.621429E+01 5.178571E-01 2.079278E+00 1.941246E-03 1.996897E-03 2.367021E-03 2.705876E-03 4.926142E-05 6.429861E-05 4.901195E-05 3.594878E-05 2.709188E-05
236 8.673214E+01 5.178571E-01 2.079278E+00 1.938198E-03 1.993761E-03 2.363304E-03 2.701628E-03 4.918407E-05 6.419765E-05 4.893499E-05 3.589233E-05 2.704934E-05
237 8.725000E+01 5.178571E-01 2.079278E+00 1.934884E-03 1.990352E-03 2.359263E-03 2.697008E-03 4.909996E-05 6.408786E-05 4.885131E-05 3.583095E-05 2.700309E-05
238 8.776786E+01 5.178571E-01 2.079278E+00 1.931306E-03 1.986671E-03 2.354899E-03 2.692020E-03 4.900915E-05 6.396933E-05 4.876096E-05 3.576468E-05 2.695314E-05
239 8.828571E+01 5.178571E-01 2.079278E+00 1.927466E-03 1.982721E-03 2.350217E-03 2.686667E-03 4.891171E-05 6.384214E-05 4.866401E-05 3.569357E-05 2.689955E-05
240 8.880357E+01 5.178571E-01 2.079278E+00 1.923367E-03 1.978504E-03 2.345219E-03 2.680954E-03 4.880769E-05 6.370638E-05 4.856052E-05 3.561767E-05 2.684235E-05
241 8.932143E+01 5.178571E-01 2.079278E+00 1.919012E-03 1.974025E-03 2.339909E-03 2.674884E-03 4.869718E-05 6.356213E-05 4.845057E-05 3.553702E-05 2.678157E-05
242 8.983929E+01 5.178571E-01 2.079278E+00 1.914404E-03 1.969284E-03 2.334291E-03 2.668461E-03 4.858025E-05 6.340950E-05 4.833423E-05 3.545169E-05 2.671726E-05
243 9.035714E+01 5.178571E-01 2.079278E+00 1.909546E-03 1.964287E-03 2.328367E-03 2.661689E-03 4.845696E-05 6.324858E-05 4.821156E-05 3.536172E-05 2.664946E-05
244 9.087500E+01 5.178571E-01 2.079278E+00 1.904440E-03 1.959035E-03 2.322142E-03 2.654573E-03 4.832741E-05 6.307948E-05 4.808267E-05 3.526717E-05 2.657821E-05
245 9.139286E+01 5.178571E-01 2.079278E+00 1.899091E-03 1.953533E-03 2.315619E-03 2.647117E-03 4.819166E-05 6.290230E-05 4.794761E-05 3.516812E-05 2.650356E-05
246 9.191071E+01 5.178571E-01 2.079278E+00 1.893502E-03 1.947783E-03 2.308804E-03 2.639326E-03 4.804982E-05 6.271717E-05 4.780649E-05 3.506461E-05 2.642555E-05
247 9.242857E+01 5.178571E-01 2.079278E+00 1.887675E-03 1.941790E-03 2.301700E-03 2.631204E-03 4.790197E-05 6.252418E-05 4.765939E-05 3.495671E-05 2.634424E-05
248 9.294643E+01 5.178571E-01 2.079278E+00 1.881616E-03 1.935556E-03 2.294311E-03 2.622758E-03 4.774820E-05 6.232347E-05 4.750639E-05 3.484450E-05 2.625967E-05
249 9.346429E+01 5.178571E-01 2.079278E+00 1.875326E-03 1.929087E-03 2.286642E-03 2.613991E-03 4.758860E-05 6.211515E-05 4.734760E-05 3.472803E-05 2.617190E-05
250 9.398214E+01 5.178571E-01 2.079278E+00 1.868811E-03 1.922385E-03 2.278698E-03 2.604910E-03 4.742327E-05 6.189936E-05 4.718311E-05 3.460738E-05 2.608097E-05
251 9.450000E+01 5.178571E-01 2.079278E+00 1.862074E-03 1.915455E-03 2.270483E-03 2.595519E-03 4.725231E-05 6.167621E-05 4.701301E-05 3.448262E-05 2.598695E-05
252 9.501786E+01 5.178571E-01 2.079278E+00 1.855119E-03 1.908300E-03 2.262003E-03 2.585825E-03 4.707582E-05 6.144584E-05 4.683742E-05 3.435382E-05 2.588988E-05
253 9.553571E+01 5.178571E-01 2.079278E+00 1.847950E-03 1.900926E-03 2.253262E-03 2.575832E-03 4.689390E-05 6.120839E-05 4.665642E-05 3.422106E-05 2.578984E-05
254 9.605357E+01 5.178571E-01 2.079278E+00 1.840572E-03 1.893336E-03 2.244265E-03 2.565547E-03 4.670665E-05 6.096399E-05 4.647012E-05 3.408442E-05 2.568686E-05
255 9.657143E+01 5.178571E-01 2.079278E+00 1.832987E-03 1.885534E-03 2.235017E-03 2.554975E-03 4.651420E-05 6.071278E-05 4.627864E-05 3.394397E-05 2.558101E-05
256 9.708929E+01 5.178571E-01 2.079278E+00 1.825202E-03 1.877525E-03 2.225524E-03 2.544123E-03 4.631663E-05 6.045491E-05 4.608207E-05 3.379980E-05 2.547236E-05
257 9.760714E+01 5.178571E-01 2.079278E+00 1.817219E-03 1.869314E-03 2.215791E-03 2.532997E-03 4.611406E-05 6.019051E-05 4.588053E-05 3.365198E-05 2.536096E-05
258 9.812500E+01 5.178571E-01 2.079278E+00 1.809044E-03 1.860905E-03 2.205823E-03 2.521602E-03 4.590662E-05 5.991974E-05 4.567413E-05 3.350059E-05 2.524687E-05
259 9.864286E+01 5.178571E-01 2.079278E+00 1.800681E-03 1.852302E-03 2.195625E-03 2.509945E-03 4.569439E-05 5.964273E-05 4.546299E-05 3.334572E-05 2.513015E-05
260 9.916071E+01 5.178571E-01 2.079278E+00 1.792135E-03 1.843510E-03 2.185204E-03 2.498032E-03 4.547752E-05 5.935965E-05 4.524721E-05 3.318745E-05 2.501088E-05
261 9.967857E+01 5.178571E-01 2.079278E+00 1.783409E-03 1.834535E-03 2.174565E-03 2.485869E-03 4.525609E-05 5.907064E-05 4.502691E-05 3.302587E-05 2.488911E-05
262 1.001964E+02 5.178571E-01 2.079278E+00 1.774509E-03 1.825380E-03 2.163713E-03 2.473464E-03 4.503025E-05 5.877586E-05 4.480221E-05 3.286106E-05 2.476490E-05
263 1.007143E+02 5.178571E-01 2.079278E+00 1.765440E-03 1.816050E-03 2.152654E-03 2.460822E-03 4.480010E-05 5.847545E-05 4.457322E-05 3.269310E-05 2.463832E-05
264 1.012321E+02 5.178571E-01 2.079278E+00 1.756205E-03 1.806551E-03 2.141394E-03 2.447950E-03 4.456575E-05 5.816957E-05 4.434006E-05 3.252209E-05 2.450945E-05
265 1.017500E+02 5.178571E-01 2.079278E+00 1.746810E-03 1.796886E-03 2.129938E-03 2.434854E-03 4.432734E-05 5.785838E-05 4.410286E-05 3.234811E-05 2.437833E-05
266 1.022679E+02 5.178571E-01 2.079278E+00 1.737259E-03 1.787062E-03 2.118293E-03 2.421541E-03 4.408498E-05 5.754204E-05 4.386172E-05 3.217124E-05 2.424504E-05
267 1.027857E+02 5.178571E-01 2.079278E+00 1.727558E-03 1.777082E-03 2.106463E-03 2.408018E-03 4.383879E-05 5.722070E-05 4.361678E-05 3.199158E-05 2.410964E-05
268 1.033036E+02 5.178571E-01 2.079278E+00 1.717710E-03 1.766952E-03 2.094455E-03 2.394292E-03 4.358889E-05 5.689452E-05 4.336814E-05 3.180922E-05 2.397221E-05
269 1.038214E+02 5.178571E-01 2.079278E+00 1.707720E-03 1.756676E-03 2.082275E-03 2.380368E-03 4.333540E-05 5.656365E-05 4.311594E-05 3.162423E-05 2.383280E-05
270 1.043393E+02 5.178571E-01 2.079278E+00 1.697595E-03 1.746260E-03 2.069928E-03 2.366253E-03 4.307844E-05 5.622826E-05 4.286029E-05 3.143672E-05 2.369148E-05
271 1.048571E+02 5.178571E-01 2.079278E+00 1.687337E-03 1.735708E-03 2.057421E-03 2.351955E-03 4.281814E-05 5.588850E-05 4.260130E-05 3.124676E-05 2.354833E-05
272 1.053750E+02 5.178571E-01 2.079278E+00 1.676952E-03 1.725026E-03 2.044759E-03 2.337480E-03 4.255462E-05 5.554453E-05 4.233911E-05 3.105445E-05 2.340340E-05
273 1.058929E+02 5.178571E-01 2.079278E+00 1.666445E-03 1.714218E-03 2.031947E-03 2.322835E-03 4.228799E-05 5.519652E-05 4.207384E-05 3.085988E-05 2.325676E-05
274 1.064107E+02 5.178571E-01 2.079278E+00 1.655821E-03 1.703288E-03 2.018992E-03 2.308025E-03 4.201838E-05 5.484461E-05 4.180559E-05 3.066313E-05 2.310849E-05
275 1.069286E+02 5.178571E-01 2.079278E+00 1.645083E-03 1.692243E-03 2.005900E-03 2.293059E-03 4.174591E-05 5.448896E-05 4.153450E-05 3.046429E-05 2.295864E-05
276 1.074464E+02 5.178571E-01 2.079278E+00 1.634238E-03 1.681087E-03 1.992676E-03 2.277941E-03 4.147069E-05 5.412974E-05 4.126068E-05 3.026345E-05 2.280728E-05
277 1.079643E+02 5.178571E-01 2.079278E+00 1.623289E-03 1.669824E-03 1.979325E-03 2.262680E-03 4.119285E-05 5.376709E-05 4.098424E-05 3.006070E-05 2.265448E-05
278 1.084821E+02 5.178571E-01 2.079278E+00 1.612242E-03 1.658460E-03 1.965855E-03 2.247281E-03 4.091251E-05 5.340117E-05 4.070532E-05 2.985612E-05 2.250030E-05
279 1.090000E+02 5.178571E-01 2.079278E+00 1.601100E-03 1.646999E-03 1.952270E-03 2.231751E-03 4.062978E-05 5.303214E-05 4.042403E-05 2.964980E-05 2.234481E-05
280 1.095179E+02 5.178571E-01 2.079278E+00 1.589869E-03 1.635446E-03 1.938576E-03 2.216097E-03 4.034479E-05 5.266015E-05 4.014047E-05 2.944182E-05 2.218808E-05
281 1.100357E+02 5.178571E-01 2.079278E+00 1.578554E-03 1.623806E-03 1.924778E-03 2.200324E-03 4.005764E-05 5.228535E-05 3.985478E-05 2.923227E-05 2.203016E-05
282 1.105536E+02 5.178571E-01 2.079278E+00 1.567158E-03 1.612084E-03 1.910883E-03 2.184439E-03 3.976846E-05 5.190789E-05 3.956706E-05 2.902124E-05 2.187112E-05
283 1.110714E+02 5.178571E-01 2.079278E+00 1.555686E-03 1.600283E-03 1.896895E-03 2.168449E-03 3.947735E-05 5.152792E-05 3.927743E-05 2.880880E-05 2.171102E-05
284 1.115893E+02 5.178571E-01 2.079278E+00 1.544143E-03 1.588410E-03 1.882821E-03 2.152360E-03 3.918444E-05 5.114560E-05 3.898600E-05 2.859505E-05 2.154993E-05
285 1.121071E+02 5.178571E-01 2.079278E+00 1.532534E-03 1.576467E-03 1.868665E-03 2.136177E-03 3.888983E-05 5.076106E-05 3.869288E-05 2.838006E-05 2.138791E-05
286 1.126250E+02 5.178571E-01 2.079278E+00 1.520862E-03 1.564461E-03 1.854433E-03 2.119908E-03 3.859364E-05 5.037445E-05 3.839819E-05 2.816391E-05 2.122501E-05
287 1.131429E+02 5.178571E-01 2.079278E+00 1.509131E-03 1.552394E-03 1.840130E-03 2.103557E-03 3.829597E-05 4.998592E-05 3.810203E-05 2.794668E-05 2.106131E-05
288 1.136607E+02 5.178571E-01 2.079278E+00 1.497348E-03 1.540272E-03 1.825761E-03 2.087132E-03 3.799694E-05 4.959561E-05 3.780452E-05 2.772846E-05 2.089685E-05
289 1.141786E+02 5.178571E-01 2.079278E+00 1.485514E-03 1.528099E-03 1.811332E-03 2.070637E-03 3.769665E-05 4.920366E-05 3.750575E-05 2.750933E-05 2.073170E-05
290 1.146964E+02 5.178571E-01 2.079278E+00 1.473635E-03 1.515880E-03 1.796848E-03 2.054079E-03 3.739521E-05 4.881020E-05 3.720583E-05 2.728935E-05 2.056592E-05
291 1.152143E+02 5.178571E-01 2.079278E+00 1.461715E-03 1.503618E-03 1.782313E-03 2.037464E-03 3.709272E-05 4.841537E-05 3.690487E-05 2.706860E-05 2.039956E-05
292 1.157321E+02 5.178571E-01 2.079278E+00 1.449757E-03 1.491318E-03 1.767733E-03 2.020796E-03 3.678928E-05 4.801931E-05 3.660297E-05 2.684717E-05 2.023269E-05
293 1.162500E+02 5.178571E-01 2.079278E+00 1.437766E-03 1.478983E-03 1.753112E-03 2.004083E-03 3.648500E-05 4.762215E-05 3.630023E-05 2.662512E-05 2.006534E-05
294 1.167679E+02 5.178571E-01 2.079278E+00 1.425746E-03 1.466619E-03 1.738456E-03 1.987328E-03 3.617998E-05 4.722402E-05 3.599675E-05 2.640253E-05 1.989759E-05
295 1.172857E+02 5.178571E-01 2.079278E+00 1.413701E-03 1.454228E-03 1.723768E-03 1.970538E-03 3.587431E-05 4.682504E-05 3.569263E-05 2.617946E-05 1.972949E-05
296 1.178036E+02 5.178571E-01 2.079278E+00 1.401634E-03 1.441815E-03 1.709054E-03 1.953718E-03 3.556809E-05 4.642535E-05 3.538797E-05 2.595600E-05 1.956108E-05
297 1.183214E+02 5.178571E-01 2.079278E+00 1.389549E-03 1.429383E-03 1.694319E-03 1.936872E-03 3.526142E-05 4.602506E-05 3.508284E-05 2.573220E-05 1.939242E-05
298 1.188393E+02 5.178571E-01 2.079278E+00 1.377449E-03 1.416937E-03 1.679565E-03 1.920007E-03 3.495438E-05 4.562430E-05 3.477736E-05 2.550814E-05 1.922356E-05
299 1.193571E+02 5.178571E-01 2.079278E+00 1.365339E-03 1.404480E-03 1.664799E-03 1.903127E-03 3.464707E-05 4.522319E-05 3.447161E-05 2.528388E-05 1.905455E-05
300 1.198750E+02 5.178571E-01 2.079278E+00 1.353222E-03 1.392015E-03 1.650024E-03 1.886237E-03 3.433959E-05 4.482184E-05 3.416568E-05 2.505949E-05 1.888545E-05
301 1.203929E+02 5.178571E-01 2.079278E+00 1.341101E-03 1.379547E-03 1.635245E-03 1.869342E-03 3.403200E-05 4.442037E-05 3.385966E-05 2.483503E-05 1.871629E-05
302 1.209107E+02 5.178571E-01 2.079278E+00 1.328980E-03 1.367078E-03 1.620465E-03 1.852447E-03 3.372441E-05 4.401889E-05 3.355363E-05 2.461057E-05 1.854713E-05
303 1.214286E+02 5.178571E-01 2.079278E+00 1.316862E-03 1.354612E-03 1.605689E-03 1.835555E-03 3.341690E-05 4.361750E-05 3.324767E-05 2.438616E-05 1.837801E-05
304 1.219464E+02 5.178571E-01 2.079278E+00 1.304750E-03 1.342153E-03 1.590921E-03 1.818672E-03 3.310955E-05 4.321633E-05 3.294187E-05 2.416186E-05 1.820897E-05
305 1.224643E+02 5.178571E-01 2.079278E+00 1.292647E-03 1.329704E-03 1.576164E-03 1.801803E-03 3.280243E-05 4.281546E-05 3.263631E-05 2.393774E-05 1.804007E-05
306 1.229821E+02 5.178571E-01 2.079278E+00 1.280557E-03 1.317267E-03 1.561422E-03 1.784951E-03 3.249563E-05 4.241501E-05 3.233106E-05 2.371385E-05 1.787134E-05
307 1.235000E+02 5.178571E-01 2.079278E+00 1.268482E-03 1.304846E-03 1.546699E-03 1.768120E-03 3.218922E-05 4.201507E-05 3.202621E-05 2.349025E-05 1.770283E-05
308 1.240179E+02 5.178571E-01 2.079278E+00 1.256426E-03 1.292444E-03 1.531999E-03 1.751315E-03 3.188328E-05 4.161574E-05 3.172182E-05 2.326699E-05 1.753458E-05
309 1.245357E+02 5.178571E-01 2.079278E+00 1.244391E-03 1.280065E-03 1.517324E-03 1.734540E-03 3.157788E-05 4.121712E-05 3.141797E-05 2.304412E-05 1.736662E-05
310 1.250536E+02 5.178571E-01 2.079278E+00 1.232381E-03 1.267710E-03 1.502679E-03 1.717798E-03 3.127310E-05 4.081929E-05 3.111472E-05 2.282170E-05 1.719900E-05
311 1.255714E+02 5.178571E-01 2.079278E+00 1.220397E-03 1.255382E-03 1.488067E-03 1.701094E-03 3.096899E-05 4.042236E-05 3.081215E-05 2.259978E-05 1.703175E-05
312 1.260893E+02 5.178571E-01 2.079278E+00 1.208442E-03 1.243085E-03 1.473490E-03 1.684431E-03 3.066563E-05 4.002640E-05 3.051033E-05 2.237840E-05 1.686491E-05
313 1.266071E+02 5.178571E-01 2.079278E+00 1.196520E-03 1.230820E-03 1.458953E-03 1.667812E-03 3.036308E-05 3.963149E-05 3.020932E-05 2.215762E-05 1.669852E-05
314 1.271250E+02 5.178571E-01 2.079278E+00 1.184632E-03 1.218592E-03 1.444457E-03 1.651241E-03 3.006141E-05 3.923774E-05 2.990917E-05 2.193747E-05 1.653262E-05
315 1.276429E+02 5.178571E-01 2.079278E+00 1.172781E-03 1.206401E-03 1.430007E-03 1.634722E-03 2.976067E-05 3.884520E-05 2.960996E-05 2.171801E-05 1.636722E-05
316 1.281607E+02 5.178571E-01 2.079278E+00 1.160969E-03 1.194250E-03 1.415604E-03 1.618258E-03 2.946093E-05 3.845397E-05 2.931174E-05 2.149927E-05 1.620238E-05
317 1.286786E+02 5.178571E-01 2.079278E+00 1.149198E-03 1.182143E-03 1.401252E-03 1.601852E-03 2.916225E-05 3.806411E-05 2.901457E-05 2.128130E-05 1.603811E-05
318 1.291964E+02 5.178571E-01 2.079278E+00 1.137472E-03 1.170080E-03 1.386954E-03 1.585506E-03 2.886468E-05 3.767570E-05 2.871850E-05 2.106415E-05 1.587446E-05
319 1.297143E+02 5.178571E-01 2.079278E+00 1.125791E-03 1.158065E-03 1.372711E-03 1.569225E-03 2.856827E-05 3.728881E-05 2.842359E-05 2.084784E-05 1.571145E-05
320 1.302321E+02 5.178571E-01 2.079278E+00 1.114159E-03 1.146099E-03 1.358527E-03 1.553010E-03 2.827308E-05 3.690351E-05 2.812990E-05 2.063242E-05 1.554910E-05
321 1.307500E+02 5.178571E-01 2.079278E+00 1.102576E-03 1.134184E-03 1.344404E-03 1.536865E-03 2.797915E-05 3.651987E-05 2.783746E-05 2.041793E-05 1.538745E-05
322 1.312679E+02 5.178571E-01 2.079278E+00 1.091045E-03 1.122322E-03 1.330344E-03 1.520793E-03 2.768654E-05 3.613794E-05 2.754633E-05 2.020440E-05 1.522653E-05
323 1.317857E+02 5.178571E-01 2.079278E+00 1.079568E-03 1.110516E-03 1.316350E-03 1.504795E-03 2.739530E-05 3.575779E-05 2.725656E-05 1.999186E-05 1.506636E-05
324 1.323036E+02 5.178571E-01 2.079278E+00 1.068146E-03 1.098767E-03 1.302423E-03 1.488874E-03 2.710546E-05 3.537948E-05 2.696819E-05 1.978035E-05 1.490696E-05
325 1.328214E+02 5.178571E-01 2.079278E+00 1.056782E-03 1.087077E-03 1.288566E-03 1.473034E-03 2.681707E-05 3.500306E-05 2.668127E-05 1.956990E-05 1.474836E-05
326 1.333393E+02 5.178571E-01 2.079278E+00 1.045476E-03 1.075447E-03 1.274781E-03 1.457275E-03 2.653018E-05 3.462859E-05 2.639583E-05 1.936054E-05 1.459058E-05
327 1.338571E+02 5.178571E-01 2.079278E+00 1.034231E-03 1.063880E-03 1.261069E-03 1.441600E-03 2.624482E-05 3.425613E-05 2.611191E-05 1.915230E-05 1.443364E-05
328 1.343750E+02 5.178571E-01 2.079278E+00 1.023048E-03 1.052376E-03 1.247433E-03 1.426012E-03 2.596104E-05 3.388572E-05 2.582957E-05 1.894520E-05 1.427757E-05
329 1.348929E+02 5.178571E-01 2.079278E+00 1.011928E-03 1.040938E-03 1.233875E-03 1.410513E-03 2.567886E-05 3.351741E-05 2.554882E-05 1.873928E-05 1.412238E-05
330 1.354107E+02 5.178571E-01 2.079278E+00 1.000873E-03 1.029566E-03 1.220395E-03 1.395104E-03 2.539833E-05 3.315124E-05 2.526971E-05 1.853456E-05 1.396810E-05
331 1.359286E+02 5.178571E-01 2.079278E+00 9.898847E-04 1.018262E-03 1.206996E-03 1.379786E-03 2.511948E-05 3.278727E-05 2.499227E-05 1.833107E-05 1.381474E-05
332 1.364464E+02 5.178571E-01 2.079278E+00 9.789634E-04 1.007028E-03 1.193680E-03 1.364563E-03 2.484234E-05 3.242553E-05 2.471653E-05 1.812882E-05 1.366233E-05
333 1.369643E+02 5.178571E-01 2.079278E+00 9.681107E-04 9.958637E-04 1.180447E-03 1.349436E-03 2.456694E-05 3.206606E-05 2.444253E-05 1.792785E-05 1.351087E-05
334 1.374821E+02 5.178571E-01 2.079278E+00 9.573278E-04 9.847717E-04 1.167299E-03 1.334406E-03 2.429331E-05 3.170891E-05 2.417028E-05 1.772817E-05 1.336038E-05
335 1.380000E+02 5.178571E-01 2.079278E+00 9.466158E-04 9.737526E-04 1.154237E-03 1.319475E-03 2.402148E-05 3.135410E-05 2.389983E-05 1.752980E-05 1.321089E-05
336 1.385179E+02 5.178571E-01 2.079278E+00 9.359757E-04 9.628075E-04 1.141263E-03 1.304643E-03 2.375148E-05 3.100168E-05 2.363119E-05 1.733276E-05 1.306240E-05
337 1.390357E+02 5.178571E-01 2.079278E+00 9.254086E-04 9.519374E-04 1.128379E-03 1.289914E-03 2.348332E-05 3.065167E-05 2.336440E-05 1.713708E-05 1.291492E-05
338 1.395536E+02 5.178571E-01 2.079278E+00 9.149152E-04 9.411433E-04 1.115584E-03 1.275288E-03 2.321704E-05 3.030411E-05 2.309947E-05 1.694276E-05 1.276848E-05
339 1.400714E+02 5.178571E-01 2.079278E+00 9.044967E-04 9.304260E-04 1.102880E-03 1.260765E-03 2.295266E-05 2.995902E-05 2.283642E-05 1.674982E-05 1.262308E-05
340 1.405893E+02 5.178571E-01 2.079278E+00 8.941536E-04 9.197865E-04 1.090269E-03 1.246348E-03 2.269019E-05 2.961643E-05 2.257528E-05 1.655828E-05 1.247873E-05
341 1.411071E+02 5.178571E-01 2.079278E+00 8.838869E-04 9.092255E-04 1.077750E-03 1.232038E-03 2.242966E-05 2.927638E-05 2.231607E-05 1.636816E-05 1.233545E-05
342 1.416250E+02 5.178571E-01 2.079278E+00 8.736972E-04 8.987437E-04 1.065325E-03 1.217834E-03 2.217109E-05 2.893887E-05 2.205881E-05 1.617946E-05 1.219324E-05
343 1.421429E+02 5.178571E-01 2.079278E+00 8.635853E-04 8.883419E-04 1.052996E-03 1.203739E-03 2.191448E-05 2.860394E-05 2.180350E-05 1.599221E-05 1.205212E-05
344 1.426607E+02 5.178571E-01 2.079278E+00 8.535517E-04 8.780206E-04 1.040761E-03 1.189754E-03 2.165987E-05 2.827160E-05 2.155018E-05 1.580640E-05 1.191209E-05
345 1.431786E+02 5.178571E-01 2.079278E+00 8.435970E-04 8.677806E-04 1.028623E-03 1.175878E-03 2.140726E-05 2.794188E-05 2.129885E-05 1.562206E-05 1.177317E-05
346 1.436964E+02 5.178571E-01 2.079278E+00 8.337219E-04 8.576223E-04 1.016582E-03 1.162113E-03 2.115666E-05 2.761480E-05 2.104952E-05 1.543919E-05 1.163535E-05
347 1.442143E+02 5.178571E-01 2.079278E+00 8.239267E-04 8.475463E-04 1.004639E-03 1.148460E-03 2.090810E-05 2.729036E-05 2.080222E-05 1.525779E-05 1.149865E-05
348 1.447321E+02 5.178571E-01 2.079278E+00 8.142119E-04 8.375530E-04 9.927931E-04 1.134919E-03 2.066158E-05 2.696858E-05 2.055694E-05 1.507789E-05 1.136307E-05
349 1.452500E+02 5.178571E-01 2.079278E+00 8.045779E-04 8.276429E-04 9.810462E-04 1.121490E-03 2.041710E-05 2.664948E-05 2.031371E-05 1.489949E-05 1.122862E-05
350 1.457679E+02 5.178571E-01 2.079278E+00 7.950251E-04 8.178163E-04 9.693982E-04 1.108174E-03 2.017469E-05 2.633307E-05 2.007252E-05 1.472258E-05 1.109530E-05
351 1.462857E+02 5.178571E-01 2.079278E+00 7.855539E-04 8.080735E-04 9.578496E-04 1.094973E-03 1.993435E-05 2.601936E-05 1.983339E-05 1.454719E-05 1.096312E-05
352 1.468036E+02 5.178571E-01 2.079278E+00 7.761644E-04 7.984149E-04 9.464008E-04 1.081885E-03 1.969608E-05 2.570836E-05 1.959633E-05 1.437331E-05 1.083208E-05
353 1.473214E+02 5.178571E-01 2.079278E+00 7.668571E-04 7.888407E-04 9.350520E-04 1.068911E-03 1.945989E-05 2.540008E-05 1.936134E-05 1.420096E-05 1.070219E-05
354 1.478393E+02 5.178571E-01 2.079278E+00 7.576320E-04 7.793511E-04 9.238036E-04 1.056053E-03 1.922579E-05 2.509452E-05 1.912843E-05 1.403012E-05 1.057345E-05
355 1.483571E+02 5.178571E-01 2.079278E+00 7.484893E-04 7.699464E-04 9.126556E-04 1.043309E-03 1.899379E-05 2.479170E-05 1.889760E-05 1.386082E-05 1.044585E-05
356 1.488750E+02 5.178571E-01 2.079278E+00 7.394293E-04 7.606266E-04 9.016085E-04 1.030680E-03 1.876388E-05 2.449161E-05 1.866886E-05 1.369304E-05 1.031941E-05
357 1.493929E+02 5.178571E-01 2.079278E+00 7.304519E-04 7.513919E-04 8.906621E-04 1.018167E-03 1.853607E-05 2.419426E-05 1.844220E-05 1.352679E-05 1.019412E-05
358 1.499107E+02 5.178571E-01 2.079278E+00 7.215574E-04 7.422424E-04 8.798167E-04 1.005769E-03 1.831036E-05 2.389965E-05 1.821763E-05 1.336208E-05 1.006999E-05
359 1.504286E+02 5.178571E-01 2.079278E+00 7.127457E-04 7.331781E-04 8.690724E-04 9.934863E-04 1.808675E-05 2.360778E-05 1.799516E-05 1.319890E-05 9.947017E-06
360 1.509464E+02 5.178571E-01 2.079278E+00 7.040168E-04 7.241990E-04 8.584290E-04 9.813193E-04 1.786525E-05 2.331866E-05 1.777478E-05 1.303726E-05 9.825198E-06
361 1.514643E+02 5.178571E-01 2.079278E+00 6.953708E-04 7.153052E-04 8.478867E-04 9.692677E-04 1.764585E-05 2.303229E-05 1.755648E-05 1.287715E-05 9.704535E-06
362 1.519821E+02 5.178571E-01 2.079278E+00 6.868076E-04 7.064965E-04 8.374453E-04 9.573316E-04 1.742854E-05 2.274866E-05 1.734028E-05 1.271857E-05 9.585027E-06
363 1.525000E+02 5.178571E-01 2.079278E+00 6.783272E-04 6.977729E-04 8.271048E-04 9.455108E-04 1.721334E-05 2.246776E-05 1.712617E-05 1.256153E-05 9.466675E-06
364 1.530179E+02 5.178571E-01 2.079278E+00 6.699293E-04 6.891343E-04 8.168651E-04 9.338052E-04 1.700024E-05 2.218961E-05 1.691415E-05 1.240601E-05 9.349475E-06
365 1.535357E+02 5.178571E-01 2.079278E+00 6.616140E-04 6.805807E-04 8.067260E-04 9.222146E-04 1.678923E-05 2.191419E-05 1.670420E-05 1.225203E-05 9.233428E-06
366 1.540536E+02 5.178571E-01 2.079278E+00 6.533811E-04 6.721117E-04 7.966873E-04 9.107388E-04 1.658031E-05 2.164149E-05 1.649634E-05 1.209957E-05 9.118530E-06
367 1.545714E+02 5.178571E-01 2.079278E+00 6.452304E-04 6.637273E-04 7.867489E-04 8.993776E-04 1.637347E-05 2.137152E-05 1.629055E-05 1.194863E-05 9.004779E-06
368 1.550893E+02 5.178571E-01 2.079278E+00 6.371617E-04 6.554273E-04 7.769105E-04 8.881308E-04 1.616872E-05 2.110427E-05 1.608684E-05 1.179921E-05 8.892173E-06
369 1.556071E+02 5.178571E-01 2.079278E+00 6.291748E-04 6.472114E-04 7.671718E-04 8.769979E-04 1.596604E-05 2.083972E-05 1.588519E-05 1.165130E-05 8.780708E-06
370 1.561250E+02 5.178571E-01 2.079278E+00 6.212694E-04 6.390795E-04 7.575326E-04 8.659788E-04 1.576544E-05 2.057788E-05 1.568560E-05 1.150491E-05 8.670382E-06
371 1.566429E+02 5.178571E-01 2.079278E+00 6.134454E-04 6.310311E-04 7.479925E-04 8.550729E-04 1.556689E-05 2.031873E-05 1.548806E-05 1.136002E-05 8.561190E-06
372 1.571607E+02 5.178571E-01 2.079278E+00 6.057023E-04 6.230661E-04 7.385512E-04 8.442800E-04 1.537040E-05 2.006226E-05 1.529256E-05 1.121663E-05 8.453129E-06
373 1.576786E+02 5.178571E-01 2.079278E+00 5.980401E-04 6.151842E-04 7.292083E-04 8.335997E-04 1.517596E-05 1.980847E-05 1.509911E-05 1.107474E-05 8.346195E-06
374 1.581964E+02 5.178571E-01 2.079278E+00 5.904582E-04 6.073850E-04 7.199635E-04 8.230314E-04 1.498357E-05 1.955734E-05 1.490769E-05 1.093433E-05 8.240383E-06
375 1.587143E+02 5.178571E-01 2.079278E+00 5.829564E-04 5.996682E-04 7.108164E-04 8.125748E-04 1.479320E-05 1.930886E-05 1.471828E-05 1.079541E-05 8.135689E-06
376 1.592321E+02 5.178571E-01 2.079278E+00 5.755344E-04 5.920334E-04 7.017665E-04 8.022294E-04 1.460486E-05 1.906303E-05 1.453089E-05 1.065797E-05 8.032108E-06
377 1.597500E+02 5.178571E-01 2.079278E+00 5.681918E-04 5.844802E-04 6.928134E-04 7.919946E-04 1.441853E-05 1.881982E-05 1.434551E-05 1.052200E-05 7.929635E-06
378 1.602679E+02 5.178571E-01 2.079278E+00 5.609281E-04 5.770084E-04 6.839566E-04 7.818699E-04 1.423421E-05 1.857924E-05 1.416212E-05 1.038748E-05 7.828264E-06
379 1.607857E+02 5.178571E-01 2.079278E+00 5.537431E-04 5.696173E-04 6.751957E-04 7.718548E-04 1.405188E-05 1.834125E-05 1.398071E-05 1.025443E-05 7.727990E-06
380 1.613036E+02 5.178571E-01 2.079278E+00 5.466362E-04 5.623068E-04 6.665301E-04 7.619486E-04 1.387153E-05 1.810586E-05 1.380128E-05 1.012282E-05 7.628808E-06
381 1.618214E+02 5.178571E-01 2.079278E+00 5.396072E-04 5.550762E-04 6.579594E-04 7.521509E-04 1.369316E-05 1.787304E-05 1.362382E-05 9.992656E-06 7.530711E-06
382 1.623393E+02 5.178571E-01 2.079278E+00 5.326555E-04 5.479252E-04 6.494829E-04 7.424610E-04 1.351675E-05 1.764278E-05 1.344830E-05 9.863921E-06 7.433693E-06
383 1.628571E+02 5.178571E-01 2.079278E+00 5.257807E-04 5.408533E-04 6.411003E-04 7.328783E-04 1.334230E-05 1.741507E-05 1.327473E-05 9.736611E-06 7.337749E-06
384 1.633750E+02 5.178571E-01 2.079278E+00 5.189823E-04 5.338601E-04 6.328108E-04 7.234022E-04 1.316978E-05 1.718989E-05 1.310309E-05 9.610716E-06 7.242872E-06
385 1.638929E+02 5.178571E-01 2.079278E+00 5.122599E-04 5.269450E-04 6.246140E-04 7.140319E-04 1.299919E-05 1.696723E-05 1.293336E-05 9.486228E-06 7.149055E-06
386 1.644107E+02 5.178571E-01 2.079278E+00 5.056130E-04 5.201075E-04 6.165092E-04 7.047669E-04 1.283052E-05 1.674707E-05 1.276554E-05 9.363139E-06 7.056291E-06
387 1.649286E+02 5.178571E-01 2.079278E+00 4.990411E-04 5.133473E-04 6.084960E-04 6.956065E-04 1.266375E-05 1.652940E-05 1.259962E-05 9.241438E-06 6.964575E-06
388 1.654464E+02 5.178571E-01 2.079278E+00 4.925438E-04 5.066636E-04 6.005735E-04 6.865499E-04 1.249887E-05 1.631419E-05 1.243558E-05 9.121117E-06 6.873898E-06
389 1.659643E+02 5.178571E-01 2.079278E+00 4.861204E-04 5.000561E-04 5.927413E-04 6.775965E-04 1.233587E-05 1.610143E-05 1.227340E-05 9.002167E-06 6.784254E-06
390 1.664821E+02 5.178571E-01 2.079278E+00 4.797706E-04 4.935242E-04 5.849988E-04 6.687455E-04 1.217474E-05 1.589111E-05 1.211308E-05 8.884578E-06 6.695636E-06
391 1.670000E+02 5.178571E-01 2.079278E+00 4.734937E-04 4.870674E-04 5.773452E-04 6.599962E-04 1.201545E-05 1.568320E-05 1.195461E-05 8.768340E-06 6.608036E-06
392 1.675179E+02 5.178571E-01 2.079278E+00 4.672892E-04 4.806851E-04 5.697799E-04 6.513480E-04 1.185801E-05 1.547770E-05 1.179796E-05 8.653444E-06 6.521448E-06
393 1.680357E+02 5.178571E-01 2.079278E+00 4.611567E-04 4.743768E-04 5.623023E-04 6.427999E-04 1.170239E-05 1.527458E-05 1.164313E-05 8.539879E-06 6.435863E-06
394 1.685536E+02 5.178571E-01 2.079278E+00 4.550956E-04 4.681419E-04 5.549118E-04 6.343513E-04 1.154858E-05 1.507382E-05 1.149010E-05 8.427636E-06 6.351274E-06
395 1.690714E+02 5.178571E-01 2.079278E+00 4.491052E-04 4.619798E-04 5.476076E-04 6.260015E-04 1.139657E-05 1.487540E-05 1.133885E-05 8.316705E-06 6.267673E-06
396 1.695893E+02 5.178571E-01 2.079278E+00 4.431851E-04 4.558900E-04 5.403890E-04 6.177496E-04 1.124634E-05 1.467932E-05 1.118939E-05 8.207075E-06 6.185053E-06
397 1.701071E+02 5.178571E-01 2.079278E+00 4.373348E-04 4.498720E-04 5.332555E-04 6.095949E-04 1.109788E-05 1.448554E-05 1.104168E-05 8.098736E-06 6.103406E-06
398 1.706250E+02 5.178571E-01 2.079278E+00 4.315536E-04 4.439250E-04 5.262063E-04 6.015365E-04 1.095118E-05 1.429405E-05 1.089572E-05 7.991677E-06 6.022724E-06
399 1.711429E+02 5.178571E-01 2.079278E+00 4.258410E-04 4.380486E-04 5.192408E-04 5.935738E-04 1.080621E-05 1.410484E-05 1.075149E-05 7.885888E-06 5.942999E-06
400 1.716607E+02 5.178571E-01 2.079278E+00 4.201964E-04 4.322422E-04 5.123581E-04 5.857058E-04 1.066297E-05 1.391787E-05 1.060897E-05 7.781359E-06 5.864224E-06
401 1.721786E+02 5.178571E-01 2.079278E+00 4.146192E-04 4.265052E-04 5.055577E-04 5.779319E-04 1.052145E-05 1.373315E-05 1.046816E-05 7.678079E-06 5.786389E-06
402 1.726964E+02 5.178571E-01 2.079278E+00 4.091089E-04 4.208369E-04 4.988388E-04 5.702512E-04 1.038161E-05 1.355063E-05 1.032904E-05 7.576037E-06 5.709488E-06
403 1.732143E+02 5.178571E-01 2.079278E+00 4.036649E-04 4.152368E-04 4.922008E-04 5.626628E-04 1.024347E-05 1.337031E-05 1.019159E-05 7.475223E-06 5.633512E-06
404 1.737321E+02 5.178571E-01 2.079278E+00 3.982866E-04 4.097043E-04 4.856428E-04 5.551661E-04 1.010699E-05 1.319217E-05 1.005580E-05 7.375625E-06 5.558452E-06
405 1.742500E+02 5.178571E-01 2.079278E+00 3.929734E-04 4.042388E-04 4.791643E-04 5.477601E-04 9.972157E-06 1.301619E-05 9.921656E-06 7.277233E-06 5.484302E-06
406 1.747679E+02 5.178571E-01 2.079278E+00 3.877247E-04 3.988397E-04 4.727644E-04 5.404440E-04 9.838966E-06 1.284234E-05 9.789140E-06 7.180037E-06 5.411052E-06
407 1.752857E+02 5.178571E-01 2.079278E+00 3.825400E-04 3.935063E-04 4.664426E-04 5.332171E-04 9.707398E-06 1.267061E-05 9.658238E-06 7.084024E-06 5.338695E-06
408 1.758036E+02 5.178571E-01 2.079278E+00 3.774186E-04 3.882382E-04 4.601979E-04 5.260786E-04 9.577438E-06 1.250098E-05 9.528936E-06 6.989185E-06 5.267221E-06
409 1.763214E+02 5.178571E-01 2.079278E+00 3.723601E-04 3.830346E-04 4.540299E-04 5.190275E-04 9.449071E-06 1.233343E-05 9.401218E-06 6.895508E-06 5.196624E-06
410 1.768393E+02 5.178571E-01 2.079278E+00 3.673637E-04 3.778949E-04 4.479376E-04 5.120631E-04 9.322281E-06 1.216793E-05 9.275071E-06 6.802983E-06 5.126895E-06
411 1.773571E+02 5.178571E-01 2.079278E+00 3.624288E-04 3.728187E-04 4.419204E-04 5.051845E-04 9.197054E-06 1.200448E-05 9.150479E-06 6.711598E-06 5.058025E-06
412 1.778750E+02 5.178571E-01 2.079278E+00 3.575550E-04 3.678051E-04 4.359777E-04 4.983910E-04 9.073376E-06 1.184305E-05 9.027426E-06 6.621343E-06 4.990007E-06
413 1.783929E+02 5.178571E-01 2.079278E+00 3.527416E-04 3.628537E-04 4.301085E-04 4.916816E-04 8.951230E-06 1.168362E-05 8.905899E-06 6.532207E-06 4.922831E-06
414 1.789107E+02 5.178571E-01 2.079278E+00 3.479881E-04 3.579639E-04 4.243124E-04 4.850557E-04 8.830603E-06 1.152617E-05 8.785883E-06 6.444178E-06 4.856491E-06
415 1.794286E+02 5.178571E-01 2.079278E+00 3.432937E-04 3.531350E-04 4.185884E-04 4.785123E-04 8.711478E-06 1.137068E-05 8.667361E-06 6.357246E-06 4.790977E-06
416 1.799464E+02 5.178571E-01 2.079278E+00 3.386580E-04 3.483664E-04 4.129359E-04 4.720507E-04 8.593842E-06 1.121714E-05 8.550321E-06 6.271401E-06 4.726282E-06
417 1.804643E+02 5.178571E-01 2.079278E+00 3.340804E-04 3.436575E-04 4.073543E-04 4.656699E-04 8.477679E-06 1.106551E-05 8.434746E-06 6.186630E-06 4.662396E-06
418 1.809821E+02 5.178571E-01 2.079278E+00 3.295602E-04 3.390077E-04 4.018427E-04 4.593693E-04 8.362974E-06 1.091579E-05 8.320622E-06 6.102923E-06 4.599313E-06
419 1.815000E+02 5.178571E-01 2.079278E+00 3.250969E-04 3.344165E-04 3.964004E-04 4.531480E-04 8.249712E-06 1.076796E-05 8.207934E-06 6.020270E-06 4.537024E-06
420 1.820179E+02 5.178571E-01 2.079278E+00 3.206899E-04 3.298832E-04 3.910269E-04 4.470051E-04 8.137880E-06 1.062199E-05 8.096668E-06 5.938660E-06 4.475520E-06
421 1.825357E+02 5.178571E-01 2.079278E+00 3.163386E-04 3.254071E-04 3.857212E-04 4.409400E-04 8.027461E-06 1.047787E-05 7.986808E-06 5.858081E-06 4.414794E-06
422 1.830536E+02 5.178571E-01 2.079278E+00 3.120425E-04 3.209878E-04 3.804828E-04 4.349516E-04 7.918441E-06 1.033557E-05 7.878341E-06 5.778524E-06 4.354837E-06
423 1.835714E+02 5.178571E-01 2.079278E+00 3.078009E-04 3.166247E-04 3.753109E-04 4.290393E-04 7.810806E-06 1.019508E-05 7.771251E-06 5.699976E-06 4.295642E-06
424 1.840893E+02 5.178571E-01 2.079278E+00 3.036133E-04 3.123170E-04 3.702048E-04 4.232023E-04 7.704541E-06 1.005637E-05 7.665524E-06 5.622429E-06 4.237200E-06
425 1.846071E+02 5.178571E-01 2.079278E+00 2.994791E-04 3.080643E-04 3.651639E-04 4.174397E-04 7.599631E-06 9.919440E-06 7.561145E-06 5.545870E-06 4.179504E-06
426 1.851250E+02 5.178571E-01 2.079278E+00 2.953977E-04 3.038660E-04 3.601874E-04 4.117508E-04 7.496062E-06 9.784256E-06 7.458101E-06 5.470290E-06 4.122545E-06
427 1.856429E+02 5.178571E-01 2.079278E+00 2.913687E-04 2.997214E-04 3.552746E-04 4.061347E-04 7.393820E-06 9.650804E-06 7.356376E-06 5.395678E-06 4.066316E-06
428 1.861607E+02 5.178571E-01 2.079278E+00 2.873913E-04 2.956300E-04 3.504249E-04 4.005907E-04 7.292889E-06 9.519064E-06 7.255956E-06 5.322024E-06 4.010808E-06
429 1.866786E+02 5.178571E-01 2.079278E+00 2.834651E-04 2.915912E-04 3.456375E-04 3.951180E-04 7.193256E-06 9.389018E-06 7.156828E-06 5.249316E-06 3.956014E-06
430 1.871964E+02 5.178571E-01 2.079278E+00 2.795894E-04 2.876044E-04 3.409118E-04 3.897158E-04 7.094907E-06 9.260647E-06 7.058977E-06 5.177545E-06 3.901925E-06
431 1.877143E+02 5.178571E-01 2.079278E+00 2.757638E-04 2.836691E-04 3.362471E-04 3.843833E-04 6.997827E-06 9.133933E-06 6.962389E-06 5.106701E-06 3.848535E-06
432 1.882321E+02 5.178571E-01 2.079278E+00 2.719876E-04 2.797847E-04 3.316427E-04 3.791197E-04 6.902003E-06 9.008858E-06 6.867049E-06 5.036772E-06 3.795835E-06
433 1.887500E+02 5.178571E-01 2.079278E+00 2.682604E-04 2.759506E-04 3.270980E-04 3.739244E-04 6.807419E-06 8.885403E-06 6.772945E-06 4.967749E-06 3.743818E-06
434 1.892679E+02 5.178571E-01 2.079278E+00 2.645815E-04 2.721663E-04 3.226122E-04 3.687964E-04 6.714063E-06 8.763550E-06 6.680062E-06 4.899623E-06 3.692476E-06
435 1.897857E+02 5.178571E-01 2.079278E+00 2.609504E-04 2.684311E-04 3.181847E-04 3.637352E-04 6.621921E-06 8.643281E-06 6.588386E-06 4.832381E-06 3.641801E-06
436 1.903036E+02 5.178571E-01 2.079278E+00 2.573667E-04 2.647446E-04 3.138149E-04 3.587398E-04 6.530979E-06 8.524578E-06 6.497905E-06 4.766016E-06 3.591787E-06
437 1.908214E+02 5.178571E-01 2.079278E+00 2.538296E-04 2.611062E-04 3.095021E-04 3.538096E-04 6.441223E-06 8.407424E-06 6.408603E-06 4.700516E-06 3.542424E-06
438 1.913393E+02 5.178571E-01 2.079278E+00 2.503388E-04 2.575153E-04 3.052457E-04 3.489438E-04 6.352639E-06 8.291800E-06 6.320468E-06 4.635872E-06 3.493707E-06
439 1.918571E+02 5.178571E-01 2.079278E+00 2.468937E-04 2.539714E-04 3.010449E-04 3.441417E-04 6.265215E-06 8.177690E-06 6.233487E-06 4.572073E-06 3.445627E-06
440 1.923750E+02 5.178571E-01 2.079278E+00 2.434937E-04 2.504740E-04 2.968992E-04 3.394025E-04 6.178937E-06 8.065075E-06 6.147646E-06 4.509111E-06 3.398177E-06
441 1.928929E+02 5.178571E-01 2.079278E+00 2.401384E-04 2.470225E-04 2.928080E-04 3.347255E-04 6.093791E-06 7.953938E-06 6.062931E-06 4.446976E-06 3.351350E-06
442 1.934107E+02 5.178571E-01 2.079278E+00 2.368271E-04 2.436163E-04 2.887705E-04 3.301101E-04 6.009765E-06 7.844263E-06 5.979330E-06 4.385657E-06 3.305139E-06
443 1.939286E+02 5.178571E-01 2.079278E+00 2.335595E-04 2.402550E-04 2.847862E-04 3.255554E-04 5.926845E-06 7.736031E-06 5.896830E-06 4.325146E-06 3.259536E-06
444 1.944464E+02 5.178571E-01 2.079278E+00 2.303350E-04 2.369380E-04 2.808544E-04 3.210607E-04 5.845019E-06 7.629227E-06 5.815418E-06 4.265433E-06 3.214535E-06
445 1.949643E+02 5.178571E-01 2.079278E+00 2.271530E-04 2.336649E-04 2.769745E-04 3.166254E-04 5.764273E-06 7.523833E-06 5.735081E-06 4.206508E-06 3.170128E-06
446 1.954821E+02 5.178571E-01 2.079278E+00 2.240131E-04 2.304350E-04 2.731460E-04 3.122488E-04 5.684595E-06 7.419833E-06 5.655807E-06 4.148362E-06 3.126308E-06
447 1.960000E+02 5.178571E-01 2.079278E+00 2.209148E-04 2.272479E-04 2.693681E-04 3.079301E-04 5.605972E-06 7.317210E-06 5.577582E-06 4.090987E-06 3.083068E-06
448 1.965179E+02 5.178571E-01 2.079278E+00 2.178576E-04 2.241030E-04 2.656404E-04 3.036687E-04 5.528391E-06 7.215948E-06 5.500394E-06 4.034372E-06 3.040402E-06
449 1.970357E+02 5.178571E-01 2.079278E+00 2.148410E-04 2.209999E-04 2.619621E-04 2.994639E-04 5.451841E-06 7.116030E-06 5.424232E-06 3.978509E-06 2.998302E-06
450 1.975536E+02 5.178571E-01 2.079278E+00 2.118645E-04 2.179380E-04 2.583328E-04 2.953149E-04 5.376308E-06 7.017441E-06 5.349082E-06 3.923389E-06 2.956762E-06
451 1.980714E+02 5.178571E-01 2.079278E+00 2.089276E-04 2.149170E-04 2.547517E-04 2.912212E-04 5.301781E-06 6.920165E-06 5.274932E-06 3.869002E-06 2.915775E-06
452 1.985893E+02 5.178571E-01 2.079278E+00 2.060298E-04 2.119361E-04 2.512184E-04 2.871821E-04 5.228247E-06 6.824184E-06 5.201770E-06 3.815341E-06 2.875334E-06
453 1.991071E+02 5.178571E-01 2.079278E+00 2.031708E-04 2.089951E-04 2.477322E-04 2.831969E-04 5.155695E-06 6.729485E-06 5.129585E-06 3.762395E-06 2.835433E-06
454 1.996250E+02 5.178571E-01 2.079278E+00 2.003499E-04 2.060934E-04 2.442927E-04 2.792649E-04 5.084112E-06 6.636051E-06 5.058365E-06 3.710157E-06 2.796066E-06
455 2.001429E+02 5.178571E-01 2.079278E+00 1.975667E-04 2.032304E-04 2.408991E-04 2.753855E-04 5.013487E-06 6.543867E-06 4.988097E-06 3.658618E-06 2.757224E-06
456 2.006607E+02 5.178571E-01 2.079278E+00 1.948209E-04 2.004059E-04 2.375510E-04 2.715581E-04 4.943807E-06 6.452918E-06 4.918771E-06 3.607769E-06 2.718903E-06
457 2.011786E+02 5.178571E-01 2.079278E+00 1.921118E-04 1.976191E-04 2.342478E-04 2.677820E-04 4.875062E-06 6.363188E-06 4.850374E-06 3.557602E-06 2.681096E-06
458 2.016964E+02 5.178571E-01 2.079278E+00 1.894392E-04 1.948698E-04 2.309889E-04 2.640566E-04 4.807239E-06 6.274663E-06 4.782895E-06 3.508108E-06 2.643796E-06
459 2.022143E+02 5.178571E-01 2.079278E+00 1.868024E-04 1.921575E-04 2.277738E-04 2.603812E-04 4.740328E-06 6.187327E-06 4.716323E-06 3.459279E-06 2.606998E-06
460 2.027321E+02 5.178571E-01 2.079278E+00 1.842011E-04 1.894816E-04 2.246020E-04 2.567553E-04 4.674318E-06 6.101166E-06 4.650646E-06 3.411108E-06 2.570694E-06
461 2.032500E+02 5.178571E-01 2.079278E+00 1.816348E-04 1.868418E-04 2.214728E-04 2.531783E-04 4.609196E-06 6.016166E-06 4.585854E-06 3.363585E-06 2.534880E-06
462 2.037679E+02 5.178571E-01 2.079278E+00 1.791032E-04 1.842376E-04 2.183859E-04 2.496494E-04 4.544952E-06 5.932311E-06 4.521935E-06 3.316702E-06 2.499548E-06
463 2.042857E+02 5.178571E-01 2.079278E+00 1.766057E-04 1.816685E-04 2.153406E-04 2.461682E-04 4.481575E-06 5.849588E-06 4.458879E-06 3.270453E-06 2.464693E-06
464 2.048036E+02 5.178571E-01 2.079278E+00 1.741419E-04 1.791341E-04 2.123365E-04 2.427340E-04 4.419054E-06 5.767983E-06 4.396675E-06 3.224828E-06 2.430309E-06
465 2.053214E+02 5.178571E-01 2.079278E+00 1.717115E-04 1.766340E-04 2.093730E-04 2.393462E-04 4.357379E-06 5.687481E-06 4.335312E-06 3.179820E-06 2.396390E-06
466 2.058393E+02 5.178571E-01 2.079278E+00 1.693139E-04 1.741677E-04 2.064496E-04 2.360043E-04 4.296538E-06 5.608069E-06 4.274780E-06 3.135421E-06 2.362930E-06
467 2.063571E+02 5.178571E-01 2.079278E+00 1.669489E-04 1.717348E-04 2.035658E-04 2.327077E-04 4.236522E-06 5.529732E-06 4.215067E-06 3.091624E-06 2.329924E-06
468 2.068750E+02 5.178571E-01 2.079278E+00 1.646159E-04 1.693349E-04 2.007211E-04 2.294558E-04 4.177320E-06 5.452458E-06 4.156165E-06 3.048421E-06 2.297365E-06
469 2.073929E+02 5.178571E-01 2.079278E+00 1.623145E-04 1.669677E-04 1.979150E-04 2.262480E-04 4.118921E-06 5.376233E-06 4.098062E-06 3.005804E-06 2.265248E-06
470 2.079107E+02 5.178571E-01 2.079278E+00 1.600445E-04 1.646325E-04 1.951471E-04 2.230838E-04 4.061315E-06 5.301043E-06 4.040748E-06 2.963766E-06 2.233567E-06
471 2.084286E+02 5.178571E-01 2.079278E+00 1.578053E-04 1.623291E-04 1.924168E-04 2.199626E-04 4.004493E-06 5.226876E-06 3.984214E-06 2.922300E-06 2.202317E-06
472 2.089464E+02 5.178571E-01 2.079278E+00 1.555966E-04 1.600571E-04 1.897236E-04 2.168839E-04 3.948445E-06 5.153718E-06 3.928449E-06 2.881398E-06 2.171492E-06
473 2.094643E+02 5.178571E-01 2.079278E+00 1.534179E-04 1.578160E-04 1.870671E-04 2.138471E-04 3.893159E-06 5.081557E-06 3.873444E-06 2.841053E-06 2.141087E-06
474 2.099821E+02 5.178571E-01 2.079278E+00 1.512690E-04 1.556055E-04 1.844469E-04 2.108518E-04 3.838628E-06 5.010379E-06 3.819188E-06 2.801258E-06 2.111097E-06
475 2.105000E+02 5.178571E-01 2.079278E+00 1.491494E-04 1.534251E-04 1.818624E-04 2.078973E-04 3.784840E-06 4.940173E-06 3.765673E-06 2.762007E-06 2.081516E-06
476 2.110179E+02 5.178571E-01 2.079278E+00 1.470587E-04 1.512745E-04 1.793132E-04 2.049831E-04 3.731787E-06 4.870925E-06 3.712888E-06 2.723291E-06 2.052339E-06
477 2.115357E+02 5.178571E-01 2.079278E+00 1.449966E-04 1.491533E-04 1.767988E-04 2.021088E-04 3.679459E-06 4.802624E-06 3.660825E-06 2.685104E-06 2.023560E-06
478 2.120536E+02 5.178571E-01 2.079278E+00 1.429627E-04 1.470611E-04 1.743188E-04 1.992738E-04 3.627846E-06 4.735257E-06 3.609474E-06 2.647440E-06 1.995176E-06
479 2.125714E+02 5.178571E-01 2.079278E+00 1.409567E-04 1.449975E-04 1.718728E-04 1.964776E-04 3.576940E-06 4.668811E-06 3.558826E-06 2.610291E-06 1.967179E-06
480 2.130893E+02 5.178571E-01 2.079278E+00 1.389781E-04 1.429622E-04 1.694602E-04 1.937197E-04 3.526732E-06 4.603276E-06 3.508872E-06 2.573651E-06 1.939566E-06
481 2.136071E+02 5.178571E-01 2.079278E+00 1.370267E-04 1.409548E-04 1.670807E-04 1.909996E-04 3.477211E-06 4.538640E-06 3.459602E-06 2.537513E-06 1.912332E-06
482 2.141250E+02 5.178571E-01 2.079278E+00 1.351020E-04 1.389750E-04 1.647339E-04 1.883168E-04 3.428370E-06 4.474890E-06 3.411008E-06 2.501871E-06 1.885471E-06
483 2.146429E+02 5.178571E-01 2.079278E+00 1.332037E-04 1.370223E-04 1.624193E-04 1.856708E-04 3.380200E-06 4.412015E-06 3.363082E-06 2.466718E-06 1.858979E-06
484 2.151607E+02 5.178571E-01 2.079278E+00 1.313315E-04 1.350964E-04 1.601365E-04 1.830612E-04 3.332691E-06 4.350004E-06 3.315813E-06 2.432048E-06 1.832851E-06
485 2.156786E+02 5.178571E-01 2.079278E+00 1.294851E-04 1.331971E-04 1.578851E-04 1.804874E-04 3.285835E-06 4.288845E-06 3.269195E-06 2.397855E-06 1.807082E-06
486 2.161964E+02 5.178571E-01 2.079278E+00 1.276640E-04 1.313238E-04 1.556646E-04 1.779491E-04 3.239624E-06 4.228528E-06 3.223217E-06 2.364132E-06 1.781668E-06
487 2.167143E+02 5.178571E-01 2.079278E+00 1.258680E-04 1.294763E-04 1.534747E-04 1.754457E-04 3.194048E-06 4.169041E-06 3.177873E-06 2.330873E-06 1.756603E-06
488 2.172321E+02 5.178571E-01 2.079278E+00 1.240968E-04 1.276543E-04 1.513150E-04 1.729768E-04 3.149101E-06 4.110373E-06 3.133153E-06 2.298073E-06 1.731884E-06
489 2.177500E+02 5.178571E-01 2.079278E+00 1.223500E-04 1.258574E-04 1.491850E-04 1.705419E-04 3.104773E-06 4.052514E-06 3.089050E-06 2.265724E-06 1.707506E-06
490 2.182679E+02 5.178571E-01 2.079278E+00 1.206272E-04 1.240853E-04 1.470844E-04 1.681406E-04 3.061057E-06 3.995453E-06 3.045555E-06 2.233822E-06 1.683463E-06
491 2.187857E+02 5.178571E-01 2.079278E+00 1.189283E-04 1.223376E-04 1.450128E-04 1.657725E-04 3.017944E-06 3.939179E-06 3.002660E-06 2.202360E-06 1.659753E-06
492 2.193036E+02 5.178571E-01 2.079278E+00 1.172528E-04 1.206141E-04 1.429698E-04 1.634370E-04 2.975426E-06 3.883683E-06 2.960358E-06 2.171332E-06 1.636369E-06
493 2.198214E+02 5.178571E-01 2.079278E+00 1.156004E-04 1.189144E-04 1.409551E-04 1.611338E-04 2.933496E-06 3.828953E-06 2.918640E-06 2.140734E-06 1.613309E-06
494 2.203393E+02 5.178571E-01 2.079278E+00 1.139709E-04 1.172381E-04 1.389682E-04 1.588625E-04 2.892145E-06 3.774980E-06 2.877499E-06 2.110558E-06 1.590568E-06
495 2.208571E+02 5.178571E-01 2.079278E+00 1.123640E-04 1.155851E-04 1.370088E-04 1.566226E-04 2.851366E-06 3.721754E-06 2.836927E-06 2.080799E-06 1.568142E-06
496 2.213750E+02 5.178571E-01 2.079278E+00 1.107792E-04 1.139550E-04 1.350765E-04 1.544136E-04 2.811152E-06 3.669264E-06 2.796916E-06 2.051453E-06 1.546025E-06
497 2.218929E+02 5.178571E-01 2.079278E+00 1.092165E-04 1.123474E-04 1.331709E-04 1.522353E-04 2.771495E-06 3.617502E-06 2.757460E-06 2.022513E-06 1.524215E-06
498 2.224107E+02 5.178571E-01 2.079278E+00 1.076754E-04 1.107621E-04 1.312918E-04 1.500872E-04 2.732388E-06 3.566456E-06 2.718550E-06 1.993974E-06 1.502708E-06
499 2.229286E+02 5.178571E-01 2.079278E+00 1.061556E-04 1.091988E-04 1.294387E-04 1.479688E-04 2.693822E-06 3.516119E-06 2.680180E-06 1.965831E-06 1.481498E-06
500 2.234464E+02 5.178571E-01 2.079278E+00 1.046569E-04 1.076572E-04 1.276114E-04 1.458798E-04 2.655792E-06 3.466480E-06 2.642342E-06 1.938078E-06 1.460583E-06
501 2.239643E+02 5.178571E-01 2.079278E+00 1.031791E-04 1.061369E-04 1.258094E-04 1.438199E-04 2.618289E-06 3.417529E-06 2.605030E-06 1.910710E-06 1.439958E-06
502 2.244821E+02 5.178571E-01 2.079278E+00 1.017217E-04 1.046378E-04 1.240324E-04 1.417885E-04 2.581307E-06 3.369259E-06 2.568235E-06 1.883723E-06 1.419620E-06
503 2.250000E+02 5.178571E-01 2.079278E+00 1.002846E-04 1.031595E-04 1.222801E-04 1.397854E-04 2.544840E-06 3.321659E-06 2.531952E-06 1.857110E-06 1.399564E-06
504 2.255179E+02 5.178571E-01 2.079278E+00 9.886752E-05 1.017018E-04 1.205522E-04 1.378101E-04 2.508879E-06 3.274721E-06 2.496173E-06 1.830867E-06 1.379786E-06
505 2.260357E+02 5.178571E-01 2.079278E+00 9.747011E-05 1.002643E-04 1.188482E-04 1.358622E-04 2.473418E-06 3.228435E-06 2.460892E-06 1.804989E-06 1.360284E-06
506 2.265536E+02 5.178571E-01 2.079278E+00 9.609214E-05 9.884683E-05 1.171681E-04 1.339415E-04 2.438450E-06 3.182794E-06 2.426101E-06 1.779472E-06 1.341054E-06
507 2.270714E+02 5.178571E-01 2.079278E+00 9.473336E-05 9.744910E-05 1.155112E-04 1.320475E-04 2.403969E-06 3.137788E-06 2.391795E-06 1.754309E-06 1.322090E-06
508 2.275893E+02 5.178571E-01 2.079278E+00 9.339350E-05 9.607083E-05 1.138775E-04 1.301799E-04 2.369969E-06 3.093409E-06 2.357967E-06 1.729497E-06 1.303392E-06
509 2.281071E+02 5.178571E-01 2.079278E+00 9.207231E-05 9.471176E-05 1.122665E-04 1.283383E-04 2.336442E-06 3.049648E-06 2.324610E-06 1.705031E-06 1.284953E-06
510 2.286250E+02 5.178571E-01 2.079278E+00 9.076954E-05 9.337165E-05 1.106780E-04 1.265224E-04 2.303383E-06 3.006497E-06 2.291718E-06 1.680906E-06 1.266772E-06
511 2.291429E+02 5.178571E-01 2.079278E+00 8.948493E-05 9.205022E-05 1.091117E-04 1.247318E-04 2.270785E-06 2.963948E-06 2.259285E-06 1.657117E-06 1.248844E-06
512 2.296607E+02 5.178571E-01 2.079278E+00 8.821825E-05 9.074722E-05 1.075672E-04 1.229662E-04 2.238641E-06 2.921992E-06 2.227304E-06 1.633660E-06 1.231166E-06
513 2.301786E+02 5.178571E-01 2.079278E+00 8.696925E-05 8.946242E-05 1.060442E-04 1.212252E-04 2.206946E-06 2.880623E-06 2.195770E-06 1.610530E-06 1.213735E-06
514 2.306964E+02 5.178571E-01 2.079278E+00 8.573770E-05 8.819556E-05 1.045426E-04 1.195086E-04 2.175694E-06 2.839831E-06 2.164676E-06 1.587724E-06 1.196548E-06
515 2.312143E+02 5.178571E-01 2.079278E+00 8.452334E-05 8.694639E-05 1.030619E-04 1.178159E-04 2.144878E-06 2.799608E-06 2.134016E-06 1.565236E-06 1.179600E-06
516 2.317321E+02 5.178571E-01 2.079278E+00 8.332596E-05 8.571468E-05 1.016019E-04 1.161469E-04 2.114493E-06 2.759948E-06 2.103785E-06 1.543063E-06 1.162890E-06
517 2.322500E+02 5.178571E-01 2.079278E+00 8.214532E-05 8.450020E-05 1.001623E-04 1.145012E-04 2.084533E-06 2.720843E-06 2.073977E-06 1.521199E-06 1.146413E-06
518 2.327679E+02 5.178571E-01 2.079278E+00 8.098119E-05 8.330270E-05 9.874282E-05 1.128786E-04 2.054992E-06 2.682284E-06 2.044585E-06 1.499641E-06 1.130166E-06
519 2.332857E+02 5.178571E-01 2.079278E+00 7.983336E-05 8.212196E-05 9.734322E-05 1.112786E-04 2.025865E-06 2.644265E-06 2.015605E-06 1.478385E-06 1.114147E-06
520 2.338036E+02 5.178571E-01 2.079278E+00 7.870159E-05 8.095774E-05 9.596322E-05 1.097010E-04 1.997145E-06 2.606778E-06 1.987031E-06 1.457427E-06 1.098352E-06
521 2.343214E+02 5.178571E-01 2.079278E+00 7.758566E-05 7.980983E-05 9.460254E-05 1.081456E-04 1.968827E-06 2.569816E-06 1.958856E-06 1.436761E-06 1.082779E-06
522 2.348393E+02 5.178571E-01 2.079278E+00 7.648537E-05 7.867799E-05 9.326093E-05 1.066119E-04 1.940906E-06 2.533372E-06 1.931076E-06 1.416386E-06 1.067423E-06
523 2.353571E+02 5.178571E-01 2.079278E+00 7.540050E-05 7.756202E-05 9.193811E-05 1.050997E-04 1.913376E-06 2.497439E-06 1.903686E-06 1.396296E-06 1.052283E-06
524 2.358750E+02 5.178571E-01 2.079278E+00 7.433084E-05 7.646169E-05 9.063384E-05 1.036087E-04 1.886232E-06 2.462009E-06 1.876679E-06 1.376487E-06 1.037355E-06
525 2.363929E+02 5.178571E-01 2.079278E+00 7.327617E-05 7.537680E-05 8.934785E-05 1.021386E-04 1.859468E-06 2.427076E-06 1.850052E-06 1.356957E-06 1.022636E-06
526 2.369107E+02 5.178571E-01 2.079278E+00 7.223631E-05 7.430712E-05 8.807991E-05 1.006892E-04 1.833081E-06 2.392633E-06 1.823797E-06 1.337700E-06 1.008124E-06
527 2.374286E+02 5.178571E-01 2.079278E+00 7.121103E-05 7.325245E-05 8.682976E-05 9.926006E-05 1.807063E-06 2.358674E-06 1.797912E-06 1.318714E-06 9.938149E-07
528 2.379464E+02 5.178571E-01 2.079278E+00 7.020015E-05 7.221259E-05 8.559716E-05 9.785101E-05 1.781411E-06 2.325191E-06 1.772389E-06 1.299994E-06 9.797071E-07
529 2.384643E+02 5.178571E-01 2.079278E+00 6.920346E-05 7.118733E-05 8.438187E-05 9.646174E-05 1.756118E-06 2.292179E-06 1.747225E-06 1.281537E-06 9.657974E-07
530 2.389821E+02 5.178571E-01 2.079278E+00 6.822077E-05 7.017647E-05 8.318365E-05 9.509198E-05 1.731182E-06 2.259630E-06 1.722415E-06 1.263339E-06 9.520831E-07
531 2.395000E+02 5.178571E-01 2.079278E+00 6.725189E-05 6.917982E-05 8.200227E-05 9.374147E-05 1.706595E-06 2.227538E-06 1.697953E-06 1.245397E-06 9.385615E-07
532 2.400179E+02 5.178571E-01 2.079278E+00 6.629663E-05 6.819717E-05 8.083749E-05 9.240995E-05 1.682354E-06 2.195898E-06 1.673835E-06 1.227707E-06 9.252300E-07
533 2.405357E+02 5.178571E-01 2.079278E+00 6.535480E-05 6.722834E-05 7.968908E-05 9.109715E-05 1.658454E-06 2.164702E-06 1.650056E-06 1.210266E-06 9.120859E-07
534 2.410536E+02 5.178571E-01 2.079278E+00 6.442622E-05 6.627314E-05 7.855683E-05 8.980281E-05 1.634890E-06 2.133945E-06 1.626611E-06 1.193070E-06 8.991267E-07
535 2.415714E+02 5.178571E-01 2.079278E+00 6.351070E-05 6.533137E-05 7.744051E-05 8.852668E-05 1.611658E-06 2.103621E-06 1.603496E-06 1.176116E-06 8.863498E-07
536 2.420893E+02 5.178571E-01 2.079278E+00 6.260806E-05 6.440286E-05 7.633990E-05 8.726850E-05 1.588753E-06 2.073724E-06 1.580707E-06 1.159400E-06 8.737527E-07
537 2.426071E+02 5.178571E-01 2.079278E+00 6.171813E-05 6.348742E-05 7.525479E-05 8.602804E-05 1.566170E-06 2.044247E-06 1.558238E-06 1.142920E-06 8.613329E-07
538 2.431250E+02 5.178571E-01 2.079278E+00 6.084073E-05 6.258487E-05 7.418495E-05 8.480505E-05 1.543905E-06 2.015186E-06 1.536086E-06 1.126672E-06 8.490880E-07
539 2.436429E+02 5.178571E-01 2.079278E+00 5.997569E-05 6.169503E-05 7.313018E-05 8.359928E-05 1.521953E-06 1.986534E-06 1.514246E-06 1.110653E-06 8.370156E-07
540 2.441607E+02 5.178571E-01 2.079278E+00 5.912284E-05 6.081773E-05 7.209027E-05 8.241050E-05 1.500311E-06 1.958285E-06 1.492713E-06 1.094860E-06 8.251132E-07
541 2.446786E+02 5.178571E-01 2.079278E+00 5.828201E-05 5.995279E-05 7.106501E-05 8.123848E-05 1.478974E-06 1.930435E-06 1.471484E-06 1.079289E-06 8.133786E-07
542 2.451964E+02 5.178571E-01 2.079278E+00 5.745303E-05 5.910004E-05 7.005421E-05 8.008297E-05 1.457938E-06 1.902977E-06 1.450554E-06 1.063937E-06 8.018094E-07
543 2.457143E+02 5.178571E-01 2.079278E+00 5.663573E-05 5.825932E-05 6.905766E-05 7.894376E-05 1.437198E-06 1.875906E-06 1.429920E-06 1.048803E-06 7.904034E-07
544 2.462321E+02 5.178571E-01 2.079278E+00 5.582997E-05 5.743046E-05 6.807517E-05 7.782062E-05 1.416751E-06 1.849218E-06 1.409576E-06 1.033881E-06 7.791582E-07
545 2.467500E+02 5.178571E-01 2.079278E+00 5.503557E-05 5.661329E-05 6.710654E-05 7.671331E-05 1.396592E-06 1.822905E-06 1.389519E-06 1.019170E-06 7.680716E-07
546 2.472679E+02 5.178571E-01 2.079278E+00 5.425238E-05 5.580765E-05 6.615157E-05 7.562164E-05 1.376717E-06 1.796964E-06 1.369745E-06 1.004667E-06 7.571415E-07
547 2.477857E+02 5.178571E-01 2.079278E+00 5.348025E-05 5.501338E-05 6.521008E-05 7.454537E-05 1.357124E-06 1.771389E-06 1.350251E-06 9.903680E-07 7.463657E-07
548 2.483036E+02 5.178571E-01 2.079278E+00 5.271902E-05 5.423032E-05 6.428189E-05 7.348430E-05 1.337806E-06 1.746176E-06 1.331032E-06 9.762712E-07 7.357420E-07
549 2.488214E+02 5.178571E-01 2.079278E+00 5.196853E-05 5.345832E-05 6.336680E-05 7.243821E-05 1.318762E-06 1.721318E-06 1.312084E-06 9.623735E-07 7.252683E-07
550 2.493393E+02 5.178571E-01 2.079278E+00 5.122865E-05 5.269723E-05 6.246464E-05 7.140690E-05 1.299987E-06 1.696811E-06 1.293403E-06 9.486720E-07 7.149426E-07
551 2.498571E+02 5.178571E-01 2.079278E+00 5.049922E-05 5.194689E-05 6.157522E-05 7.039016E-05 1.281477E-06 1.672651E-06 1.274987E-06 9.351642E-07 7.047627E-07
552 2.503750E+02 5.178571E-01 2.079278E+00 4.978010E-05 5.120715E-05 6.069838E-05 6.938778E-05 1.263228E-06 1.648832E-06 1.256831E-06 9.218472E-07 6.947267E-07
553 2.508929E+02 5.178571E-01 2.079278E+00 4.907114E-05 5.047787E-05 5.983392E-05 6.839957E-05 1.245237E-06 1.625350E-06 1.238931E-06 9.087184E-07 6.848325E-07
554 2.514107E+02 5.178571E-01 2.079278E+00 4.837220E-05 4.975890E-05 5.898169E-05 6.742534E-05 1.227501E-06 1.602199E-06 1.221285E-06 8.957753E-07 6.750782E-07
555 2.519286E+02 5.178571E-01 2.079278E+00 4.768315E-05 4.905009E-05 5.814151E-05 6.646488E-05 1.210016E-06 1.579376E-06 1.203888E-06 8.830151E-07 6.654619E-07
556 2.524464E+02 5.178571E-01 2.079278E+00 4.700384E-05 4.835131E-05 5.731321E-05 6.551800E-05 1.192777E-06 1.556876E-06 1.186737E-06 8.704355E-07 6.559816E-07
557 2.529643E+02 5.178571E-01 2.079278E+00 4.633415E-05 4.766242E-05 5.649663E-05 6.458452E-05 1.175783E-06 1.534694E-06 1.169829E-06 8.580338E-07 6.466353E-07
558 2.534821E+02 5.178571E-01 2.079278E+00 4.567393E-05 4.698327E-05 5.569160E-05 6.366425E-05 1.159029E-06 1.512826E-06 1.153160E-06 8.458075E-07 6.374213E-07
559 2.540000E+02 5.178571E-01 2.079278E+00 4.502305E-05 4.631374E-05 5.489797E-05 6.275700E-05 1.142512E-06 1.491268E-06 1.136727E-06 8.337544E-07 6.283378E-07
560 2.545179E+02 5.178571E-01 2.079278E+00 4.438139E-05 4.565368E-05 5.411557E-05 6.186260E-05 1.126229E-06 1.470014E-06 1.120526E-06 8.218718E-07 6.193828E-07
561 2.550357E+02 5.178571E-01 2.079278E+00 4.374881E-05 4.500296E-05 5.334424E-05 6.098085E-05 1.110177E-06 1.449062E-06 1.104555E-06 8.101574E-07 6.105546E-07
562 2.555536E+02 5.178571E-01 2.079278E+00 4.312519E-05 4.436147E-05 5.258385E-05 6.011160E-05 1.094352E-06 1.428406E-06 1.088810E-06 7.986090E-07 6.018514E-07
563 2.560714E+02 5.178571E-01 2.079278E+00 4.251040E-05 4.372905E-05 5.183422E-05 5.925465E-05 1.078751E-06 1.408043E-06 1.073288E-06 7.872241E-07 5.932714E-07
564 2.565893E+02 5.178571E-01 2.079278E+00 4.190432E-05 4.310560E-05 5.109520E-05 5.840985E-05 1.063371E-06 1.387968E-06 1.057986E-06 7.760005E-07 5.848130E-07
565 2.571071E+02 5.178571E-01 2.079278E+00 4.130683E-05 4.249098E-05 5.036667E-05 5.757701E-05 1.048209E-06 1.368178E-06 1.042901E-06 7.649359E-07 5.764745E-07
566 2.576250E+02 5.178571E-01 2.079278E+00 4.071781E-05 4.188507E-05 4.964845E-05 5.675598E-05 1.033262E-06 1.348668E-06 1.028029E-06 7.540281E-07 5.682541E-07
567 2.581429E+02 5.178571E-01 2.079278E+00 4.013713E-05 4.128775E-05 4.894042E-05 5.594659E-05 1.018526E-06 1.329435E-06 1.013368E-06 7.432750E-07 5.601503E-07
568 2.586607E+02 5.178571E-01 2.079278E+00 3.956469E-05 4.069890E-05 4.824242E-05 5.514866E-05 1.004000E-06 1.310474E-06 9.989156E-07 7.326742E-07 5.521613E-07
569 2.591786E+02 5.178571E-01 2.079278E+00 3.900036E-05 4.011839E-05 4.755432E-05 5.436206E-05 9.896796E-07 1.291782E-06 9.846677E-07 7.222238E-07 5.442856E-07
570 2.596964E+02 5.178571E-01 2.079278E+00 3.844404E-05 3.954612E-05 4.687598E-05 5.358661E-05 9.755623E-07 1.273355E-06 9.706218E-07 7.119216E-07 5.365216E-07
571 2.602143E+02 5.178571E-01 2.079278E+00 3.789560E-05 3.898197E-05 4.620726E-05 5.282215E-05 9.616451E-07 1.255190E-06 9.567752E-07 7.017655E-07 5.288677E-07
572 2.607321E+02 5.178571E-01 2.079278E+00 3.735495E-05 3.842581E-05 4.554802E-05 5.206855E-05 9.479255E-07 1.237282E-06 9.431250E-07 6.917535E-07 5.213224E-07
573 2.612500E+02 5.178571E-01 2.079278E+00 3.682197E-05 3.787755E-05 4.489814E-05 5.132563E-05 9.344004E-07 1.219629E-06 9.296684E-07 6.818836E-07 5.138842E-07
574 2.617679E+02 5.178571E-01 2.079278E+00 3.629655E-05 3.733707E-05 4.425748E-05 5.059326E-05 9.210674E-07 1.202226E-06 9.164029E-07 6.721537E-07 5.065515E-07
575 2.622857E+02 5.178571E-01 2.079278E+00 3.577859E-05 3.680426E-05 4.362592E-05 4.987128E-05 9.079235E-07 1.185070E-06 9.033256E-07 6.625619E-07 4.993229E-07
576 2.628036E+02 5.178571E-01 2.079278E+00 3.526798E-05 3.627902E-05 4.300332E-05 4.915955E-05 8.949662E-07 1.168157E-06 8.904339E-07 6.531063E-07 4.921969E-07
577 2.633214E+02 5.178571E-01 2.079278E+00 3.476463E-05 3.576123E-05 4.238956E-05 4.845793E-05 8.821929E-07 1.151485E-06 8.777253E-07 6.437849E-07 4.851721E-07
578 2.638393E+02 5.178571E-01 2.079278E+00 3.426842E-05 3.525080E-05 4.178452E-05 4.776627E-05 8.696010E-07 1.135049E-06 8.651972E-07 6.345958E-07 4.782470E-07
579 2.643571E+02 5.178571E-01 2.079278E+00 3.377925E-05 3.474761E-05 4.118806E-05 4.708443E-05 8.571879E-07 1.118847E-06 8.528469E-07 6.255373E-07 4.714203E-07
580 2.648750E+02 5.178571E-01 2.079278E+00 3.329704E-05 3.425157E-05 4.060008E-05 4.641228E-05 8.449511E-07 1.102875E-06 8.406721E-07 6.166075E-07 4.646905E-07
581 2.653929E+02 5.178571E-01 2.079278E+00 3.282167E-05 3.376258E-05 4.002046E-05 4.574967E-05 8.328882E-07 1.087130E-06 8.286703E-07 6.078045E-07 4.580564E-07
582 2.659107E+02 5.178571E-01 2.079278E+00 3.235306E-05 3.328053E-05 3.944907E-05 4.509648E-05 8.209967E-07 1.071608E-06 8.168390E-07 5.991266E-07 4.515165E-07
583 2.664286E+02 5.178571E-01 2.079278E+00 3.189111E-05 3.280534E-05 3.888579E-05 4.445257E-05 8.092741E-07 1.056307E-06 8.051758E-07 5.905720E-07 4.450695E-07
584 2.669464E+02 5.178571E-01 2.079278E+00 3.143572E-05 3.233690E-05 3.833053E-05 4.381782E-05 7.977181E-07 1.041224E-06 7.936783E-07 5.821389E-07 4.387142E-07
585 2.674643E+02 5.178571E-01 2.079278E+00 3.098681E-05 3.187511E-05 3.778315E-05 4.319208E-05 7.863264E-07 1.026355E-06 7.823443E-07 5.738258E-07 4.324492E-07
586 2.679821E+02 5.178571E-01 2.079278E+00 3.054428E-05 3.141990E-05 3.724356E-05 4.257524E-05 7.750967E-07 1.011697E-06 7.711714E-07 5.656308E-07 4.262733E-07
587 2.685000E+02 5.178571E-01 2.079278E+00 3.010804E-05 3.097115E-05 3.671164E-05 4.196717E-05 7.640266E-07 9.972478E-07 7.601574E-07 5.575523E-07 4.201851E-07
588 2.690179E+02 5.178571E-01 2.079278E+00 2.967800E-05 3.052879E-05 3.618728E-05 4.136775E-05 7.531139E-07 9.830040E-07 7.492999E-07 5.495887E-07 4.141836E-07
589 2.695357E+02 5.178571E-01 2.079278E+00 2.925408E-05 3.009271E-05 3.567038E-05 4.077685E-05 7.423564E-07 9.689627E-07 7.385969E-07 5.417384E-07 4.082674E-07
590 2.700536E+02 5.178571E-01 2.079278E+00 2.883619E-05 2.966284E-05 3.516084E-05 4.019436E-05 7.317519E-07 9.551212E-07 7.280462E-07 5.339997E-07 4.024353E-07
591 2.705714E+02 5.178571E-01 2.079278E+00 2.842424E-05 2.923908E-05 3.465854E-05 3.962015E-05 7.212983E-07 9.414766E-07 7.176455E-07 5.263711E-07 3.966862E-07
592 2.710893E+02 5.178571E-01 2.079278E+00 2.801816E-05 2.882136E-05 3.416338E-05 3.905412E-05 7.109934E-07 9.280261E-07 7.073927E-07 5.188511E-07 3.910189E-07
593 2.716071E+02 5.178571E-01 2.079278E+00 2.761785E-05 2.840957E-05 3.367528E-05 3.849613E-05 7.008351E-07 9.147669E-07 6.972859E-07 5.114380E-07 3.854323E-07
594 2.721250E+02 5.178571E-01 2.079278E+00 2.722324E-05 2.800365E-05 3.319411E-05 3.794609E-05 6.908213E-07 9.016965E-07 6.873229E-07 5.041305E-07 3.799251E-07
595 2.726429E+02 5.178571E-01 2.079278E+00 2.683424E-05 2.760350E-05 3.271980E-05 3.740387E-05 6.809501E-07 8.888121E-07 6.775017E-07 4.969269E-07 3.744963E-07
596 2.731607E+02 5.178571E-01 2.079278E+00 2.645078E-05 2.720905E-05 3.225224E-05 3.686938E-05 6.712194E-07 8.761110E-07 6.678202E-07 4.898259E-07 3.691448E-07
597 2.736786E+02 5.178571E-01 2.079278E+00 2.607278E-05 2.682022E-05 3.179133E-05 3.634249E-05 6.616272E-07 8.635908E-07 6.582766E-07 4.828259E-07 3.638695E-07
598 2.741964E+02 5.178571E-01 2.079278E+00 2.570016E-05 2.643692E-05 3.133699E-05 3.582310E-05 6.521716E-07 8.512488E-07 6.488689E-07 4.759256E-07 3.586692E-07
599 2.747143E+02 5.178571E-01 2.079278E+00 2.533285E-05 2.605907E-05 3.088911E-05 3.531111E-05 6.428506E-07 8.390826E-07 6.395951E-07 4.691236E-07 3.535431E-07
600 2.752321E+02 5.178571E-01 2.079278E+00 2.497077E-05 2.568661E-05 3.044761E-05 3.480641E-05 6.336624E-07 8.270896E-07 6.304534E-07 4.624184E-07 3.484899E-07
601 2.757500E+02 5.178571E-01 2.079278E+00 2.461384E-05 2.531945E-05 3.001240E-05 3.430889E-05 6.246050E-07 8.152673E-07 6.214418E-07 4.558087E-07 3.435086E-07
602 2.762679E+02 5.178571E-01 2.079278E+00 2.426200E-05 2.495752E-05 2.958339E-05 3.381846E-05 6.156766E-07 8.036135E-07 6.125586E-07 4.492932E-07 3.385984E-07
603 2.767857E+02 5.178571E-01 2.079278E+00 2.391517E-05 2.460075E-05 2.916049E-05 3.333502E-05 6.068753E-07 7.921257E-07 6.038020E-07 4.428704E-07 3.337580E-07
604 2.773036E+02 5.178571E-01 2.079278E+00 2.357328E-05 2.424906E-05 2.874361E-05 3.285847E-05 5.981995E-07 7.808016E-07 5.951701E-07 4.365392E-07 3.289867E-07
605 2.778214E+02 5.178571E-01 2.079278E+00 2.323626E-05 2.390238E-05 2.833268E-05 3.238870E-05 5.896473E-07 7.696387E-07 5.866612E-07 4.302981E-07 3.242833E-07
606 2.783393E+02 5.178571E-01 2.079278E+00 2.290405E-05 2.356064E-05 2.792760E-05 3.192563E-05 5.812169E-07 7.586350E-07 5.782735E-07 4.241460E-07 3.196469E-07
607 2.788571E+02 5.178571E-01 2.079278E+00 2.257656E-05 2.322377E-05 2.752829E-05 3.146916E-05 5.729067E-07 7.477880E-07 5.700053E-07 4.180816E-07 3.150766E-07
608 2.793750E+02 5.178571E-01 2.079278E+00 2.225375E-05 2.289170E-05 2.713467E-05 3.101919E-05 5.647149E-07 7.370956E-07 5.618550E-07 4.121036E-07 3.105714E-07
609 2.798929E+02 5.178571E-01 2.079278E+00 2.193554E-05 2.256437E-05 2.674666E-05 3.057564E-05 5.566398E-07 7.265557E-07 5.538209E-07 4.062108E-07 3.061304E-07
610 2.804107E+02 5.178571E-01 2.079278E+00 2.162186E-05 2.224170E-05 2.636419E-05 3.013841E-05 5.486799E-07 7.161659E-07 5.459012E-07 4.004020E-07 3.017528E-07
