0 -3.548214E+01 5.178571E-01 0.000000E+00 0.000000E+00 0.000000E+00 0.000000E+00 0.000000E+00 0.000000E+00 0.000000E+00 0.000000E+00 0.000000E+00 0.000000E+00
1 -3.496429E+01 5.178571E-01 9.233017E-01 0.000000E+00 0.000000E+00 0.000000E+00 0.000000E+00 0.000000E+00 0.000000E+00 0.000000E+00 0.000000E+00 0.000000E+00
2 -3.444643E+01 5.178571E-01 2.350061E+00 0.000000E+00 0.000000E+00 0.000000E+00 0.000000E+00 0.000000E+00 0.000000E+00 0.000000E+00 0.000000E+00 0.000000E+00
3 -3.392857E+01 5.178571E-01 3.014563E+00 0.000000E+00 0.000000E+00 0.000000E+00 0.000000E+00 0.000000E+00 0.000000E+00 0.000000E+00 0.000000E+00 0.000000E+00
4 -3.341071E+01 5.178571E-01 4.446050E+00 0.000000E+00 0.000000E+00 0.000000E+00 0.000000E+00 0.000000E+00 0.000000E+00 0.000000E+00 0.000000E+00 0.000000E+00
5 -3.289286E+01 5.178571E-01 1.137218E+01 0.000000E+00 0.000000E+00 0.000000E+00 0.000000E+00 0.000000E+00 0.000000E+00 0.000000E+00 0.000000E+00 0.000000E+00
6 -3.237500E+01 5.178571E-01 1.711798E+01 0.000000E+00 0.000000E+00 0.000000E+00 0.000000E+00 0.000000E+00 0.000000E+00 0.000000E+00 0.000000E+00 0.000000E+00
7 -3.185714E+01 5.178571E-01 1.768037E+01 0.000000E+00 0.000000E+00 0.000000E+00 0.000000E+00 0.000000E+00 0.000000E+00 0.000000E+00 0.000000E+00 0.000000E+00
8 -3.133929E+01 5.178571E-01 1.381083E+01 0.000000E+00 0.000000E+00 0.000000E+00 0.000000E+00 0.000000E+00 0.000000E+00 0.000000E+00 0.000000E+00 0.000000E+00
9 -3.082143E+01 5.178571E-01 7.707340E+00 0.000000E+00 0.000000E+00 0.000000E+00 0.000000E+00 0.000000E+00 0.000000E+00 0.000000E+00 0.000000E+00 0.000000E+00
10 -3.030357E+01 5.178571E-01 5.462810E+00 0.000000E+00 0.000000E+00 0.000000E+00 0.000000E+00 0.000000E+00 0.000000E+00 0.000000E+00 0.000000E+00 0.000000E+00
11 -2.978571E+01 5.178571E-01 5.901385E+00 0.000000E+00 0.000000E+00 0.000000E+00 0.000000E+00 0.000000E+00 0.000000E+00 0.000000E+00 0.000000E+00 0.000000E+00
12 -2.926786E+01 5.178571E-01 6.191562E+00 0.000000E+00 0.000000E+00 0.000000E+00 0.000000E+00 0.000000E+00 0.000000E+00 0.000000E+00 0.000000E+00 0.000000E+00
13 -2.875000E+01 5.178571E-01 6.357139E+00 0.000000E+00 0.000000E+00 0.000000E+00 0.000000E+00 0.000000E+00 0.000000E+00 0.000000E+00 0.000000E+00 0.000000E+00
14 -2.823214E+01 5.178571E-01 5.472308E+00 0.000000E+00 0.000000E+00 0.000000E+00 0.000000E+00 0.000000E+00 0.000000E+00 0.000000E+00 0.000000E+00 0.000000E+00
15 -2.771429E+01 5.178571E-01 4.052109E+00 0.000000E+00 0.000000E+00 0.000000E+00 0.000000E+00 0.000000E+00 0.000000E+00 0.000000E+00 0.000000E+00 0.000000E+00
16 -2.719643E+01 5.178571E-01 3.934342E+00 0.000000E+00 0.000000E+00 0.000000E+00 0.000000E+00 0.000000E+00 0.000000E+00 0.000000E+00 0.000000E+00 0.000000E+00
17 -2.667857E+01 5.178571E-01 4.421834E+00 0.000000E+00 0.000000E+00 0.000000E+00 0.000000E+00 0.000000E+00 0.000000E+00 0.000000E+00 0.000000E+00 0.000000E+00
18 -2.616071E+01 5.178571E-01 5.351276E+00 0.000000E+00 0.000000E+00 0.000000E+00 0.000000E+00 0.000000E+00 0.000000E+00 0.000000E+00 0.000000E+00 0.000000E+00
19 -2.564286E+01 5.178571E-01 6.211053E+00 0.000000E+00 0.000000E+00 0.000000E+00 0.000000E+00 0.000000E+00 0.000000E+00 0.000000E+00 0.000000E+00 0.000000E+00
20 -2.512500E+01 5.178571E-01 5.659375E+00 0.000000E+00 0.000000E+00 0.000000E+00 0.000000E+00 0.000000E+00 0.000000E+00 0.000000E+00 0.000000E+00 0.000000E+00
21 -2.460714E+01 5.178571E-01 4.718651E+00 0.000000E+00 0.000000E+00 0.000000E+00 0.000000E+00 0.000000E+00 0.000000E+00 0.000000E+00 0.000000E+00 0.000000E+00
22 -2.408929E+01 5.178571E-01 3.404798E+00 0.000000E+00 0.000000E+00 0.000000E+00 0.000000E+00 0.000000E+00 0.000000E+00 0.000000E+00 0.000000E+00 0.000000E+00
23 -2.357143E+01 5.178571E-01 2.299712E+00 0.000000E+00 0.000000E+00 0.000000E+00 0.000000E+00 0.000000E+00 0.000000E+00 0.000000E+00 0.000000E+00 0.000000E+00
24 -2.305357E+01 5.178571E-01 2.250132E+00 0.000000E+00 0.000000E+00 0.000000E+00 0.000000E+00 0.000000E+00 0.000000E+00 0.000000E+00 0.000000E+00 0.000000E+00
25 -2.253571E+01 5.178571E-01 2.355800E+00 0.000000E+00 0.000000E+00 0.000000E+00 0.000000E+00 0.000000E+00 0.000000E+00 0.000000E+00 0.000000E+00 0.000000E+00
26 -2.201786E+01 5.178571E-01 2.740878E+00 0.000000E+00 0.000000E+00 0.000000E+00 0.000000E+00 0.000000E+00 0.000000E+00 0.000000E+00 0.000000E+00 0.000000E+00
27 -2.150000E+01 5.178571E-01 3.061839E+00 0.000000E+00 0.000000E+00 0.000000E+00 0.000000E+00 0.000000E+00 0.000000E+00 0.000000E+00 0.000000E+00 0.000000E+00
28 -2.098214E+01 5.178571E-01 3.194030E+00 0.000000E+00 0.000000E+00 0.000000E+00 0.000000E+00 0.000000E+00 0.000000E+00 0.000000E+00 0.000000E+00 0.000000E+00
29 -2.046429E+01 5.178571E-01 3.252157E+00 0.000000E+00 0.000000E+00 0.000000E+00 0.000000E+00 0.000000E+00 0.000000E+00 0.000000E+00 0.000000E+00 0.000000E+00
30 -1.994643E+01 5.178571E-01 3.366430E+00 0.000000E+00 0.000000E+00 0.000000E+00 0.000000E+00 0.000000E+00 0.000000E+00 0.000000E+00 0.000000E+00 0.000000E+00
31 -1.942857E+01 5.178571E-01 3.398992E+00 0.000000E+00 0.000000E+00 0.000000E+00 0.000000E+00 0.000000E+00 0.000000E+00 0.000000E+00 0.000000E+00 0.000000E+00
32 -1.891071E+01 5.178571E-01 3.354808E+00 0.000000E+00 0.000000E+00 0.000000E+00 0.000000E+00 0.000000E+00 0.000000E+00 0.000000E+00 0.000000E+00 0.000000E+00
33 -1.839286E+01 5.178571E-01 3.274453E+00 0.000000E+00 0.000000E+00 0.000000E+00 0.000000E+00 0.000000E+00 0.000000E+00 0.000000E+00 0.000000E+00 0.000000E+00
34 -1.787500E+01 5.178571E-01 3.198319E+00 0.000000E+00 0.000000E+00 0.000000E+00 0.000000E+00 0.000000E+00 0.000000E+00 0.000000E+00 0.000000E+00 0.000000E+00
35 -1.735714E+01 5.178571E-01 3.083237E+00 0.000000E+00 0.000000E+00 0.000000E+00 0.000000E+00 0.000000E+00 0.000000E+00 0.000000E+00 0.000000E+00 0.000000E+00
36 -1.683929E+01 5.178571E-01 2.922678E+00 0.000000E+00 0.000000E+00 0.000000E+00 0.000000E+00 0.000000E+00 0.000000E+00 0.000000E+00 0.000000E+00 0.000000E+00
37 -1.632143E+01 5.178571E-01 2.755025E+00 0.000000E+00 0.000000E+00 0.000000E+00 0.000000E+00 0.000000E+00 0.000000E+00 0.000000E+00 0.000000E+00 0.000000E+00
38 -1.580357E+01 5.178571E-01 2.578623E+00 0.000000E+00 0.000000E+00 0.000000E+00 0.000000E+00 0.000000E+00 0.000000E+00 0.000000E+00 0.000000E+00 0.000000E+00
39 -1.528571E+01 5.178571E-01 2.437765E+00 0.000000E+00 0.000000E+00 0.000000E+00 0.000000E+00 0.000000E+00 0.000000E+00 0.000000E+00 0.000000E+00 0.000000E+00
40 -1.476786E+01 5.178571E-01 2.337497E+00 0.000000E+00 0.000000E+00 0.000000E+00 0.000000E+00 0.000000E+00 0.000000E+00 0.000000E+00 0.000000E+00 0.000000E+00
41 -1.425000E+01 5.178571E-01 2.217272E+00 0.000000E+00 0.000000E+00 0.000000E+00 0.000000E+00 0.000000E+00 0.000000E+00 0.000000E+00 0.000000E+00 0.000000E+00
42 -1.373214E+01 5.178571E-01 2.079278E+00 0.000000E+00 0.000000E+00 0.000000E+00 0.000000E+00 0.000000E+00 0.000000E+00 0.000000E+00 0.000000E+00 0.000000E+00
43 -1.321429E+01 5.178571E-01 2.079278E+00 0.000000E+00 0.000000E+00 0.000000E+00 0.000000E+00 0.000000E+00 0.000000E+00 0.000000E+00 0.000000E+00 0.000000E+00
44 -1.269643E+01 5.178571E-01 2.079278E+00 0.000000E+00 0.000000E+00 0.000000E+00 0.000000E+00 0.000000E+00 0.000000E+00 0.000000E+00 0.000000E+00 0.000000E+00
45 -1.217857E+01 5.178571E-01 2.079278E+00 0.000000E+00 0.000000E+00 0.000000E+00 0.000000E+00 0.000000E+00 0.000000E+00 0.000000E+00 0.000000E+00 0.000000E+00
46 -1.166071E+01 5.178571E-01 2.079278E+00 0.000000E+00 0.000000E+00 0.000000E+00 0.000000E+00 0.000000E+00 0.000000E+00 0.000000E+00 0.000000E+00 0.000000E+00
47 -1.114286E+01 5.178571E-01 2.079278E+00 0.000000E+00 0.000000E+00 0.000000E+00 0.000000E+00 0.000000E+00 0.000000E+00 0.000000E+00 0.000000E+00 0.000000E+00
48 -1.062500E+01 5.178571E-01 2.079278E+00 0.000000E+00 0.000000E+00 0.000000E+00 0.000000E+00 0.000000E+00 0.000000E+00 0.000000E+00 0.000000E+00 0.000000E+00
49 -1.010714E+01 5.178571E-01 2.079278E+00 0.000000E+00 0.000000E+00 0.000000E+00 0.000000E+00 0.000000E+00 0.000000E+00 0.000000E+00 0.000000E+00 0.000000E+00
50 -9.589286E+00 5.178571E-01 2.079278E+00 0.000000E+00 0.000000E+00 0.000000E+00 0.000000E+00 0.000000E+00 0.000000E+00 0.000000E+00 0.000000E+00 0.000000E+00
51 -9.071429E+00 5.178571E-01 2.079278E+00 0.000000E+00 0.000000E+00 0.000000E+00 0.000000E+00 0.000000E+00 0.000000E+00 0.000000E+00 0.000000E+00 0.000000E+00
52 -8.553571E+00 5.178571E-01 2.079278E+00 0.000000E+00 0.000000E+00 0.000000E+00 0.000000E+00 0.000000E+00 0.000000E+00 0.000000E+00 0.000000E+00 0.000000E+00
53 -8.035714E+00 5.178571E-01 2.079278E+00 0.000000E+00 0.000000E+00 0.000000E+00 0.000000E+00 0.000000E+00 0.000000E+00 0.000000E+00 0.000000E+00 0.000000E+00
54 -7.517857E+00 5.178571E-01 2.079278E+00 0.000000E+00 0.000000E+00 0.000000E+00 0.000000E+00 0.000000E+00 0.000000E+00 0.000000E+00 0.000000E+00 0.000000E+00
55 -7.000000E+00 5.178571E-01 2.079278E+00 0.000000E+00 0.000000E+00 0.000000E+00 0.000000E+00 0.000000E+00 0.000000E+00 0.000000E+00 0.000000E+00 0.000000E+00
56 -6.482143E+00 5.178571E-01 2.079278E+00 0.000000E+00 0.000000E+00 0.000000E+00 0.000000E+00 0.000000E+00 0.000000E+00 0.000000E+00 0.000000E+00 0.000000E+00
57 -5.964286E+00 5.178571E-01 2.079278E+00 0.000000E+00 0.000000E+00 0.000000E+00 0.000000E+00 0.000000E+00 0.000000E+00 0.000000E+00 0.000000E+00 0.000000E+00
58 -5.446429E+00 5.178571E-01 2.079278E+00 0.000000E+00 0.000000E+00 0.000000E+00 0.000000E+00 0.000000E+00 0.000000E+00 0.000000E+00 0.000000E+00 0.000000E+00
59 -4.928571E+00 5.178571E-01 2.079278E+00 0.000000E+00 0.000000E+00 0.000000E+00 0.000000E+00 0.000000E+00 0.000000E+00 0.000000E+00 0.000000E+00 0.000000E+00
60 -4.410714E+00 5.178571E-01 2.079278E+00 0.000000E+00 0.000000E+00 0.000000E+00 0.000000E+00 0.000000E+00 0.000000E+00 0.000000E+00 0.000000E+00 0.000000E+00
61 -3.892857E+00 5.178571E-01 2.079278E+00 0.000000E+00 0.000000E+00 0.000000E+00 0.000000E+00 0.000000E+00 0.000000E+00 0.000000E+00 0.000000E+00 0.000000E+00
62 -3.375000E+00 5.178571E-01 2.079278E+00 0.000000E+00 0.000000E+00 0.000000E+00 0.000000E+00 0.000000E+00 0.000000E+00 0.000000E+00 0.000000E+00 0.000000E+00
63 -2.857143E+00 5.178571E-01 2.079278E+00 0.000000E+00 0.000000E+00 0.000000E+00 0.000000E+00 0.000000E+00 0.000000E+00 0.000000E+00 0.000000E+00 0.000000E+00
64 -2.339286E+00 5.178571E-01 2.079278E+00 0.000000E+00 0.000000E+00 0.000000E+00 0.000000E+00 0.000000E+00 0.000000E+00 0.000000E+00 0.000000E+00 0.000000E+00
65 -1.821429E+00 5.178571E-01 2.079278E+00 0.000000E+00 0.000000E+00 0.000000E+00 0.000000E+00 0.000000E+00 0.000000E+00 0.000000E+00 0.000000E+00 0.000000E+00
66 -1.303571E+00 5.178571E-01 2.079278E+00 0.000000E+00 0.000000E+00 0.000000E+00 0.000000E+00 0.000000E+00 0.000000E+00 0.000000E+00 0.000000E+00 0.000000E+00
67 -7.857143E-01 5.178571E-01 2.079278E+00 0.000000E+00 0.000000E+00 0.000000E+00 0.000000E+00 0.000000E+00 0.000000E+00 0.000000E+00 0.000000E+00 0.000000E+00
68 -2.678571E-01 5.178571E-01 2.079278E+00 0.000000E+00 0.000000E+00 0.000000E+00 0.000000E+00 0.000000E+00 0.000000E+00 0.000000E+00 0.000000E+00 0.000000E+00
69 2.500000E-01 5.178571E-01 2.079278E+00 0.000000E+00 0.000000E+00 0.000000E+00 0.000000E+00 0.000000E+00 0.000000E+00 0.000000E+00 0.000000E+00 0.000000E+00
70 7.678571E-01 5.178571E-01 2.079278E+00 2.485876E-02 2.557139E-02 3.031103E-02 3.465027E-02 1.219366E-01 1.591581E-01 1.213191E-01 8.898386E-02 6.706042E-02
71 1.285714E+00 5.178571E-01 2.079278E+00 2.485876E-02 2.557139E-02 3.031103E-02 3.465027E-02 1.219366E-01 1.591581E-01 1.213191E-01 8.898386E-02 6.706042E-02
72 1.803571E+00 5.178571E-01 2.079278E+00 2.485876E-02 2.557139E-02 3.031103E-02 3.465027E-02 1.219366E-01 1.591581E-01 1.213191E-01 8.898386E-02 6.706042E-02
73 2.321429E+00 5.178571E-01 2.079278E+00 2.485876E-02 2.557139E-02 3.031103E-02 3.465027E-02 1.219366E-01 1.591581E-01 1.213191E-01 8.898386E-02 6.706042E-02
74 2.839286E+00 5.178571E-01 2.079278E+00 2.485876E-02 2.557139E-02 3.031103E-02 3.465027E-02 1.219366E-01 1.591581E-01 1.213191E-01 8.898386E-02 6.706042E-02
75 3.357143E+00 5.178571E-01 2.079278E+00 2.485876E-02 2.557139E-02 3.031103E-02 3.465027E-02 1.219366E-01 1.591581E-01 1.213191E-01 8.898386E-02 6.706042E-02
76 3.875000E+00 5.178571E-01 2.079278E+00 2.485876E-02 2.557139E-02 3.031103E-02 3.465027E-02 1.219366E-01 1.591581E-01 1.213191E-01 8.898386E-02 6.706042E-02
77 4.392857E+00 5.178571E-01 2.079278E+00 2.485876E-02 2.557139E-02 3.031103E-02 3.465027E-02 1.219366E-01 1.591581E-01 1.213191E-01 8.898386E-02 6.706042E-02
78 4.910714E+00 5.178571E-01 2.079278E+00 2.485876E-02 2.557139E-02 3.031103E-02 3.465027E-02 1.219366E-01 1.591581E-01 1.213191E-01 8.898386E-02 6.706042E-02
79 5.428571E+00 5.178571E-01 2.079278E+00 2.485876E-02 2.557139E-02 3.031103E-02 3.465027E-02 1.219366E-01 1.591581E-01 1.213191E-01 8.898386E-02 6.706042E-02
80 5.946429E+00 5.178571E-01 2.079278E+00 2.485876E-02 2.557139E-02 3.031103E-02 3.465027E-02 1.219366E-01 1.591581E-01 1.213191E-01 8.898386E-02 6.706042E-02
81 6.464286E+00 5.178571E-01 2.079278E+00 2.485876E-02 2.557139E-02 3.031103E-02 3.465027E-02 1.219366E-01 1.591581E-01 1.213191E-01 8.898386E-02 6.706042E-02
82 6.982143E+00 5.178571E-01 2.079278E+00 2.485876E-02 2.557139E-02 3.031103E-02 3.465027E-02 1.219366E-01 1.591581E-01 1.213191E-01 8.898386E-02 6.706042E-02
83 7.500000E+00 5.178571E-01 2.079278E+00 2.485876E-02 2.557139E-02 3.031103E-02 3.465027E-02 1.219366E-01 1.591581E-01 1.213191E-01 8.898386E-02 6.706042E-02
84 8.017857E+00 5.178571E-01 2.079278E+00 2.485876E-02 2.557139E-02 3.031103E-02 3.465027E-02 1.219366E-01 1.591581E-01 1.213191E-01 8.898386E-02 6.706042E-02
85 8.535714E+00 5.178571E-01 2.079278E+00 2.485876E-02 2.557139E-02 3.031103E-02 3.465027E-02 1.219366E-01 1.591581E-01 1.213191E-01 8.898386E-02 6.706042E-02
86 9.053571E+00 5.178571E-01 2.079278E+00 2.485876E-02 2.557139E-02 3.031103E-02 3.465027E-02 1.219366E-01 1.591581E-01 1.213191E-01 8.898386E-02 6.706042E-02
87 9.571429E+00 5.178571E-01 2.079278E+00 2.485876E-02 2.557139E-02 3.031103E-02 3.465027E-02 1.219366E-01 1.591581E-01 1.213191E-01 8.898386E-02 6.706042E-02
88 1.008929E+01 5.178571E-01 2.079278E+00 2.485876E-02 2.557139E-02 3.031103E-02 3.465027E-02 1.219366E-01 1.591581E-01 1.213191E-01 8.898386E-02 6.706042E-02
89 1.060714E+01 5.178571E-01 2.079278E+00 2.485876E-02 2.557139E-02 3.031103E-02 3.465027E-02 1.219366E-01 1.591581E-01 1.213191E-01 8.898386E-02 6.706042E-02
90 1.112500E+01 5.178571E-01 2.079278E+00 2.485876E-02 2.557139E-02 3.031103E-02 3.465027E-02 1.219366E-01 1.591581E-01 1.213191E-01 8.898386E-02 6.706042E-02
91 1.164286E+01 5.178571E-01 2.079278E+00 2.485876E-02 2.557139E-02 3.031103E-02 3.465027E-02 1.219366E-01 1.591581E-01 1.213191E-01 8.898386E-02 6.706042E-02
92 1.216071E+01 5.178571E-01 2.079278E+00 2.485876E-02 2.557139E-02 3.031103E-02 3.465027E-02 1.219366E-01 1.591581E-01 1.213191E-01 8.898386E-02 6.706042E-02
93 1.267857E+01 5.178571E-01 2.079278E+00 2.485876E-02 2.557139E-02 3.031103E-02 3.465027E-02 1.219366E-01 1.591581E-01 1.213191E-01 8.898386E-02 6.706042E-02
94 1.319643E+01 5.178571E-01 2.079278E+00 2.485876E-02 2.557139E-02 3.031103E-02 3.465027E-02 1.219366E-01 1.591581E-01 1.213191E-01 8.898386E-02 6.706042E-02
95 1.371429E+01 5.178571E-01 2.079278E+00 2.485876E-02 2.557139E-02 3.031103E-02 3.465027E-02 1.219366E-01 1.591581E-01 1.213191E-01 8.898386E-02 6.706042E-02
96 1.423214E+01 5.178571E-01 2.079278E+00 2.485876E-02 2.557139E-02 3.031103E-02 3.465027E-02 1.219366E-01 1.591581E-01 1.213191E-01 8.898386E-02 6.706042E-02
97 1.475000E+01 5.178571E-01 2.079278E+00 2.485876E-02 2.557139E-02 3.031103E-02 3.465027E-02 1.219366E-01 1.591581E-01 1.213191E-01 8.898386E-02 6.706042E-02
98 1.526786E+01 5.178571E-01 2.079278E+00 2.485876E-02 2.557139E-02 3.031103E-02 3.465027E-02 1.219366E-01 1.591581E-01 1.213191E-01 8.898386E-02 6.706042E-02
99 1.578571E+01 5.178571E-01 2.079278E+00 2.485876E-02 2.557139E-02 3.031103E-02 3.465027E-02 1.219366E-01 1.591581E-01 1.213191E-01 8.898386E-02 6.706042E-02
100 1.630357E+01 5.178571E-01 2.079278E+00 2.485876E-02 2.557139E-02 3.031103E-02 3.465027E-02 1.219366E-01 1.591581E-01 1.213191E-01 8.898386E-02 6.706042E-02
101 1.682143E+01 5.178571E-01 2.079278E+00 2.485876E-02 2.557139E-02 3.031103E-02 3.465027E-02 1.219366E-01 1.591581E-01 1.213191E-01 8.898386E-02 6.706042E-02
102 1.733929E+01 5.178571E-01 2.079278E+00 2.485876E-02 2.557139E-02 3.031103E-02 3.465027E-02 1.219366E-01 1.591581E-01 1.213191E-01 8.898386E-02 6.706042E-02
103 1.785714E+01 5.178571E-01 2.079278E+00 2.485876E-02 2.557139E-02 3.031103E-02 3.465027E-02 1.219366E-01 1.591581E-01 1.213191E-01 8.898386E-02 6.706042E-02
104 1.837500E+01 5.178571E-01 2.079278E+00 2.485876E-02 2.557139E-02 3.031103E-02 3.465027E-02 1.219366E-01 1.591581E-01 1.213191E-01 8.898386E-02 6.706042E-02
105 1.889286E+01 5.178571E-01 2.079278E+00 2.485876E-02 2.557139E-02 3.031103E-02 3.465027E-02 1.219366E-01 1.591581E-01 1.213191E-01 8.898386E-02 6.706042E-02
106 1.941071E+01 5.178571E-01 2.079278E+00 2.485876E-02 2.557139E-02 3.031103E-02 3.465027E-02 1.219366E-01 1.591581E-01 1.213191E-01 8.898386E-02 6.706042E-02
107 1.992857E+01 5.178571E-01 2.079278E+00 2.485876E-02 2.557139E-02 3.031103E-02 3.465027E-02 1.219366E-01 1.591581E-01 1.213191E-01 8.898386E-02 6.706042E-02
108 2.044643E+01 5.178571E-01 2.079278E+00 2.485876E-02 2.557139E-02 3.031103E-02 3.465027E-02 1.219366E-01 1.591581E-01 1.213191E-01 8.898386E-02 6.706042E-02
109 2.096429E+01 5.178571E-01 2.079278E+00 2.485876E-02 2.557139E-02 3.031103E-02 3.465027E-02 1.219366E-01 1.591581E-01 1.213191E-01 8.898386E-02 6.706042E-02
110 2.148214E+01 5.178571E-01 2.079278E+00 2.485876E-02 2.557139E-02 3.031103E-02 3.465027E-02 1.219366E-01 1.591581E-01 1.213191E-01 8.898386E-02 6.706042E-02
111 2.200000E+01 5.178571E-01 2.079278E+00 2.485876E-02 2.557139E-02 3.031103E-02 3.465027E-02 1.219366E-01 1.591581E-01 1.213191E-01 8.898386E-02 6.706042E-02
112 2.251786E+01 5.178571E-01 2.079278E+00 2.485876E-02 2.557139E-02 3.031103E-02 3.465027E-02 1.219366E-01 1.591581E-01 1.213191E-01 8.898386E-02 6.706042E-02
113 2.303571E+01 5.178571E-01 2.079278E+00 2.485876E-02 2.557139E-02 3.031103E-02 3.465027E-02 1.219366E-01 1.591581E-01 1.213191E-01 8.898386E-02 6.706042E-02
114 2.355357E+01 5.178571E-01 2.079278E+00 2.485876E-02 2.557139E-02 3.031103E-02 3.465027E-02 1.219366E-01 1.591581E-01 1.213191E-01 8.898386E-02 6.706042E-02
115 2.407143E+01 5.178571E-01 2.079278E+00 2.485876E-02 2.557139E-02 3.031103E-02 3.465027E-02 1.219366E-01 1.591581E-01 1.213191E-01 8.898386E-02 6.706042E-02
116 2.458929E+01 5.178571E-01 2.079278E+00 2.485876E-02 2.557139E-02 3.031103E-02 3.465027E-02 1.219366E-01 1.591581E-01 1.213191E-01 8.898386E-02 6.706042E-02
117 2.510714E+01 5.178571E-01 2.079278E+00 2.485876E-02 2.557139E-02 3.031103E-02 3.465027E-02 1.219366E-01 1.591581E-01 1.213191E-01 8.898386E-02 6.706042E-02
118 2.562500E+01 5.178571E-01 2.079278E+00 2.485876E-02 2.557139E-02 3.031103E-02 3.465027E-02 1.219366E-01 1.591581E-01 1.213191E-01 8.898386E-02 6.706042E-02
119 2.614286E+01 5.178571E-01 2.079278E+00 2.485876E-02 2.557139E-02 3.031103E-02 3.465027E-02 1.219366E-01 1.591581E-01 1.213191E-01 8.898386E-02 6.706042E-02
120 2.666071E+01 5.178571E-01 2.079278E+00 2.485876E-02 2.557139E-02 3.031103E-02 3.465027E-02 1.219366E-01 1.591581E-01 1.213191E-01 8.898386E-02 6.706042E-02
121 2.717857E+01 5.178571E-01 2.079278E+00 2.485876E-02 2.557139E-02 3.031103E-02 3.465027E-02 1.219366E-01 1.591581E-01 1.213191E-01 8.898386E-02 6.706042E-02
122 2.769643E+01 5.178571E-01 2.079278E+00 2.485876E-02 2.557139E-02 3.031103E-02 3.465027E-02 1.219366E-01 1.591581E-01 1.213191E-01 8.898386E-02 6.706042E-02
123 2.821429E+01 5.178571E-01 2.079278E+00 2.485876E-02 2.557139E-02 3.031103E-02 3.465027E-02 1.219366E-01 1.591581E-01 1.213191E-01 8.898386E-02 6.706042E-02
124 2.873214E+01 5.178571E-01 2.079278E+00 2.485876E-02 2.557139E-02 3.031103E-02 3.465027E-02 1.219366E-01 1.591581E-01 1.213191E-01 8.898386E-02 6.706042E-02
125 2.925000E+01 5.178571E-01 2.079278E+00 2.485876E-02 2.557139E-02 3.031103E-02 3.465027E-02 1.219366E-01 1.591581E-01 1.213191E-01 8.898386E-02 6.706042E-02
126 2.976786E+01 5.178571E-01 2.079278E+00 2.485876E-02 2.557139E-02 3.031103E-02 3.465027E-02 1.219366E-01 1.591581E-01 1.213191E-01 8.898386E-02 6.706042E-02
127 3.028571E+01 5.178571E-01 2.079278E+00 2.485876E-02 2.557139E-02 3.031103E-02 3.465027E-02 1.219366E-01 1.591581E-01 1.213191E-01 8.898386E-02 6.706042E-02
128 3.080357E+01 5.178571E-01 2.079278E+00 2.485876E-02 2.557139E-02 3.031103E-02 3.465027E-02 1.219366E-01 1.591581E-01 1.213191E-01 8.898386E-02 6.706042E-02
129 3.132143E+01 5.178571E-01 2.079278E+00 2.485876E-02 2.557139E-02 3.031103E-02 3.465027E-02 1.219366E-01 1.591581E-01 1.213191E-01 8.898386E-02 6.706042E-02
130 3.183929E+01 5.178571E-01 2.079278E+00 2.485876E-02 2.557139E-02 3.031103E-02 3.465027E-02 1.219366E-01 1.591581E-01 1.213191E-01 8.898386E-02 6.706042E-02
131 3.235714E+01 5.178571E-01 2.079278E+00 2.485876E-02 2.557139E-02 3.031103E-02 3.465027E-02 1.219366E-01 1.591581E-01 1.213191E-01 8.898386E-02 6.706042E-02
132 3.287500E+01 5.178571E-01 2.079278E+00 2.485876E-02 2.557139E-02 3.031103E-02 3.465027E-02 1.219366E-01 1.591581E-01 1.213191E-01 8.898386E-02 6.706042E-02
133 3.339286E+01 5.178571E-01 2.079278E+00 2.485876E-02 2.557139E-02 3.031103E-02 3.465027E-02 1.219366E-01 1.591581E-01 1.213191E-01 8.898386E-02 6.706042E-02
134 3.391071E+01 5.178571E-01 2.079278E+00 2.485876E-02 2.557139E-02 3.031103E-02 3.465027E-02 1.219366E-01 1.591581E-01 1.213191E-01 8.898386E-02 6.706042E-02
135 3.442857E+01 5.178571E-01 2.079278E+00 2.485876E-02 2.557139E-02 3.031103E-02 3.465027E-02 1.219366E-01 1.591581E-01 1.213191E-01 8.898386E-02 6.706042E-02
136 3.494643E+01 5.178571E-01 2.079278E+00 2.485876E-02 2.557139E-02 3.031103E-02 3.465027E-02 1.219366E-01 1.591581E-01 1.213191E-01 8.898386E-02 6.706042E-02
137 3.546429E+01 5.178571E-01 2.079278E+00 2.485876E-02 2.557139E-02 3.031103E-02 3.465027E-02 1.219366E-01 1.591581E-01 1.213191E-01 8.898386E-02 6.706042E-02
138 3.598214E+01 5.178571E-01 2.079278E+00 2.485876E-02 2.557139E-02 3.031103E-02 3.465027E-02 1.219366E-01 1.591581E-01 1.213191E-01 8.898386E-02 6.706042E-02
139 3.650000E+01 5.178571E-01 2.079278E+00 2.485876E-02 2.557139E-02 3.031103E-02 3.465027E-02 1.219366E-01 1.591581E-01 1.213191E-01 8.898386E-02 6.706042E-02
140 3.701786E+01 5.178571E-01 2.079278E+00 2.485876E-02 2.557139E-02 3.031103E-02 3.465027E-02 1.219366E-01 1.591581E-01 1.213191E-01 8.898386E-02 6.706042E-02
141 3.753571E+01 5.178571E-01 2.079278E+00 2.485876E-02 2.557139E-02 3.031103E-02 3.465027E-02 1.219366E-01 1.591581E-01 1.213191E-01 8.898386E-02 6.706042E-02
142 3.805357E+01 5.178571E-01 2.079278E+00 2.485876E-02 2.557139E-02 3.031103E-02 3.465027E-02 1.219366E-01 1.591581E-01 1.213191E-01 8.898386E-02 6.706042E-02
143 3.857143E+01 5.178571E-01 2.079278E+00 2.485876E-02 2.557139E-02 3.031103E-02 3.465027E-02 1.219366E-01 1.591581E-01 1.213191E-01 8.898386E-02 6.706042E-02
144 3.908929E+01 5.178571E-01 2.079278E+00 2.485876E-02 2.557139E-02 3.031103E-02 3.465027E-02 1.219366E-01 1.591581E-01 1.213191E-01 8.898386E-02 6.706042E-02
145 3.960714E+01 5.178571E-01 2.079278E+00 2.485876E-02 2.557139E-02 3.031103E-02 3.465027E-02 1.219366E-01 1.591581E-01 1.213191E-01 8.898386E-02 6.706042E-02
146 4.012500E+01 5.178571E-01 2.079278E+00 2.485876E-02 2.557139E-02 3.031103E-02 3.465027E-02 1.219366E-01 1.591581E-01 1.213191E-01 8.898386E-02 6.706042E-02
147 4.064286E+01 5.178571E-01 2.079278E+00 2.485876E-02 2.557139E-02 3.031103E-02 3.465027E-02 1.219366E-01 1.591581E-01 1.213191E-01 8.898386E-02 6.706042E-02
148 4.116071E+01 5.178571E-01 2.079278E+00 2.485876E-02 2.557139E-02 3.031103E-02 3.465027E-02 1.219366E-01 1.591581E-01 1.213191E-01 8.898386E-02 6.706042E-02
149 4.167857E+01 5.178571E-01 2.079278E+00 2.485876E-02 2.557139E-02 3.031103E-02 3.465027E-02 1.219366E-01 1.591581E-01 1.213191E-01 8.898386E-02 6.706042E-02
150 4.219643E+01 5.178571E-01 2.079278E+00 2.485876E-02 2.557139E-02 3.031103E-02 3.465027E-02 1.219366E-01 1.591581E-01 1.213191E-01 8.898386E-02 6.706042E-02
151 4.271429E+01 5.178571E-01 2.079278E+00 2.485876E-02 2.557139E-02 3.031103E-02 3.465027E-02 1.219366E-01 1.591581E-01 1.213191E-01 8.898386E-02 6.706042E-02
152 4.323214E+01 5.178571E-01 2.079278E+00 2.485876E-02 2.557139E-02 3.031103E-02 3.465027E-02 1.219366E-01 1.591581E-01 1.213191E-01 8.898386E-02 6.706042E-02
153 4.375000E+01 5.178571E-01 2.079278E+00 2.485876E-02 2.557139E-02 3.031103E-02 3.465027E-02 1.219366E-01 1.591581E-01 1.213191E-01 8.898386E-02 6.706042E-02
154 4.426786E+01 5.178571E-01 2.079278E+00 2.485876E-02 2.557139E-02 3.031103E-02 3.465027E-02 1.219366E-01 1.591581E-01 1.213191E-01 8.898386E-02 6.706042E-02
155 4.478571E+01 5.178571E-01 2.079278E+00 2.485876E-02 2.557139E-02 3.031103E-02 3.465027E-02 1.219366E-01 1.591581E-01 1.213191E-01 8.898386E-02 6.706042E-02
156 4.530357E+01 5.178571E-01 2.079278E+00 2.485876E-02 2.557139E-02 3.031103E-02 3.465027E-02 1.219366E-01 1.591581E-01 1.213191E-01 8.898386E-02 6.706042E-02
157 4.582143E+01 5.178571E-01 2.079278E+00 2.485876E-02 2.557139E-02 3.031103E-02 3.465027E-02 1.219366E-01 1.591581E-01 1.213191E-01 8.898386E-02 6.706042E-02
158 4.633929E+01 5.178571E-01 2.079278E+00 2.485876E-02 2.557139E-02 3.031103E-02 3.465027E-02 1.219366E-01 1.591581E-01 1.213191E-01 8.898386E-02 6.706042E-02
159 4.685714E+01 5.178571E-01 2.079278E+00 2.485876E-02 2.557139E-02 3.031103E-02 3.465027E-02 1.219366E-01 1.591581E-01 1.213191E-01 8.898386E-02 6.706042E-02
160 4.737500E+01 5.178571E-01 2.079278E+00 2.485876E-02 2.557139E-02 3.031103E-02 3.465027E-02 1.219366E-01 1.591581E-01 1.213191E-01 8.898386E-02 6.706042E-02
161 4.789286E+01 5.178571E-01 2.079278E+00 2.485876E-02 2.557139E-02 3.031103E-02 3.465027E-02 1.219366E-01 1.591581E-01 1.213191E-01 8.898386E-02 6.706042E-02
162 4.841071E+01 5.178571E-01 2.079278E+00 2.485876E-02 2.557139E-02 3.031103E-02 3.465027E-02 1.219366E-01 1.591581E-01 1.213191E-01 8.898386E-02 6.706042E-02
163 4.892857E+01 5.178571E-01 2.079278E+00 2.485876E-02 2.557139E-02 3.031103E-02 3.465027E-02 1.219366E-01 1.591581E-01 1.213191E-01 8.898386E-02 6.706042E-02
164 4.944643E+01 5.178571E-01 2.079278E+00 2.485876E-02 2.557139E-02 3.031103E-02 3.465027E-02 1.219366E-01 1.591581E-01 1.213191E-01 8.898386E-02 6.706042E-02
165 4.996429E+01 5.178571E-01 2.079278E+00 2.485876E-02 2.557139E-02 3.031103E-02 3.465027E-02 1.219366E-01 1.591581E-01 1.213191E-01 8.898386E-02 6.706042E-02
166 5.048214E+01 5.178571E-01 2.079278E+00 2.485876E-02 2.557139E-02 3.031103E-02 3.465027E-02 1.219366E-01 1.591581E-01 1.213191E-01 8.898386E-02 6.706042E-02
167 5.100000E+01 5.178571E-01 2.079278E+00 2.485876E-02 2.557139E-02 3.031103E-02 3.465027E-02 1.219366E-01 1.591581E-01 1.213191E-01 8.898386E-02 6.706042E-02
168 5.151786E+01 5.178571E-01 2.079278E+00 2.485876E-02 2.557139E-02 3.031103E-02 3.465027E-02 1.219366E-01 1.591581E-01 1.213191E-01 8.898386E-02 6.706042E-02
169 5.203571E+01 5.178571E-01 2.079278E+00 2.485876E-02 2.557139E-02 3.031103E-02 3.465027E-02 1.219366E-01 1.591581E-01 1.213191E-01 8.898386E-02 6.706042E-02
170 5.255357E+01 5.178571E-01 2.079278E+00 2.485876E-02 2.557139E-02 3.031103E-02 3.465027E-02 1.219366E-01 1.591581E-01 1.213191E-01 8.898386E-02 6.706042E-02
171 5.307143E+01 5.178571E-01 2.079278E+00 2.485876E-02 2.557139E-02 3.031103E-02 3.465027E-02 1.219366E-01 1.591581E-01 1.213191E-01 8.898386E-02 6.706042E-02
172 5.358929E+01 5.178571E-01 2.079278E+00 2.485876E-02 2.557139E-02 3.031103E-02 3.465027E-02 1.219366E-01 1.591581E-01 1.213191E-01 8.898386E-02 6.706042E-02
173 5.410714E+01 5.178571E-01 2.079278E+00 2.485876E-02 2.557139E-02 3.031103E-02 3.465027E-02 1.219366E-01 1.591581E-01 1.213191E-01 8.898386E-02 6.706042E-02
174 5.462500E+01 5.178571E-01 2.079278E+00 2.485876E-02 2.557139E-02 3.031103E-02 3.465027E-02 1.219366E-01 1.591581E-01 1.213191E-01 8.898386E-02 6.706042E-02
175 5.514286E+01 5.178571E-01 2.079278E+00 2.485876E-02 2.557139E-02 3.031103E-02 3.465027E-02 1.219366E-01 1.591581E-01 1.213191E-01 8.898386E-02 6.706042E-02
176 5.566071E+01 5.178571E-01 2.079278E+00 2.485876E-02 2.557139E-02 3.031103E-02 3.465027E-02 1.219366E-01 1.591581E-01 1.213191E-01 8.898386E-02 6.706042E-02
177 5.617857E+01 5.178571E-01 2.079278E+00 2.485876E-02 2.557139E-02 3.031103E-02 3.465027E-02 1.219366E-01 1.591581E-01 1.213191E-01 8.898386E-02 6.706042E-02
178 5.669643E+01 5.178571E-01 2.079278E+00 2.485876E-02 2.557139E-02 3.031103E-02 3.465027E-02 1.219366E-01 1.591581E-01 1.213191E-01 8.898386E-02 6.706042E-02
179 5.721429E+01 5.178571E-01 2.079278E+00 2.485876E-02 2.557139E-02 3.031103E-02 3.465027E-02 1.219366E-01 1.591581E-01 1.213191E-01 8.898386E-02 6.706042E-02
180 5.773214E+01 5.178571E-01 2.079278E+00 2.485876E-02 2.557139E-02 3.031103E-02 3.465027E-02 1.219366E-01 1.591581E-01 1.213191E-01 8.898386E-02 6.706042E-02
181 5.825000E+01 5.178571E-01 2.079278E+00 2.485876E-02 2.557139E-02 3.031103E-02 3.465027E-02 1.219366E-01 1.591581E-01 1.213191E-01 8.898386E-02 6.706042E-02
182 5.876786E+01 5.178571E-01 2.079278E+00 2.485876E-02 2.557139E-02 3.031103E-02 3.465027E-02 1.219366E-01 1.591581E-01 1.213191E-01 8.898386E-02 6.706042E-02
183 5.928571E+01 5.178571E-01 2.079278E+00 2.485876E-02 2.557139E-02 3.031103E-02 3.465027E-02 1.219366E-01 1.591581E-01 1.213191E-01 8.898386E-02 6.706042E-02
184 5.980357E+01 5.178571E-01 2.079278E+00 2.485876E-02 2.557139E-02 3.031103E-02 3.465027E-02 1.219366E-01 1.591581E-01 1.213191E-01 8.898386E-02 6.706042E-02
185 6.032143E+01 5.178571E-01 2.079278E+00 2.485876E-02 2.557139E-02 3.031103E-02 3.465027E-02 1.219366E-01 1.591581E-01 1.213191E-01 8.898386E-02 6.706042E-02
186 6.083929E+01 5.178571E-01 2.079278E+00 2.485876E-02 2.557139E-02 3.031103E-02 3.465027E-02 1.219366E-01 1.591581E-01 1.213191E-01 8.898386E-02 6.706042E-02
187 6.135714E+01 5.178571E-01 2.079278E+00 2.485876E-02 2.557139E-02 3.031103E-02 3.465027E-02 1.219366E-01 1.591581E-01 1.213191E-01 8.898386E-02 6.706042E-02
188 6.187500E+01 5.178571E-01 2.079278E+00 2.485876E-02 2.557139E-02 3.031103E-02 3.465027E-02 1.219366E-01 1.591581E-01 1.213191E-01 8.898386E-02 6.706042E-02
189 6.239286E+01 5.178571E-01 2.079278E+00 2.485876E-02 2.557139E-02 3.031103E-02 3.465027E-02 1.219366E-01 1.591581E-01 1.213191E-01 8.898386E-02 6.706042E-02
190 6.291071E+01 5.178571E-01 2.079278E+00 2.485876E-02 2.557139E-02 3.031103E-02 3.465027E-02 1.219366E-01 1.591581E-01 1.213191E-01 8.898386E-02 6.706042E-02
191 6.342857E+01 5.178571E-01 2.079278E+00 2.485876E-02 2.557139E-02 3.031103E-02 3.465027E-02 1.219366E-01 1.591581E-01 1.213191E-01 8.898386E-02 6.706042E-02
192 6.394643E+01 5.178571E-01 2.079278E+00 2.485876E-02 2.557139E-02 3.031103E-02 3.465027E-02 1.219366E-01 1.591581E-01 1.213191E-01 8.898386E-02 6.706042E-02
193 6.446429E+01 5.178571E-01 2.079278E+00 2.485876E-02 2.557139E-02 3.031103E-02 3.465027E-02 1.219366E-01 1.591581E-01 1.213191E-01 8.898386E-02 6.706042E-02
194 6.498214E+01 5.178571E-01 2.079278E+00 2.485876E-02 2.557139E-02 3.031103E-02 3.465027E-02 1.219366E-01 1.591581E-01 1.213191E-01 8.898386E-02 6.706042E-02
195 6.550000E+01 5.178571E-01 2.079278E+00 2.485876E-02 2.557139E-02 3.031103E-02 3.465027E-02 1.219366E-01 1.591581E-01 1.213191E-01 8.898386E-02 6.706042E-02
196 6.601786E+01 5.178571E-01 2.079278E+00 2.485876E-02 2.557139E-02 3.031103E-02 3.465027E-02 1.219366E-01 1.591581E-01 1.213191E-01 8.898386E-02 6.706042E-02
197 6.653571E+01 5.178571E-01 2.079278E+00 2.485876E-02 2.557139E-02 3.031103E-02 3.465027E-02 1.219366E-01 1.591581E-01 1.213191E-01 8.898386E-02 6.706042E-02
198 6.705357E+01 5.178571E-01 2.079278E+00 2.485876E-02 2.557139E-02 3.031103E-02 3.465027E-02 1.219366E-01 1.591581E-01 1.213191E-01 8.898386E-02 6.706042E-02
199 6.757143E+01 5.178571E-01 2.079278E+00 2.485876E-02 2.557139E-02 3.031103E-02 3.465027E-02 1.219366E-01 1.591581E-01 1.213191E-01 8.898386E-02 6.706042E-02
200 6.808929E+01 5.178571E-01 2.079278E+00 2.485876E-02 2.557139E-02 3.031103E-02 3.465027E-02 1.219366E-01 1.591581E-01 1.213191E-01 8.898386E-02 6.706042E-02
201 6.860714E+01 5.178571E-01 2.079278E+00 2.485876E-02 2.557139E-02 3.031103E-02 3.465027E-02 1.219366E-01 1.591581E-01 1.213191E-01 8.898386E-02 6.706042E-02
202 6.912500E+01 5.178571E-01 2.079278E+00 2.485876E-02 2.557139E-02 3.031103E-02 3.465027E-02 1.219366E-01 1.591581E-01 1.213191E-01 8.898386E-02 6.706042E-02
203 6.964286E+01 5.178571E-01 2.079278E+00 2.485876E-02 2.557139E-02 3.031103E-02 3.465027E-02 1.219366E-01 1.591581E-01 1.213191E-01 8.898386E-02 6.706042E-02
204 7.016071E+01 5.178571E-01 2.079278E+00 2.485876E-02 2.557139E-02 3.031103E-02 3.465027E-02 1.219366E-01 1.591581E-01 1.213191E-01 8.898386E-02 6.706042E-02
205 7.067857E+01 5.178571E-01 2.079278E+00 2.485876E-02 2.557139E-02 3.031103E-02 3.465027E-02 1.219366E-01 1.591581E-01 1.213191E-01 8.898386E-02 6.706042E-02
206 7.119643E+01 5.178571E-01 2.079278E+00 2.485876E-02 2.557139E-02 3.031103E-02 3.465027E-02 1.219366E-01 1.591581E-01 1.213191E-01 8.898386E-02 6.706042E-02
207 7.171429E+01 5.178571E-01 2.079278E+00 2.485876E-02 2.557139E-02 3.031103E-02 3.465027E-02 1.219366E-01 1.591581E-01 1.213191E-01 8.898386E-02 6.706042E-02
208 7.223214E+01 5.178571E-01 2.079278E+00 2.485876E-02 2.557139E-02 3.031103E-02 3.465027E-02 1.219366E-01 1.591581E-01 1.213191E-01 8.898386E-02 6.706042E-02
209 7.275000E+01 5.178571E-01 2.079278E+00 2.485876E-02 2.557139E-02 3.031103E-02 3.465027E-02 1.219366E-01 1.591581E-01 1.213191E-01 8.898386E-02 6.706042E-02
210 7.326786E+01 5.178571E-01 2.079278E+00 2.485876E-02 2.557139E-02 3.031103E-02 3.465027E-02 1.219366E-01 1.591581E-01 1.213191E-01 8.898386E-02 6.706042E-02
211 7.378571E+01 5.178571E-01 2.079278E+00 2.485876E-02 2.557139E-02 3.031103E-02 3.465027E-02 1.219366E-01 1.591581E-01 1.213191E-01 8.898386E-02 6.706042E-02
212 7.430357E+01 5.178571E-01 2.079278E+00 2.485876E-02 2.557139E-02 3.031103E-02 3.465027E-02 1.219366E-01 1.591581E-01 1.213191E-01 8.898386E-02 6.706042E-02
213 7.482143E+01 5.178571E-01 2.079278E+00 2.485876E-02 2.557139E-02 3.031103E-02 3.465027E-02 1.219366E-01 1.591581E-01 1.213191E-01 8.898386E-02 6.706042E-02
214 7.533929E+01 5.178571E-01 2.079278E+00 2.485876E-02 2.557139E-02 3.031103E-02 3.465027E-02 1.219366E-01 1.591581E-01 1.213191E-01 8.898386E-02 6.706042E-02
215 7.585714E+01 5.178571E-01 2.079278E+00 2.485876E-02 2.557139E-02 3.031103E-02 3.465027E-02 1.219366E-01 1.591581E-01 1.213191E-01 8.898386E-02 6.706042E-02
216 7.637500E+01 5.178571E-01 2.079278E+00 2.485876E-02 2.557139E-02 3.031103E-02 3.465027E-02 1.219366E-01 1.591581E-01 1.213191E-01 8.898386E-02 6.706042E-02
217 7.689286E+01 5.178571E-01 2.079278E+00 2.485876E-02 2.557139E-02 3.031103E-02 3.465027E-02 1.219366E-01 1.591581E-01 1.213191E-01 8.898386E-02 6.706042E-02
218 7.741071E+01 5.178571E-01 2.079278E+00 2.485876E-02 2.557139E-02 3.031103E-02 3.465027E-02 1.219366E-01 1.591581E-01 1.213191E-01 8.898386E-02 6.706042E-02
219 7.792857E+01 5.178571E-01 2.079278E+00 2.485876E-02 2.557139E-02 3.031103E-02 3.465027E-02 1.219366E-01 1.591581E-01 1.213191E-01 8.898386E-02 6.706042E-02
220 7.844643E+01 5.178571E-01 2.079278E+00 2.485876E-02 2.557139E-02 3.031103E-02 3.465027E-02 1.219366E-01 1.591581E-01 1.213191E-01 8.898386E-02 6.706042E-02
221 7.896429E+01 5.178571E-01 2.079278E+00 2.485876E-02 2.557139E-02 3.031103E-02 3.465027E-02 1.219366E-01 1.591581E-01 1.213191E-01 8.898386E-02 6.706042E-02
222 7.948214E+01 5.178571E-01 2.079278E+00 2.485876E-02 2.557139E-02 3.031103E-02 3.465027E-02 1.219366E-01 1.591581E-01 1.213191E-01 8.898386E-02 6.706042E-02
223 8.000000E+01 5.178571E-01 2.079278E+00 2.485876E-02 2.557139E-02 3.031103E-02 3.465027E-02 1.219366E-01 1.591581E-01 1.213191E-01 8.898386E-02 6.706042E-02
224 8.051786E+01 5.178571E-01 2.079278E+00 2.485876E-02 2.557139E-02 3.031103E-02 3.465027E-02 1.219366E-01 1.591581E-01 1.213191E-01 8.898386E-02 6.706042E-02
225 8.103571E+01 5.178571E-01 2.079278E+00 2.485876E-02 2.557139E-02 3.031103E-02 3.465027E-02 1.219366E-01 1.591581E-01 1.213191E-01 8.898386E-02 6.706042E-02
226 8.155357E+01 5.178571E-01 2.079278E+00 2.485876E-02 2.557139E-02 3.031103E-02 3.465027E-02 1.219366E-01 1.591581E-01 1.213191E-01 8.898386E-02 6.706042E-02
227 8.207143E+01 5.178571E-01 2.079278E+00 2.485876E-02 2.557139E-02 3.031103E-02 3.465027E-02 1.219366E-01 1.591581E-01 1.213191E-01 8.898386E-02 6.706042E-02
228 8.258929E+01 5.178571E-01 2.079278E+00 2.485876E-02 2.557139E-02 3.031103E-02 3.465027E-02 1.219366E-01 1.591581E-01 1.213191E-01 8.898386E-02 6.706042E-02
229 8.310714E+01 5.178571E-01 2.079278E+00 2.485876E-02 2.557139E-02 3.031103E-02 3.465027E-02 1.219366E-01 1.591581E-01 1.213191E-01 8.898386E-02 6.706042E-02
230 8.362500E+01 5.178571E-01 2.079278E+00 2.485876E-02 2.557139E-02 3.031103E-02 3.465027E-02 1.219366E-01 1.591581E-01 1.213191E-01 8.898386E-02 6.706042E-02
231 8.414286E+01 5.178571E-01 2.079278E+00 2.485876E-02 2.557139E-02 3.031103E-02 3.465027E-02 1.219366E-01 1.591581E-01 1.213191E-01 8.898386E-02 6.706042E-02
232 8.466071E+01 5.178571E-01 2.079278E+00 2.485876E-02 2.557139E-02 3.031103E-02 3.465027E-02 1.219366E-01 1.591581E-01 1.213191E-01 8.898386E-02 6.706042E-02
233 8.517857E+01 5.178571E-01 2.079278E+00 2.485876E-02 2.557139E-02 3.031103E-02 3.465027E-02 1.219366E-01 1.591581E-01 1.213191E-01 8.898386E-02 6.706042E-02
234 8.569643E+01 5.178571E-01 2.079278E+00 2.485876E-02 2.557139E-02 3.031103E-02 3.465027E-02 1.219366E-01 1.591581E-01 1.213191E-01 8.898386E-02 6.706042E-02
235 8.621429E+01 5.178571E-01 2.079278E+00 2.485876E-02 2.557139E-02 3.031103E-02 3.465027E-02 1.219366E-01 1.591581E-01 1.213191E-01 8.898386E-02 6.706042E-02
236 8.673214E+01 5.178571E-01 2.079278E+00 2.485876E-02 2.557139E-02 3.031103E-02 3.465027E-02 1.219366E-01 1.591581E-01 1.213191E-01 8.898386E-02 6.706042E-02
237 8.725000E+01 5.178571E-01 2.079278E+00 2.485876E-02 2.557139E-02 3.031103E-02 3.465027E-02 1.219366E-01 1.591581E-01 1.213191E-01 8.898386E-02 6.706042E-02
238 8.776786E+01 5.178571E-01 2.079278E+00 2.485876E-02 2.557139E-02 3.031103E-02 3.465027E-02 1.219366E-01 1.591581E-01 1.213191E-01 8.898386E-02 6.706042E-02
239 8.828571E+01 5.178571E-01 2.079278E+00 2.485876E-02 2.557139E-02 3.031103E-02 3.465027E-02 1.219366E-01 1.591581E-01 1.213191E-01 8.898386E-02 6.706042E-02
240 8.880357E+01 5.178571E-01 2.079278E+00 2.485876E-02 2.557139E-02 3.031103E-02 3.465027E-02 1.219366E-01 1.591581E-01 1.213191E-01 8.898386E-02 6.706042E-02
241 8.932143E+01 5.178571E-01 2.079278E+00 2.485876E-02 2.557139E-02 3.031103E-02 3.465027E-02 1.219366E-01 1.591581E-01 1.213191E-01 8.898386E-02 6.706042E-02
242 8.983929E+01 5.178571E-01 2.079278E+00 2.485876E-02 2.557139E-02 3.031103E-02 3.465027E-02 1.219366E-01 1.591581E-01 1.213191E-01 8.898386E-02 6.706042E-02
243 9.035714E+01 5.178571E-01 2.079278E+00 2.485876E-02 2.557139E-02 3.031103E-02 3.465027E-02 1.219366E-01 1.591581E-01 1.213191E-01 8.898386E-02 6.706042E-02
244 9.087500E+01 5.178571E-01 2.079278E+00 2.485876E-02 2.557139E-02 3.031103E-02 3.465027E-02 1.219366E-01 1.591581E-01 1.213191E-01 8.898386E-02 6.706042E-02
245 9.139286E+01 5.178571E-01 2.079278E+00 2.485876E-02 2.557139E-02 3.031103E-02 3.465027E-02 1.219366E-01 1.591581E-01 1.213191E-01 8.898386E-02 6.706042E-02
246 9.191071E+01 5.178571E-01 2.079278E+00 2.485876E-02 2.557139E-02 3.031103E-02 3.465027E-02 1.219366E-01 1.591581E-01 1.213191E-01 8.898386E-02 6.706042E-02
247 9.242857E+01 5.178571E-01 2.079278E+00 2.485876E-02 2.557139E-02 3.031103E-02 3.465027E-02 1.219366E-01 1.591581E-01 1.213191E-01 8.898386E-02 6.706042E-02
248 9.294643E+01 5.178571E-01 2.079278E+00 2.485876E-02 2.557139E-02 3.031103E-02 3.465027E-02 1.219366E-01 1.591581E-01 1.213191E-01 8.898386E-02 6.706042E-02
249 9.346429E+01 5.178571E-01 2.079278E+00 2.485876E-02 2.557139E-02 3.031103E-02 3.465027E-02 1.219366E-01 1.591581E-01 1.213191E-01 8.898386E-02 6.706042E-02
250 9.398214E+01 5.178571E-01 2.079278E+00 2.485876E-02 2.557139E-02 3.031103E-02 3.465027E-02 1.219366E-01 1.591581E-01 1.213191E-01 8.898386E-02 6.706042E-02
251 9.450000E+01 5.178571E-01 2.079278E+00 2.485876E-02 2.557139E-02 3.031103E-02 3.465027E-02 1.219366E-01 1.591581E-01 1.213191E-01 8.898386E-02 6.706042E-02
252 9.501786E+01 5.178571E-01 2.079278E+00 2.485876E-02 2.557139E-02 3.031103E-02 3.465027E-02 1.219366E-01 1.591581E-01 1.213191E-01 8.898386E-02 6.706042E-02
253 9.553571E+01 5.178571E-01 2.079278E+00 2.485876E-02 2.557139E-02 3.031103E-02 3.465027E-02 1.219366E-01 1.591581E-01 1.213191E-01 8.898386E-02 6.706042E-02
254 9.605357E+01 5.178571E-01 2.079278E+00 2.485876E-02 2.557139E-02 3.031103E-02 3.465027E-02 1.219366E-01 1.591581E-01 1.213191E-01 8.898386E-02 6.706042E-02
255 9.657143E+01 5.178571E-01 2.079278E+00 2.485876E-02 2.557139E-02 3.031103E-02 3.465027E-02 1.219366E-01 1.591581E-01 1.213191E-01 8.898386E-02 6.706042E-02
256 9.708929E+01 5.178571E-01 2.079278E+00 2.485876E-02 2.557139E-02 3.031103E-02 3.465027E-02 1.219366E-01 1.591581E-01 1.213191E-01 8.898386E-02 6.706042E-02
257 9.760714E+01 5.178571E-01 2.079278E+00 2.485876E-02 2.557139E-02 3.031103E-02 3.465027E-02 1.219366E-01 1.591581E-01 1.213191E-01 8.898386E-02 6.706042E-02
258 9.812500E+01 5.178571E-01 2.079278E+00 2.485876E-02 2.557139E-02 3.031103E-02 3.465027E-02 1.219366E-01 1.591581E-01 1.213191E-01 8.898386E-02 6.706042E-02
259 9.864286E+01 5.178571E-01 2.079278E+00 2.485876E-02 2.557139E-02 3.031103E-02 3.465027E-02 1.219366E-01 1.591581E-01 1.213191E-01 8.898386E-02 6.706042E-02
260 9.916071E+01 5.178571E-01 2.079278E+00 2.485876E-02 2.557139E-02 3.031103E-02 3.465027E-02 1.219366E-01 1.591581E-01 1.213191E-01 8.898386E-02 6.706042E-02
261 9.967857E+01 5.178571E-01 2.079278E+00 2.485876E-02 2.557139E-02 3.031103E-02 3.465027E-02 1.219366E-01 1.591581E-01 1.213191E-01 8.898386E-02 6.706042E-02
262 1.001964E+02 5.178571E-01 2.079278E+00 2.485876E-02 2.557139E-02 3.031103E-02 3.465027E-02 1.219366E-01 1.591581E-01 1.213191E-01 8.898386E-02 6.706042E-02
263 1.007143E+02 5.178571E-01 2.079278E+00 2.485876E-02 2.557139E-02 3.031103E-02 3.465027E-02 1.219366E-01 1.591581E-01 1.213191E-01 8.898386E-02 6.706042E-02
264 1.012321E+02 5.178571E-01 2.079278E+00 2.485876E-02 2.557139E-02 3.031103E-02 3.465027E-02 1.219366E-01 1.591581E-01 1.213191E-01 8.898386E-02 6.706042E-02
265 1.017500E+02 5.178571E-01 2.079278E+00 2.485876E-02 2.557139E-02 3.031103E-02 3.465027E-02 1.219366E-01 1.591581E-01 1.213191E-01 8.898386E-02 6.706042E-02
266 1.022679E+02 5.178571E-01 2.079278E+00 2.485876E-02 2.557139E-02 3.031103E-02 3.465027E-02 1.219366E-01 1.591581E-01 1.213191E-01 8.898386E-02 6.706042E-02
267 1.027857E+02 5.178571E-01 2.079278E+00 2.485876E-02 2.557139E-02 3.031103E-02 3.465027E-02 1.219366E-01 1.591581E-01 1.213191E-01 8.898386E-02 6.706042E-02
268 1.033036E+02 5.178571E-01 2.079278E+00 2.485876E-02 2.557139E-02 3.031103E-02 3.465027E-02 1.219366E-01 1.591581E-01 1.213191E-01 8.898386E-02 6.706042E-02
269 1.038214E+02 5.178571E-01 2.079278E+00 2.485876E-02 2.557139E-02 3.031103E-02 3.465027E-02 1.219366E-01 1.591581E-01 1.213191E-01 8.898386E-02 6.706042E-02
270 1.043393E+02 5.178571E-01 2.079278E+00 2.485876E-02 2.557139E-02 3.031103E-02 3.465027E-02 1.219366E-01 1.591581E-01 1.213191E-01 8.898386E-02 6.706042E-02
271 1.048571E+02 5.178571E-01 2.079278E+00 2.485876E-02 2.557139E-02 3.031103E-02 3.465027E-02 1.219366E-01 1.591581E-01 1.213191E-01 8.898386E-02 6.706042E-02
272 1.053750E+02 5.178571E-01 2.079278E+00 2.485876E-02 2.557139E-02 3.031103E-02 3.465027E-02 1.219366E-01 1.591581E-01 1.213191E-01 8.898386E-02 6.706042E-02
273 1.058929E+02 5.178571E-01 2.079278E+00 2.485876E-02 2.557139E-02 3.031103E-02 3.465027E-02 1.219366E-01 1.591581E-01 1.213191E-01 8.898386E-02 6.706042E-02
274 1.064107E+02 5.178571E-01 2.079278E+00 2.485876E-02 2.557139E-02 3.031103E-02 3.465027E-02 1.219366E-01 1.591581E-01 1.213191E-01 8.898386E-02 6.706042E-02
275 1.069286E+02 5.178571E-01 2.079278E+00 2.485876E-02 2.557139E-02 3.031103E-02 3.465027E-02 1.219366E-01 1.591581E-01 1.213191E-01 8.898386E-02 6.706042E-02
276 1.074464E+02 5.178571E-01 2.079278E+00 2.485876E-02 2.557139E-02 3.031103E-02 3.465027E-02 1.219366E-01 1.591581E-01 1.213191E-01 8.898386E-02 6.706042E-02
277 1.079643E+02 5.178571E-01 2.079278E+00 2.485876E-02 2.557139E-02 3.031103E-02 3.465027E-02 1.219366E-01 1.591581E-01 1.213191E-01 8.898386E-02 6.706042E-02
278 1.084821E+02 5.178571E-01 2.079278E+00 2.485876E-02 2.557139E-02 3.031103E-02 3.465027E-02 1.219366E-01 1.591581E-01 1.213191E-01 8.898386E-02 6.706042E-02
279 1.090000E+02 5.178571E-01 2.079278E+00 2.485876E-02 2.557139E-02 3.031103E-02 3.465027E-02 1.219366E-01 1.591581E-01 1.213191E-01 8.898386E-02 6.706042E-02
280 1.095179E+02 5.178571E-01 2.079278E+00 2.485876E-02 2.557139E-02 3.031103E-02 3.465027E-02 1.219366E-01 1.591581E-01 1.213191E-01 8.898386E-02 6.706042E-02
281 1.100357E+02 5.178571E-01 2.079278E+00 2.485876E-02 2.557139E-02 3.031103E-02 3.465027E-02 1.219366E-01 1.591581E-01 1.213191E-01 8.898386E-02 6.706042E-02
282 1.105536E+02 5.178571E-01 2.079278E+00 2.485876E-02 2.557139E-02 3.031103E-02 3.465027E-02 1.219366E-01 1.591581E-01 1.213191E-01 8.898386E-02 6.706042E-02
283 1.110714E+02 5.178571E-01 2.079278E+00 2.485876E-02 2.557139E-02 3.031103E-02 3.465027E-02 1.219366E-01 1.591581E-01 1.213191E-01 8.898386E-02 6.706042E-02
284 1.115893E+02 5.178571E-01 2.079278E+00 2.485876E-02 2.557139E-02 3.031103E-02 3.465027E-02 1.219366E-01 1.591581E-01 1.213191E-01 8.898386E-02 6.706042E-02
285 1.121071E+02 5.178571E-01 2.079278E+00 2.485876E-02 2.557139E-02 3.031103E-02 3.465027E-02 1.219366E-01 1.591581E-01 1.213191E-01 8.898386E-02 6.706042E-02
286 1.126250E+02 5.178571E-01 2.079278E+00 2.485876E-02 2.557139E-02 3.031103E-02 3.465027E-02 1.219366E-01 1.591581E-01 1.213191E-01 8.898386E-02 6.706042E-02
287 1.131429E+02 5.178571E-01 2.079278E+00 2.485876E-02 2.557139E-02 3.031103E-02 3.465027E-02 1.219366E-01 1.591581E-01 1.213191E-01 8.898386E-02 6.706042E-02
288 1.136607E+02 5.178571E-01 2.079278E+00 2.485876E-02 2.557139E-02 3.031103E-02 3.465027E-02 1.219366E-01 1.591581E-01 1.213191E-01 8.898386E-02 6.706042E-02
289 1.141786E+02 5.178571E-01 2.079278E+00 2.485876E-02 2.557139E-02 3.031103E-02 3.465027E-02 1.219366E-01 1.591581E-01 1.213191E-01 8.898386E-02 6.706042E-02
290 1.146964E+02 5.178571E-01 2.079278E+00 2.485876E-02 2.557139E-02 3.031103E-02 3.465027E-02 1.219366E-01 1.591581E-01 1.213191E-01 8.898386E-02 6.706042E-02
291 1.152143E+02 5.178571E-01 2.079278E+00 2.485876E-02 2.557139E-02 3.031103E-02 3.465027E-02 1.219366E-01 1.591581E-01 1.213191E-01 8.898386E-02 6.706042E-02
292 1.157321E+02 5.178571E-01 2.079278E+00 2.485876E-02 2.557139E-02 3.031103E-02 3.465027E-02 1.219366E-01 1.591581E-01 1.213191E-01 8.898386E-02 6.706042E-02
293 1.162500E+02 5.178571E-01 2.079278E+00 2.485876E-02 2.557139E-02 3.031103E-02 3.465027E-02 1.219366E-01 1.591581E-01 1.213191E-01 8.898386E-02 6.706042E-02
294 1.167679E+02 5.178571E-01 2.079278E+00 2.485876E-02 2.557139E-02 3.031103E-02 3.465027E-02 1.219366E-01 1.591581E-01 1.213191E-01 8.898386E-02 6.706042E-02
295 1.172857E+02 5.178571E-01 2.079278E+00 2.485876E-02 2.557139E-02 3.031103E-02 3.465027E-02 1.219366E-01 1.591581E-01 1.213191E-01 8.898386E-02 6.706042E-02
296 1.178036E+02 5.178571E-01 2.079278E+00 2.485876E-02 2.557139E-02 3.031103E-02 3.465027E-02 1.219366E-01 1.591581E-01 1.213191E-01 8.898386E-02 6.706042E-02
297 1.183214E+02 5.178571E-01 2.079278E+00 2.485876E-02 2.557139E-02 3.031103E-02 3.465027E-02 1.219366E-01 1.591581E-01 1.213191E-01 8.898386E-02 6.706042E-02
298 1.188393E+02 5.178571E-01 2.079278E+00 2.485876E-02 2.557139E-02 3.031103E-02 3.465027E-02 1.219366E-01 1.591581E-01 1.213191E-01 8.898386E-02 6.706042E-02
299 1.193571E+02 5.178571E-01 2.079278E+00 2.485876E-02 2.557139E-02 3.031103E-02 3.465027E-02 1.219366E-01 1.591581E-01 1.213191E-01 8.898386E-02 6.706042E-02
300 1.198750E+02 5.178571E-01 2.079278E+00 2.485876E-02 2.557139E-02 3.031103E-02 3.465027E-02 1.219366E-01 1.591581E-01 1.213191E-01 8.898386E-02 6.706042E-02
301 1.203929E+02 5.178571E-01 2.079278E+00 2.485876E-02 2.557139E-02 3.031103E-02 3.465027E-02 1.219366E-01 1.591581E-01 1.213191E-01 8.898386E-02 6.706042E-02
302 1.209107E+02 5.178571E-01 2.079278E+00 2.485876E-02 2.557139E-02 3.031103E-02 3.465027E-02 1.219366E-01 1.591581E-01 1.213191E-01 8.898386E-02 6.706042E-02
303 1.214286E+02 5.178571E-01 2.079278E+00 2.485876E-02 2.557139E-02 3.031103E-02 3.465027E-02 1.219366E-01 1.591581E-01 1.213191E-01 8.898386E-02 6.706042E-02
304 1.219464E+02 5.178571E-01 2.079278E+00 2.485876E-02 2.557139E-02 3.031103E-02 3.465027E-02 1.219366E-01 1.591581E-01 1.213191E-01 8.898386E-02 6.706042E-02
305 1.224643E+02 5.178571E-01 2.079278E+00 2.485876E-02 2.557139E-02 3.031103E-02 3.465027E-02 1.219366E-01 1.591581E-01 1.213191E-01 8.898386E-02 6.706042E-02
306 1.229821E+02 5.178571E-01 2.079278E+00 2.485876E-02 2.557139E-02 3.031103E-02 3.465027E-02 1.219366E-01 1.591581E-01 1.213191E-01 8.898386E-02 6.706042E-02
307 1.235000E+02 5.178571E-01 2.079278E+00 2.485876E-02 2.557139E-02 3.031103E-02 3.465027E-02 1.219366E-01 1.591581E-01 1.213191E-01 8.898386E-02 6.706042E-02
308 1.240179E+02 5.178571E-01 2.079278E+00 2.485876E-02 2.557139E-02 3.031103E-02 3.465027E-02 1.219366E-01 1.591581E-01 1.213191E-01 8.898386E-02 6.706042E-02
309 1.245357E+02 5.178571E-01 2.079278E+00 2.485876E-02 2.557139E-02 3.031103E-02 3.465027E-02 1.219366E-01 1.591581E-01 1.213191E-01 8.898386E-02 6.706042E-02
310 1.250536E+02 5.178571E-01 2.079278E+00 2.485876E-02 2.557139E-02 3.031103E-02 3.465027E-02 1.219366E-01 1.591581E-01 1.213191E-01 8.898386E-02 6.706042E-02
311 1.255714E+02 5.178571E-01 2.079278E+00 2.485876E-02 2.557139E-02 3.031103E-02 3.465027E-02 1.219366E-01 1.591581E-01 1.213191E-01 8.898386E-02 6.706042E-02
312 1.260893E+02 5.178571E-01 2.079278E+00 2.485876E-02 2.557139E-02 3.031103E-02 3.465027E-02 1.219366E-01 1.591581E-01 1.213191E-01 8.898386E-02 6.706042E-02
313 1.266071E+02 5.178571E-01 2.079278E+00 2.485876E-02 2.557139E-02 3.031103E-02 3.465027E-02 1.219366E-01 1.591581E-01 1.213191E-01 8.898386E-02 6.706042E-02
314 1.271250E+02 5.178571E-01 2.079278E+00 2.485876E-02 2.557139E-02 3.031103E-02 3.465027E-02 1.219366E-01 1.591581E-01 1.213191E-01 8.898386E-02 6.706042E-02
315 1.276429E+02 5.178571E-01 2.079278E+00 2.485876E-02 2.557139E-02 3.031103E-02 3.465027E-02 1.219366E-01 1.591581E-01 1.213191E-01 8.898386E-02 6.706042E-02
316 1.281607E+02 5.178571E-01 2.079278E+00 2.485876E-02 2.557139E-02 3.031103E-02 3.465027E-02 1.219366E-01 1.591581E-01 1.213191E-01 8.898386E-02 6.706042E-02
317 1.286786E+02 5.178571E-01 2.079278E+00 2.485876E-02 2.557139E-02 3.031103E-02 3.465027E-02 1.219366E-01 1.591581E-01 1.213191E-01 8.898386E-02 6.706042E-02
318 1.291964E+02 5.178571E-01 2.079278E+00 2.485876E-02 2.557139E-02 3.031103E-02 3.465027E-02 1.219366E-01 1.591581E-01 1.213191E-01 8.898386E-02 6.706042E-02
319 1.297143E+02 5.178571E-01 2.079278E+00 2.485876E-02 2.557139E-02 3.031103E-02 3.465027E-02 1.219366E-01 1.591581E-01 1.213191E-01 8.898386E-02 6.706042E-02
320 1.302321E+02 5.178571E-01 2.079278E+00 2.485876E-02 2.557139E-02 3.031103E-02 3.465027E-02 1.219366E-01 1.591581E-01 1.213191E-01 8.898386E-02 6.706042E-02
321 1.307500E+02 5.178571E-01 2.079278E+00 2.485876E-02 2.557139E-02 3.031103E-02 3.465027E-02 1.219366E-01 1.591581E-01 1.213191E-01 8.898386E-02 6.706042E-02
322 1.312679E+02 5.178571E-01 2.079278E+00 2.485876E-02 2.557139E-02 3.031103E-02 3.465027E-02 1.219366E-01 1.591581E-01 1.213191E-01 8.898386E-02 6.706042E-02
323 1.317857E+02 5.178571E-01 2.079278E+00 2.485876E-02 2.557139E-02 3.031103E-02 3.465027E-02 1.219366E-01 1.591581E-01 1.213191E-01 8.898386E-02 6.706042E-02
324 1.323036E+02 5.178571E-01 2.079278E+00 2.485876E-02 2.557139E-02 3.031103E-02 3.465027E-02 1.219366E-01 1.591581E-01 1.213191E-01 8.898386E-02 6.706042E-02
325 1.328214E+02 5.178571E-01 2.079278E+00 2.485876E-02 2.557139E-02 3.031103E-02 3.465027E-02 1.219366E-01 1.591581E-01 1.213191E-01 8.898386E-02 6.706042E-02
326 1.333393E+02 5.178571E-01 2.079278E+00 2.485876E-02 2.557139E-02 3.031103E-02 3.465027E-02 1.219366E-01 1.591581E-01 1.213191E-01 8.898386E-02 6.706042E-02
327 1.338571E+02 5.178571E-01 2.079278E+00 2.485876E-02 2.557139E-02 3.031103E-02 3.465027E-02 1.219366E-01 1.591581E-01 1.213191E-01 8.898386E-02 6.706042E-02
328 1.343750E+02 5.178571E-01 2.079278E+00 2.485876E-02 2.557139E-02 3.031103E-02 3.465027E-02 1.219366E-01 1.591581E-01 1.213191E-01 8.898386E-02 6.706042E-02
329 1.348929E+02 5.178571E-01 2.079278E+00 2.485876E-02 2.557139E-02 3.031103E-02 3.465027E-02 1.219366E-01 1.591581E-01 1.213191E-01 8.898386E-02 6.706042E-02
330 1.354107E+02 5.178571E-01 2.079278E+00 2.485876E-02 2.557139E-02 3.031103E-02 3.465027E-02 1.219366E-01 1.591581E-01 1.213191E-01 8.898386E-02 6.706042E-02
331 1.359286E+02 5.178571E-01 2.079278E+00 2.485876E-02 2.557139E-02 3.031103E-02 3.465027E-02 1.219366E-01 1.591581E-01 1.213191E-01 8.898386E-02 6.706042E-02
332 1.364464E+02 5.178571E-01 2.079278E+00 2.485876E-02 2.557139E-02 3.031103E-02 3.465027E-02 1.219366E-01 1.591581E-01 1.213191E-01 8.898386E-02 6.706042E-02
333 1.369643E+02 5.178571E-01 2.079278E+00 2.485876E-02 2.557139E-02 3.031103E-02 3.465027E-02 1.219366E-01 1.591581E-01 1.213191E-01 8.898386E-02 6.706042E-02
334 1.374821E+02 5.178571E-01 2.079278E+00 2.485876E-02 2.557139E-02 3.031103E-02 3.465027E-02 1.219366E-01 1.591581E-01 1.213191E-01 8.898386E-02 6.706042E-02
335 1.380000E+02 5.178571E-01 2.079278E+00 2.485876E-02 2.557139E-02 3.031103E-02 3.465027E-02 1.219366E-01 1.591581E-01 1.213191E-01 8.898386E-02 6.706042E-02
336 1.385179E+02 5.178571E-01 2.079278E+00 2.485876E-02 2.557139E-02 3.031103E-02 3.465027E-02 1.219366E-01 1.591581E-01 1.213191E-01 8.898386E-02 6.706042E-02
337 1.390357E+02 5.178571E-01 2.079278E+00 2.485876E-02 2.557139E-02 3.031103E-02 3.465027E-02 1.219366E-01 1.591581E-01 1.213191E-01 8.898386E-02 6.706042E-02
338 1.395536E+02 5.178571E-01 2.079278E+00 2.485876E-02 2.557139E-02 3.031103E-02 3.465027E-02 1.219366E-01 1.591581E-01 1.213191E-01 8.898386E-02 6.706042E-02
339 1.400714E+02 5.178571E-01 2.079278E+00 2.485876E-02 2.557139E-02 3.031103E-02 3.465027E-02 1.219366E-01 1.591581E-01 1.213191E-01 8.898386E-02 6.706042E-02
340 1.405893E+02 5.178571E-01 2.079278E+00 2.485876E-02 2.557139E-02 3.031103E-02 3.465027E-02 1.219366E-01 1.591581E-01 1.213191E-01 8.898386E-02 6.706042E-02
341 1.411071E+02 5.178571E-01 2.079278E+00 2.485876E-02 2.557139E-02 3.031103E-02 3.465027E-02 1.219366E-01 1.591581E-01 1.213191E-01 8.898386E-02 6.706042E-02
342 1.416250E+02 5.178571E-01 2.079278E+00 2.485876E-02 2.557139E-02 3.031103E-02 3.465027E-02 1.219366E-01 1.591581E-01 1.213191E-01 8.898386E-02 6.706042E-02
343 1.421429E+02 5.178571E-01 2.079278E+00 2.485876E-02 2.557139E-02 3.031103E-02 3.465027E-02 1.219366E-01 1.591581E-01 1.213191E-01 8.898386E-02 6.706042E-02
344 1.426607E+02 5.178571E-01 2.079278E+00 2.485876E-02 2.557139E-02 3.031103E-02 3.465027E-02 1.219366E-01 1.591581E-01 1.213191E-01 8.898386E-02 6.706042E-02
345 1.431786E+02 5.178571E-01 2.079278E+00 2.485876E-02 2.557139E-02 3.031103E-02 3.465027E-02 1.219366E-01 1.591581E-01 1.213191E-01 8.898386E-02 6.706042E-02
346 1.436964E+02 5.178571E-01 2.079278E+00 2.485876E-02 2.557139E-02 3.031103E-02 3.465027E-02 1.219366E-01 1.591581E-01 1.213191E-01 8.898386E-02 6.706042E-02
347 1.442143E+02 5.178571E-01 2.079278E+00 2.485876E-02 2.557139E-02 3.031103E-02 3.465027E-02 1.219366E-01 1.591581E-01 1.213191E-01 8.898386E-02 6.706042E-02
348 1.447321E+02 5.178571E-01 2.079278E+00 2.485876E-02 2.557139E-02 3.031103E-02 3.465027E-02 1.219366E-01 1.591581E-01 1.213191E-01 8.898386E-02 6.706042E-02
349 1.452500E+02 5.178571E-01 2.079278E+00 2.485876E-02 2.557139E-02 3.031103E-02 3.465027E-02 1.219366E-01 1.591581E-01 1.213191E-01 8.898386E-02 6.706042E-02
350 1.457679E+02 5.178571E-01 2.079278E+00 2.485876E-02 2.557139E-02 3.031103E-02 3.465027E-02 1.219366E-01 1.591581E-01 1.213191E-01 8.898386E-02 6.706042E-02
351 1.462857E+02 5.178571E-01 2.079278E+00 2.485876E-02 2.557139E-02 3.031103E-02 3.465027E-02 1.219366E-01 1.591581E-01 1.213191E-01 8.898386E-02 6.706042E-02
352 1.468036E+02 5.178571E-01 2.079278E+00 2.485876E-02 2.557139E-02 3.031103E-02 3.465027E-02 1.219366E-01 1.591581E-01 1.213191E-01 8.898386E-02 6.706042E-02
353 1.473214E+02 5.178571E-01 2.079278E+00 2.485876E-02 2.557139E-02 3.031103E-02 3.465027E-02 1.219366E-01 1.591581E-01 1.213191E-01 8.898386E-02 6.706042E-02
354 1.478393E+02 5.178571E-01 2.079278E+00 2.485876E-02 2.557139E-02 3.031103E-02 3.465027E-02 1.219366E-01 1.591581E-01 1.213191E-01 8.898386E-02 6.706042E-02
355 1.483571E+02 5.178571E-01 2.079278E+00 2.485876E-02 2.557139E-02 3.031103E-02 3.465027E-02 1.219366E-01 1.591581E-01 1.213191E-01 8.898386E-02 6.706042E-02
356 1.488750E+02 5.178571E-01 2.079278E+00 2.485876E-02 2.557139E-02 3.031103E-02 3.465027E-02 1.219366E-01 1.591581E-01 1.213191E-01 8.898386E-02 6.706042E-02
357 1.493929E+02 5.178571E-01 2.079278E+00 2.485876E-02 2.557139E-02 3.031103E-02 3.465027E-02 1.219366E-01 1.591581E-01 1.213191E-01 8.898386E-02 6.706042E-02
358 1.499107E+02 5.178571E-01 2.079278E+00 2.485876E-02 2.557139E-02 3.031103E-02 3.465027E-02 1.219366E-01 1.591581E-01 1.213191E-01 8.898386E-02 6.706042E-02
359 1.504286E+02 5.178571E-01 2.079278E+00 2.485876E-02 2.557139E-02 3.031103E-02 3.465027E-02 1.219366E-01 1.591581E-01 1.213191E-01 8.898386E-02 6.706042E-02
360 1.509464E+02 5.178571E-01 2.079278E+00 2.485876E-02 2.557139E-02 3.031103E-02 3.465027E-02 1.219366E-01 1.591581E-01 1.213191E-01 8.898386E-02 6.706042E-02
361 1.514643E+02 5.178571E-01 2.079278E+00 2.485876E-02 2.557139E-02 3.031103E-02 3.465027E-02 1.219366E-01 1.591581E-01 1.213191E-01 8.898386E-02 6.706042E-02
362 1.519821E+02 5.178571E-01 2.079278E+00 2.485876E-02 2.557139E-02 3.031103E-02 3.465027E-02 1.219366E-01 1.591581E-01 1.213191E-01 8.898386E-02 6.706042E-02
363 1.525000E+02 5.178571E-01 2.079278E+00 2.485876E-02 2.557139E-02 3.031103E-02 3.465027E-02 1.219366E-01 1.591581E-01 1.213191E-01 8.898386E-02 6.706042E-02
364 1.530179E+02 5.178571E-01 2.079278E+00 2.485876E-02 2.557139E-02 3.031103E-02 3.465027E-02 1.219366E-01 1.591581E-01 1.213191E-01 8.898386E-02 6.706042E-02
365 1.535357E+02 5.178571E-01 2.079278E+00 2.485876E-02 2.557139E-02 3.031103E-02 3.465027E-02 1.219366E-01 1.591581E-01 1.213191E-01 8.898386E-02 6.706042E-02
366 1.540536E+02 5.178571E-01 2.079278E+00 2.485876E-02 2.557139E-02 3.031103E-02 3.465027E-02 1.219366E-01 1.591581E-01 1.213191E-01 8.898386E-02 6.706042E-02
367 1.545714E+02 5.178571E-01 2.079278E+00 2.485876E-02 2.557139E-02 3.031103E-02 3.465027E-02 1.219366E-01 1.591581E-01 1.213191E-01 8.898386E-02 6.706042E-02
368 1.550893E+02 5.178571E-01 2.079278E+00 2.485876E-02 2.557139E-02 3.031103E-02 3.465027E-02 1.219366E-01 1.591581E-01 1.213191E-01 8.898386E-02 6.706042E-02
369 1.556071E+02 5.178571E-01 2.079278E+00 2.485876E-02 2.557139E-02 3.031103E-02 3.465027E-02 1.219366E-01 1.591581E-01 1.213191E-01 8.898386E-02 6.706042E-02
370 1.561250E+02 5.178571E-01 2.079278E+00 2.485876E-02 2.557139E-02 3.031103E-02 3.465027E-02 1.219366E-01 1.591581E-01 1.213191E-01 8.898386E-02 6.706042E-02
371 1.566429E+02 5.178571E-01 2.079278E+00 2.485876E-02 2.557139E-02 3.031103E-02 3.465027E-02 1.219366E-01 1.591581E-01 1.213191E-01 8.898386E-02 6.706042E-02
372 1.571607E+02 5.178571E-01 2.079278E+00 2.485876E-02 2.557139E-02 3.031103E-02 3.465027E-02 1.219366E-01 1.591581E-01 1.213191E-01 8.898386E-02 6.706042E-02
373 1.576786E+02 5.178571E-01 2.079278E+00 2.485876E-02 2.557139E-02 3.031103E-02 3.465027E-02 1.219366E-01 1.591581E-01 1.213191E-01 8.898386E-02 6.706042E-02
374 1.581964E+02 5.178571E-01 2.079278E+00 2.485876E-02 2.557139E-02 3.031103E-02 3.465027E-02 1.219366E-01 1.591581E-01 1.213191E-01 8.898386E-02 6.706042E-02
375 1.587143E+02 5.178571E-01 2.079278E+00 2.485876E-02 2.557139E-02 3.031103E-02 3.465027E-02 1.219366E-01 1.591581E-01 1.213191E-01 8.898386E-02 6.706042E-02
376 1.592321E+02 5.178571E-01 2.079278E+00 2.485876E-02 2.557139E-02 3.031103E-02 3.465027E-02 1.219366E-01 1.591581E-01 1.213191E-01 8.898386E-02 6.706042E-02
377 1.597500E+02 5.178571E-01 2.079278E+00 2.485876E-02 2.557139E-02 3.031103E-02 3.465027E-02 1.219366E-01 1.591581E-01 1.213191E-01 8.898386E-02 6.706042E-02
378 1.602679E+02 5.178571E-01 2.079278E+00 2.485876E-02 2.557139E-02 3.031103E-02 3.465027E-02 1.219366E-01 1.591581E-01 1.213191E-01 8.898386E-02 6.706042E-02
379 1.607857E+02 5.178571E-01 2.079278E+00 2.485876E-02 2.557139E-02 3.031103E-02 3.465027E-02 1.219366E-01 1.591581E-01 1.213191E-01 8.898386E-02 6.706042E-02
380 1.613036E+02 5.178571E-01 2.079278E+00 2.485876E-02 2.557139E-02 3.031103E-02 3.465027E-02 1.219366E-01 1.591581E-01 1.213191E-01 8.898386E-02 6.706042E-02
381 1.618214E+02 5.178571E-01 2.079278E+00 2.485876E-02 2.557139E-02 3.031103E-02 3.465027E-02 1.219366E-01 1.591581E-01 1.213191E-01 8.898386E-02 6.706042E-02
382 1.623393E+02 5.178571E-01 2.079278E+00 2.485876E-02 2.557139E-02 3.031103E-02 3.465027E-02 1.219366E-01 1.591581E-01 1.213191E-01 8.898386E-02 6.706042E-02
383 1.628571E+02 5.178571E-01 2.079278E+00 2.485876E-02 2.557139E-02 3.031103E-02 3.465027E-02 1.219366E-01 1.591581E-01 1.213191E-01 8.898386E-02 6.706042E-02
384 1.633750E+02 5.178571E-01 2.079278E+00 2.485876E-02 2.557139E-02 3.031103E-02 3.465027E-02 1.219366E-01 1.591581E-01 1.213191E-01 8.898386E-02 6.706042E-02
385 1.638929E+02 5.178571E-01 2.079278E+00 2.485876E-02 2.557139E-02 3.031103E-02 3.465027E-02 1.219366E-01 1.591581E-01 1.213191E-01 8.898386E-02 6.706042E-02
386 1.644107E+02 5.178571E-01 2.079278E+00 2.485876E-02 2.557139E-02 3.031103E-02 3.465027E-02 1.219366E-01 1.591581E-01 1.213191E-01 8.898386E-02 6.706042E-02
387 1.649286E+02 5.178571E-01 2.079278E+00 2.485876E-02 2.557139E-02 3.031103E-02 3.465027E-02 1.219366E-01 1.591581E-01 1.213191E-01 8.898386E-02 6.706042E-02
388 1.654464E+02 5.178571E-01 2.079278E+00 2.485876E-02 2.557139E-02 3.031103E-02 3.465027E-02 1.219366E-01 1.591581E-01 1.213191E-01 8.898386E-02 6.706042E-02
389 1.659643E+02 5.178571E-01 2.079278E+00 2.485876E-02 2.557139E-02 3.031103E-02 3.465027E-02 1.219366E-01 1.591581E-01 1.213191E-01 8.898386E-02 6.706042E-02
390 1.664821E+02 5.178571E-01 2.079278E+00 2.485876E-02 2.557139E-02 3.031103E-02 3.465027E-02 1.219366E-01 1.591581E-01 1.213191E-01 8.898386E-02 6.706042E-02
391 1.670000E+02 5.178571E-01 2.079278E+00 2.485876E-02 2.557139E-02 3.031103E-02 3.465027E-02 1.219366E-01 1.591581E-01 1.213191E-01 8.898386E-02 6.706042E-02
392 1.675179E+02 5.178571E-01 2.079278E+00 2.485876E-02 2.557139E-02 3.031103E-02 3.465027E-02 1.219366E-01 1.591581E-01 1.213191E-01 8.898386E-02 6.706042E-02
393 1.680357E+02 5.178571E-01 2.079278E+00 2.485876E-02 2.557139E-02 3.031103E-02 3.465027E-02 1.219366E-01 1.591581E-01 1.213191E-01 8.898386E-02 6.706042E-02
394 1.685536E+02 5.178571E-01 2.079278E+00 2.485876E-02 2.557139E-02 3.031103E-02 3.465027E-02 1.219366E-01 1.591581E-01 1.213191E-01 8.898386E-02 6.706042E-02
395 1.690714E+02 5.178571E-01 2.079278E+00 2.485876E-02 2.557139E-02 3.031103E-02 3.465027E-02 1.219366E-01 1.591581E-01 1.213191E-01 8.898386E-02 6.706042E-02
396 1.695893E+02 5.178571E-01 2.079278E+00 2.485876E-02 2.557139E-02 3.031103E-02 3.465027E-02 1.219366E-01 1.591581E-01 1.213191E-01 8.898386E-02 6.706042E-02
397 1.701071E+02 5.178571E-01 2.079278E+00 2.485876E-02 2.557139E-02 3.031103E-02 3.465027E-02 1.219366E-01 1.591581E-01 1.213191E-01 8.898386E-02 6.706042E-02
398 1.706250E+02 5.178571E-01 2.079278E+00 2.485876E-02 2.557139E-02 3.031103E-02 3.465027E-02 1.219366E-01 1.591581E-01 1.213191E-01 8.898386E-02 6.706042E-02
399 1.711429E+02 5.178571E-01 2.079278E+00 2.485876E-02 2.557139E-02 3.031103E-02 3.465027E-02 1.219366E-01 1.591581E-01 1.213191E-01 8.898386E-02 6.706042E-02
400 1.716607E+02 5.178571E-01 2.079278E+00 2.485876E-02 2.557139E-02 3.031103E-02 3.465027E-02 1.219366E-01 1.591581E-01 1.213191E-01 8.898386E-02 6.706042E-02
401 1.721786E+02 5.178571E-01 2.079278E+00 2.485876E-02 2.557139E-02 3.031103E-02 3.465027E-02 1.219366E-01 1.591581E-01 1.213191E-01 8.898386E-02 6.706042E-02
402 1.726964E+02 5.178571E-01 2.079278E+00 2.485876E-02 2.557139E-02 3.031103E-02 3.465027E-02 1.219366E-01 1.591581E-01 1.213191E-01 8.898386E-02 6.706042E-02
403 1.732143E+02 5.178571E-01 2.079278E+00 2.485876E-02 2.557139E-02 3.031103E-02 3.465027E-02 1.219366E-01 1.591581E-01 1.213191E-01 8.898386E-02 6.706042E-02
404 1.737321E+02 5.178571E-01 2.079278E+00 2.485876E-02 2.557139E-02 3.031103E-02 3.465027E-02 1.219366E-01 1.591581E-01 1.213191E-01 8.898386E-02 6.706042E-02
405 1.742500E+02 5.178571E-01 2.079278E+00 2.485876E-02 2.557139E-02 3.031103E-02 3.465027E-02 1.219366E-01 1.591581E-01 1.213191E-01 8.898386E-02 6.706042E-02
406 1.747679E+02 5.178571E-01 2.079278E+00 2.485876E-02 2.557139E-02 3.031103E-02 3.465027E-02 1.219366E-01 1.591581E-01 1.213191E-01 8.898386E-02 6.706042E-02
407 1.752857E+02 5.178571E-01 2.079278E+00 2.485876E-02 2.557139E-02 3.031103E-02 3.465027E-02 1.219366E-01 1.591581E-01 1.213191E-01 8.898386E-02 6.706042E-02
408 1.758036E+02 5.178571E-01 2.079278E+00 2.485876E-02 2.557139E-02 3.031103E-02 3.465027E-02 1.219366E-01 1.591581E-01 1.213191E-01 8.898386E-02 6.706042E-02
409 1.763214E+02 5.178571E-01 2.079278E+00 2.485876E-02 2.557139E-02 3.031103E-02 3.465027E-02 1.219366E-01 1.591581E-01 1.213191E-01 8.898386E-02 6.706042E-02
410 1.768393E+02 5.178571E-01 2.079278E+00 2.485876E-02 2.557139E-02 3.031103E-02 3.465027E-02 1.219366E-01 1.591581E-01 1.213191E-01 8.898386E-02 6.706042E-02
411 1.773571E+02 5.178571E-01 2.079278E+00 2.485876E-02 2.557139E-02 3.031103E-02 3.465027E-02 1.219366E-01 1.591581E-01 1.213191E-01 8.898386E-02 6.706042E-02
412 1.778750E+02 5.178571E-01 2.079278E+00 2.485876E-02 2.557139E-02 3.031103E-02 3.465027E-02 1.219366E-01 1.591581E-01 1.213191E-01 8.898386E-02 6.706042E-02
413 1.783929E+02 5.178571E-01 2.079278E+00 2.485876E-02 2.557139E-02 3.031103E-02 3.465027E-02 1.219366E-01 1.591581E-01 1.213191E-01 8.898386E-02 6.706042E-02
414 1.789107E+02 5.178571E-01 2.079278E+00 2.485876E-02 2.557139E-02 3.031103E-02 3.465027E-02 1.219366E-01 1.591581E-01 1.213191E-01 8.898386E-02 6.706042E-02
415 1.794286E+02 5.178571E-01 2.079278E+00 2.485876E-02 2.557139E-02 3.031103E-02 3.465027E-02 1.219366E-01 1.591581E-01 1.213191E-01 8.898386E-02 6.706042E-02
416 1.799464E+02 5.178571E-01 2.079278E+00 2.485876E-02 2.557139E-02 3.031103E-02 3.465027E-02 1.219366E-01 1.591581E-01 1.213191E-01 8.898386E-02 6.706042E-02
417 1.804643E+02 5.178571E-01 2.079278E+00 2.485876E-02 2.557139E-02 3.031103E-02 3.465027E-02 1.219366E-01 1.591581E-01 1.213191E-01 8.898386E-02 6.706042E-02
418 1.809821E+02 5.178571E-01 2.079278E+00 2.485876E-02 2.557139E-02 3.031103E-02 3.465027E-02 1.219366E-01 1.591581E-01 1.213191E-01 8.898386E-02 6.706042E-02
419 1.815000E+02 5.178571E-01 2.079278E+00 2.485876E-02 2.557139E-02 3.031103E-02 3.465027E-02 1.219366E-01 1.591581E-01 1.213191E-01 8.898386E-02 6.706042E-02
420 1.820179E+02 5.178571E-01 2.079278E+00 2.485876E-02 2.557139E-02 3.031103E-02 3.465027E-02 1.219366E-01 1.591581E-01 1.213191E-01 8.898386E-02 6.706042E-02
421 1.825357E+02 5.178571E-01 2.079278E+00 2.485876E-02 2.557139E-02 3.031103E-02 3.465027E-02 1.219366E-01 1.591581E-01 1.213191E-01 8.898386E-02 6.706042E-02
422 1.830536E+02 5.178571E-01 2.079278E+00 2.485876E-02 2.557139E-02 3.031103E-02 3.465027E-02 1.219366E-01 1.591581E-01 1.213191E-01 8.898386E-02 6.706042E-02
423 1.835714E+02 5.178571E-01 2.079278E+00 2.485876E-02 2.557139E-02 3.031103E-02 3.465027E-02 1.219366E-01 1.591581E-01 1.213191E-01 8.898386E-02 6.706042E-02
424 1.840893E+02 5.178571E-01 2.079278E+00 2.485876E-02 2.557139E-02 3.031103E-02 3.465027E-02 1.219366E-01 1.591581E-01 1.213191E-01 8.898386E-02 6.706042E-02
425 1.846071E+02 5.178571E-01 2.079278E+00 2.485876E-02 2.557139E-02 3.031103E-02 3.465027E-02 1.219366E-01 1.591581E-01 1.213191E-01 8.898386E-02 6.706042E-02
426 1.851250E+02 5.178571E-01 2.079278E+00 2.485876E-02 2.557139E-02 3.031103E-02 3.465027E-02 1.219366E-01 1.591581E-01 1.213191E-01 8.898386E-02 6.706042E-02
427 1.856429E+02 5.178571E-01 2.079278E+00 2.485876E-02 2.557139E-02 3.031103E-02 3.465027E-02 1.219366E-01 1.591581E-01 1.213191E-01 8.898386E-02 6.706042E-02
428 1.861607E+02 5.178571E-01 2.079278E+00 2.485876E-02 2.557139E-02 3.031103E-02 3.465027E-02 1.219366E-01 1.591581E-01 1.213191E-01 8.898386E-02 6.706042E-02
429 1.866786E+02 5.178571E-01 2.079278E+00 2.485876E-02 2.557139E-02 3.031103E-02 3.465027E-02 1.219366E-01 1.591581E-01 1.213191E-01 8.898386E-02 6.706042E-02
430 1.871964E+02 5.178571E-01 2.079278E+00 2.485876E-02 2.557139E-02 3.031103E-02 3.465027E-02 1.219366E-01 1.591581E-01 1.213191E-01 8.898386E-02 6.706042E-02
431 1.877143E+02 5.178571E-01 2.079278E+00 2.485876E-02 2.557139E-02 3.031103E-02 3.465027E-02 1.219366E-01 1.591581E-01 1.213191E-01 8.898386E-02 6.706042E-02
432 1.882321E+02 5.178571E-01 2.079278E+00 2.485876E-02 2.557139E-02 3.031103E-02 3.465027E-02 1.219366E-01 1.591581E-01 1.213191E-01 8.898386E-02 6.706042E-02
433 1.887500E+02 5.178571E-01 2.079278E+00 2.485876E-02 2.557139E-02 3.031103E-02 3.465027E-02 1.219366E-01 1.591581E-01 1.213191E-01 8.898386E-02 6.706042E-02
434 1.892679E+02 5.178571E-01 2.079278E+00 2.485876E-02 2.557139E-02 3.031103E-02 3.465027E-02 1.219366E-01 1.591581E-01 1.213191E-01 8.898386E-02 6.706042E-02
435 1.897857E+02 5.178571E-01 2.079278E+00 2.485876E-02 2.557139E-02 3.031103E-02 3.465027E-02 1.219366E-01 1.591581E-01 1.213191E-01 8.898386E-02 6.706042E-02
436 1.903036E+02 5.178571E-01 2.079278E+00 2.485876E-02 2.557139E-02 3.031103E-02 3.465027E-02 1.219366E-01 1.591581E-01 1.213191E-01 8.898386E-02 6.706042E-02
437 1.908214E+02 5.178571E-01 2.079278E+00 2.485876E-02 2.557139E-02 3.031103E-02 3.465027E-02 1.219366E-01 1.591581E-01 1.213191E-01 8.898386E-02 6.706042E-02
438 1.913393E+02 5.178571E-01 2.079278E+00 2.485876E-02 2.557139E-02 3.031103E-02 3.465027E-02 1.219366E-01 1.591581E-01 1.213191E-01 8.898386E-02 6.706042E-02
439 1.918571E+02 5.178571E-01 2.079278E+00 2.485876E-02 2.557139E-02 3.031103E-02 3.465027E-02 1.219366E-01 1.591581E-01 1.213191E-01 8.898386E-02 6.706042E-02
440 1.923750E+02 5.178571E-01 2.079278E+00 2.485876E-02 2.557139E-02 3.031103E-02 3.465027E-02 1.219366E-01 1.591581E-01 1.213191E-01 8.898386E-02 6.706042E-02
441 1.928929E+02 5.178571E-01 2.079278E+00 2.485876E-02 2.557139E-02 3.031103E-02 3.465027E-02 1.219366E-01 1.591581E-01 1.213191E-01 8.898386E-02 6.706042E-02
442 1.934107E+02 5.178571E-01 2.079278E+00 2.485876E-02 2.557139E-02 3.031103E-02 3.465027E-02 1.219366E-01 1.591581E-01 1.213191E-01 8.898386E-02 6.706042E-02
443 1.939286E+02 5.178571E-01 2.079278E+00 2.485876E-02 2.557139E-02 3.031103E-02 3.465027E-02 1.219366E-01 1.591581E-01 1.213191E-01 8.898386E-02 6.706042E-02
444 1.944464E+02 5.178571E-01 2.079278E+00 2.485876E-02 2.557139E-02 3.031103E-02 3.465027E-02 1.219366E-01 1.591581E-01 1.213191E-01 8.898386E-02 6.706042E-02
445 1.949643E+02 5.178571E-01 2.079278E+00 2.485876E-02 2.557139E-02 3.031103E-02 3.465027E-02 1.219366E-01 1.591581E-01 1.213191E-01 8.898386E-02 6.706042E-02
446 1.954821E+02 5.178571E-01 2.079278E+00 2.485876E-02 2.557139E-02 3.031103E-02 3.465027E-02 1.219366E-01 1.591581E-01 1.213191E-01 8.898386E-02 6.706042E-02
447 1.960000E+02 5.178571E-01 2.079278E+00 2.485876E-02 2.557139E-02 3.031103E-02 3.465027E-02 1.219366E-01 1.591581E-01 1.213191E-01 8.898386E-02 6.706042E-02
448 1.965179E+02 5.178571E-01 2.079278E+00 2.485876E-02 2.557139E-02 3.031103E-02 3.465027E-02 1.219366E-01 1.591581E-01 1.213191E-01 8.898386E-02 6.706042E-02
449 1.970357E+02 5.178571E-01 2.079278E+00 2.485876E-02 2.557139E-02 3.031103E-02 3.465027E-02 1.219366E-01 1.591581E-01 1.213191E-01 8.898386E-02 6.706042E-02
450 1.975536E+02 5.178571E-01 2.079278E+00 2.485876E-02 2.557139E-02 3.031103E-02 3.465027E-02 1.219366E-01 1.591581E-01 1.213191E-01 8.898386E-02 6.706042E-02
451 1.980714E+02 5.178571E-01 2.079278E+00 2.485876E-02 2.557139E-02 3.031103E-02 3.465027E-02 1.219366E-01 1.591581E-01 1.213191E-01 8.898386E-02 6.706042E-02
452 1.985893E+02 5.178571E-01 2.079278E+00 2.485876E-02 2.557139E-02 3.031103E-02 3.465027E-02 1.219366E-01 1.591581E-01 1.213191E-01 8.898386E-02 6.706042E-02
453 1.991071E+02 5.178571E-01 2.079278E+00 2.485876E-02 2.557139E-02 3.031103E-02 3.465027E-02 1.219366E-01 1.591581E-01 1.213191E-01 8.898386E-02 6.706042E-02
454 1.996250E+02 5.178571E-01 2.079278E+00 2.485876E-02 2.557139E-02 3.031103E-02 3.465027E-02 1.219366E-01 1.591581E-01 1.213191E-01 8.898386E-02 6.706042E-02
455 2.001429E+02 5.178571E-01 2.079278E+00 2.485876E-02 2.557139E-02 3.031103E-02 3.465027E-02 1.219366E-01 1.591581E-01 1.213191E-01 8.898386E-02 6.706042E-02
456 2.006607E+02 5.178571E-01 2.079278E+00 2.485876E-02 2.557139E-02 3.031103E-02 3.465027E-02 1.219366E-01 1.591581E-01 1.213191E-01 8.898386E-02 6.706042E-02
457 2.011786E+02 5.178571E-01 2.079278E+00 2.485876E-02 2.557139E-02 3.031103E-02 3.465027E-02 1.219366E-01 1.591581E-01 1.213191E-01 8.898386E-02 6.706042E-02
458 2.016964E+02 5.178571E-01 2.079278E+00 2.485876E-02 2.557139E-02 3.031103E-02 3.465027E-02 1.219366E-01 1.591581E-01 1.213191E-01 8.898386E-02 6.706042E-02
459 2.022143E+02 5.178571E-01 2.079278E+00 2.485876E-02 2.557139E-02 3.031103E-02 3.465027E-02 1.219366E-01 1.591581E-01 1.213191E-01 8.898386E-02 6.706042E-02
460 2.027321E+02 5.178571E-01 2.079278E+00 2.485876E-02 2.557139E-02 3.031103E-02 3.465027E-02 1.219366E-01 1.591581E-01 1.213191E-01 8.898386E-02 6.706042E-02
461 2.032500E+02 5.178571E-01 2.079278E+00 2.485876E-02 2.557139E-02 3.031103E-02 3.465027E-02 1.219366E-01 1.591581E-01 1.213191E-01 8.898386E-02 6.706042E-02
462 2.037679E+02 5.178571E-01 2.079278E+00 2.485876E-02 2.557139E-02 3.031103E-02 3.465027E-02 1.219366E-01 1.591581E-01 1.213191E-01 8.898386E-02 6.706042E-02
463 2.042857E+02 5.178571E-01 2.079278E+00 2.485876E-02 2.557139E-02 3.031103E-02 3.465027E-02 1.219366E-01 1.591581E-01 1.213191E-01 8.898386E-02 6.706042E-02
464 2.048036E+02 5.178571E-01 2.079278E+00 2.485876E-02 2.557139E-02 3.031103E-02 3.465027E-02 1.219366E-01 1.591581E-01 1.213191E-01 8.898386E-02 6.706042E-02
465 2.053214E+02 5.178571E-01 2.079278E+00 2.485876E-02 2.557139E-02 3.031103E-02 3.465027E-02 1.219366E-01 1.591581E-01 1.213191E-01 8.898386E-02 6.706042E-02
466 2.058393E+02 5.178571E-01 2.079278E+00 2.485876E-02 2.557139E-02 3.031103E-02 3.465027E-02 1.219366E-01 1.591581E-01 1.213191E-01 8.898386E-02 6.706042E-02
467 2.063571E+02 5.178571E-01 2.079278E+00 2.485876E-02 2.557139E-02 3.031103E-02 3.465027E-02 1.219366E-01 1.591581E-01 1.213191E-01 8.898386E-02 6.706042E-02
468 2.068750E+02 5.178571E-01 2.079278E+00 2.485876E-02 2.557139E-02 3.031103E-02 3.465027E-02 1.219366E-01 1.591581E-01 1.213191E-01 8.898386E-02 6.706042E-02
469 2.073929E+02 5.178571E-01 2.079278E+00 2.485876E-02 2.557139E-02 3.031103E-02 3.465027E-02 1.219366E-01 1.591581E-01 1.213191E-01 8.898386E-02 6.706042E-02
470 2.079107E+02 5.178571E-01 2.079278E+00 2.485876E-02 2.557139E-02 3.031103E-02 3.465027E-02 1.219366E-01 1.591581E-01 1.213191E-01 8.898386E-02 6.706042E-02
471 2.084286E+02 5.178571E-01 2.079278E+00 2.485876E-02 2.557139E-02 3.031103E-02 3.465027E-02 1.219366E-01 1.591581E-01 1.213191E-01 8.898386E-02 6.706042E-02
472 2.089464E+02 5.178571E-01 2.079278E+00 2.485876E-02 2.557139E-02 3.031103E-02 3.465027E-02 1.219366E-01 1.591581E-01 1.213191E-01 8.898386E-02 6.706042E-02
473 2.094643E+02 5.178571E-01 2.079278E+00 2.485876E-02 2.557139E-02 3.031103E-02 3.465027E-02 1.219366E-01 1.591581E-01 1.213191E-01 8.898386E-02 6.706042E-02
474 2.099821E+02 5.178571E-01 2.079278E+00 2.485876E-02 2.557139E-02 3.031103E-02 3.465027E-02 1.219366E-01 1.591581E-01 1.213191E-01 8.898386E-02 6.706042E-02
475 2.105000E+02 5.178571E-01 2.079278E+00 2.485876E-02 2.557139E-02 3.031103E-02 3.465027E-02 1.219366E-01 1.591581E-01 1.213191E-01 8.898386E-02 6.706042E-02
476 2.110179E+02 5.178571E-01 2.079278E+00 2.485876E-02 2.557139E-02 3.031103E-02 3.465027E-02 1.219366E-01 1.591581E-01 1.213191E-01 8.898386E-02 6.706042E-02
477 2.115357E+02 5.178571E-01 2.079278E+00 2.485876E-02 2.557139E-02 3.031103E-02 3.465027E-02 1.219366E-01 1.591581E-01 1.213191E-01 8.898386E-02 6.706042E-02
478 2.120536E+02 5.178571E-01 2.079278E+00 2.485876E-02 2.557139E-02 3.031103E-02 3.465027E-02 1.219366E-01 1.591581E-01 1.213191E-01 8.898386E-02 6.706042E-02
479 2.125714E+02 5.178571E-01 2.079278E+00 2.485876E-02 2.557139E-02 3.031103E-02 3.465027E-02 1.219366E-01 1.591581E-01 1.213191E-01 8.898386E-02 6.706042E-02
480 2.130893E+02 5.178571E-01 2.079278E+00 2.485876E-02 2.557139E-02 3.031103E-02 3.465027E-02 1.219366E-01 1.591581E-01 1.213191E-01 8.898386E-02 6.706042E-02
481 2.136071E+02 5.178571E-01 2.079278E+00 2.485876E-02 2.557139E-02 3.031103E-02 3.465027E-02 1.219366E-01 1.591581E-01 1.213191E-01 8.898386E-02 6.706042E-02
482 2.141250E+02 5.178571E-01 2.079278E+00 2.485876E-02 2.557139E-02 3.031103E-02 3.465027E-02 1.219366E-01 1.591581E-01 1.213191E-01 8.898386E-02 6.706042E-02
483 2.146429E+02 5.178571E-01 2.079278E+00 2.485876E-02 2.557139E-02 3.031103E-02 3.465027E-02 1.219366E-01 1.591581E-01 1.213191E-01 8.898386E-02 6.706042E-02
484 2.151607E+02 5.178571E-01 2.079278E+00 2.485876E-02 2.557139E-02 3.031103E-02 3.465027E-02 1.219366E-01 1.591581E-01 1.213191E-01 8.898386E-02 6.706042E-02
485 2.156786E+02 5.178571E-01 2.079278E+00 2.485876E-02 2.557139E-02 3.031103E-02 3.465027E-02 1.219366E-01 1.591581E-01 1.213191E-01 8.898386E-02 6.706042E-02
486 2.161964E+02 5.178571E-01 2.079278E+00 2.485876E-02 2.557139E-02 3.031103E-02 3.465027E-02 1.219366E-01 1.591581E-01 1.213191E-01 8.898386E-02 6.706042E-02
487 2.167143E+02 5.178571E-01 2.079278E+00 2.485876E-02 2.557139E-02 3.031103E-02 3.465027E-02 1.219366E-01 1.591581E-01 1.213191E-01 8.898386E-02 6.706042E-02
488 2.172321E+02 5.178571E-01 2.079278E+00 2.485876E-02 2.557139E-02 3.031103E-02 3.465027E-02 1.219366E-01 1.591581E-01 1.213191E-01 8.898386E-02 6.706042E-02
489 2.177500E+02 5.178571E-01 2.079278E+00 2.485876E-02 2.557139E-02 3.031103E-02 3.465027E-02 1.219366E-01 1.591581E-01 1.213191E-01 8.898386E-02 6.706042E-02
490 2.182679E+02 5.178571E-01 2.079278E+00 2.485876E-02 2.557139E-02 3.031103E-02 3.465027E-02 1.219366E-01 1.591581E-01 1.213191E-01 8.898386E-02 6.706042E-02
491 2.187857E+02 5.178571E-01 2.079278E+00 2.485876E-02 2.557139E-02 3.031103E-02 3.465027E-02 1.219366E-01 1.591581E-01 1.213191E-01 8.898386E-02 6.706042E-02
492 2.193036E+02 5.178571E-01 2.079278E+00 2.485876E-02 2.557139E-02 3.031103E-02 3.465027E-02 1.219366E-01 1.591581E-01 1.213191E-01 8.898386E-02 6.706042E-02
493 2.198214E+02 5.178571E-01 2.079278E+00 2.485876E-02 2.557139E-02 3.031103E-02 3.465027E-02 1.219366E-01 1.591581E-01 1.213191E-01 8.898386E-02 6.706042E-02
494 2.203393E+02 5.178571E-01 2.079278E+00 2.485876E-02 2.557139E-02 3.031103E-02 3.465027E-02 1.219366E-01 1.591581E-01 1.213191E-01 8.898386E-02 6.706042E-02
495 2.208571E+02 5.178571E-01 2.079278E+00 2.485876E-02 2.557139E-02 3.031103E-02 3.465027E-02 1.219366E-01 1.591581E-01 1.213191E-01 8.898386E-02 6.706042E-02
496 2.213750E+02 5.178571E-01 2.079278E+00 2.485876E-02 2.557139E-02 3.031103E-02 3.465027E-02 1.219366E-01 1.591581E-01 1.213191E-01 8.898386E-02 6.706042E-02
497 2.218929E+02 5.178571E-01 2.079278E+00 2.485876E-02 2.557139E-02 3.031103E-02 3.465027E-02 1.219366E-01 1.591581E-01 1.213191E-01 8.898386E-02 6.706042E-02
498 2.224107E+02 5.178571E-01 2.079278E+00 2.485876E-02 2.557139E-02 3.031103E-02 3.465027E-02 1.219366E-01 1.591581E-01 1.213191E-01 8.898386E-02 6.706042E-02
499 2.229286E+02 5.178571E-01 2.079278E+00 2.485876E-02 2.557139E-02 3.031103E-02 3.465027E-02 1.219366E-01 1.591581E-01 1.213191E-01 8.898386E-02 6.706042E-02
500 2.234464E+02 5.178571E-01 2.079278E+00 2.485876E-02 2.557139E-02 3.031103E-02 3.465027E-02 1.219366E-01 1.591581E-01 1.213191E-01 8.898386E-02 6.706042E-02
501 2.239643E+02 5.178571E-01 2.079278E+00 2.485876E-02 2.557139E-02 3.031103E-02 3.465027E-02 1.219366E-01 1.591581E-01 1.213191E-01 8.898386E-02 6.706042E-02
502 2.244821E+02 5.178571E-01 2.079278E+00 2.485876E-02 2.557139E-02 3.031103E-02 3.465027E-02 1.219366E-01 1.591581E-01 1.213191E-01 8.898386E-02 6.706042E-02
503 2.250000E+02 5.178571E-01 2.079278E+00 2.485876E-02 2.557139E-02 3.031103E-02 3.465027E-02 1.219366E-01 1.591581E-01 1.213191E-01 8.898386E-02 6.706042E-02
504 2.255179E+02 5.178571E-01 2.079278E+00 2.485876E-02 2.557139E-02 3.031103E-02 3.465027E-02 1.219366E-01 1.591581E-01 1.213191E-01 8.898386E-02 6.706042E-02
505 2.260357E+02 5.178571E-01 2.079278E+00 2.485876E-02 2.557139E-02 3.031103E-02 3.465027E-02 1.219366E-01 1.591581E-01 1.213191E-01 8.898386E-02 6.706042E-02
506 2.265536E+02 5.178571E-01 2.079278E+00 2.485876E-02 2.557139E-02 3.031103E-02 3.465027E-02 1.219366E-01 1.591581E-01 1.213191E-01 8.898386E-02 6.706042E-02
507 2.270714E+02 5.178571E-01 2.079278E+00 2.485876E-02 2.557139E-02 3.031103E-02 3.465027E-02 1.219366E-01 1.591581E-01 1.213191E-01 8.898386E-02 6.706042E-02
508 2.275893E+02 5.178571E-01 2.079278E+00 2.485876E-02 2.557139E-02 3.031103E-02 3.465027E-02 1.219366E-01 1.591581E-01 1.213191E-01 8.898386E-02 6.706042E-02
509 2.281071E+02 5.178571E-01 2.079278E+00 2.485876E-02 2.557139E-02 3.031103E-02 3.465027E-02 1.219366E-01 1.591581E-01 1.213191E-01 8.898386E-02 6.706042E-02
510 2.286250E+02 5.178571E-01 2.079278E+00 2.485876E-02 2.557139E-02 3.031103E-02 3.465027E-02 1.219366E-01 1.591581E-01 1.213191E-01 8.898386E-02 6.706042E-02
511 2.291429E+02 5.178571E-01 2.079278E+00 2.485876E-02 2.557139E-02 3.031103E-02 3.465027E-02 1.219366E-01 1.591581E-01 1.213191E-01 8.898386E-02 6.706042E-02
512 2.296607E+02 5.178571E-01 2.079278E+00 2.485876E-02 2.557139E-02 3.031103E-02 3.465027E-02 1.219366E-01 1.591581E-01 1.213191E-01 8.898386E-02 6.706042E-02
513 2.301786E+02 5.178571E-01 2.079278E+00 2.485876E-02 2.557139E-02 3.031103E-02 3.465027E-02 1.219366E-01 1.591581E-01 1.213191E-01 8.898386E-02 6.706042E-02
514 2.306964E+02 5.178571E-01 2.079278E+00 2.485876E-02 2.557139E-02 3.031103E-02 3.465027E-02 1.219366E-01 1.591581E-01 1.213191E-01 8.898386E-02 6.706042E-02
515 2.312143E+02 5.178571E-01 2.079278E+00 2.485876E-02 2.557139E-02 3.031103E-02 3.465027E-02 1.219366E-01 1.591581E-01 1.213191E-01 8.898386E-02 6.706042E-02
516 2.317321E+02 5.178571E-01 2.079278E+00 2.485876E-02 2.557139E-02 3.031103E-02 3.465027E-02 1.219366E-01 1.591581E-01 1.213191E-01 8.898386E-02 6.706042E-02
517 2.322500E+02 5.178571E-01 2.079278E+00 2.485876E-02 2.557139E-02 3.031103E-02 3.465027E-02 1.219366E-01 1.591581E-01 1.213191E-01 8.898386E-02 6.706042E-02
518 2.327679E+02 5.178571E-01 2.079278E+00 2.485876E-02 2.557139E-02 3.031103E-02 3.465027E-02 1.219366E-01 1.591581E-01 1.213191E-01 8.898386E-02 6.706042E-02
519 2.332857E+02 5.178571E-01 2.079278E+00 2.485876E-02 2.557139E-02 3.031103E-02 3.465027E-02 1.219366E-01 1.591581E-01 1.213191E-01 8.898386E-02 6.706042E-02
520 2.338036E+02 5.178571E-01 2.079278E+00 2.485876E-02 2.557139E-02 3.031103E-02 3.465027E-02 1.219366E-01 1.591581E-01 1.213191E-01 8.898386E-02 6.706042E-02
521 2.343214E+02 5.178571E-01 2.079278E+00 2.485876E-02 2.557139E-02 3.031103E-02 3.465027E-02 1.219366E-01 1.591581E-01 1.213191E-01 8.898386E-02 6.706042E-02
522 2.348393E+02 5.178571E-01 2.079278E+00 2.485876E-02 2.557139E-02 3.031103E-02 3.465027E-02 1.219366E-01 1.591581E-01 1.213191E-01 8.898386E-02 6.706042E-02
523 2.353571E+02 5.178571E-01 2.079278E+00 2.485876E-02 2.557139E-02 3.031103E-02 3.465027E-02 1.219366E-01 1.591581E-01 1.213191E-01 8.898386E-02 6.706042E-02
524 2.358750E+02 5.178571E-01 2.079278E+00 2.485876E-02 2.557139E-02 3.031103E-02 3.465027E-02 1.219366E-01 1.591581E-01 1.213191E-01 8.898386E-02 6.706042E-02
525 2.363929E+02 5.178571E-01 2.079278E+00 2.485876E-02 2.557139E-02 3.031103E-02 3.465027E-02 1.219366E-01 1.591581E-01 1.213191E-01 8.898386E-02 6.706042E-02
526 2.369107E+02 5.178571E-01 2.079278E+00 2.485876E-02 2.557139E-02 3.031103E-02 3.465027E-02 1.219366E-01 1.591581E-01 1.213191E-01 8.898386E-02 6.706042E-02
527 2.374286E+02 5.178571E-01 2.079278E+00 2.485876E-02 2.557139E-02 3.031103E-02 3.465027E-02 1.219366E-01 1.591581E-01 1.213191E-01 8.898386E-02 6.706042E-02
528 2.379464E+02 5.178571E-01 2.079278E+00 2.485876E-02 2.557139E-02 3.031103E-02 3.465027E-02 1.219366E-01 1.591581E-01 1.213191E-01 8.898386E-02 6.706042E-02
529 2.384643E+02 5.178571E-01 2.079278E+00 2.485876E-02 2.557139E-02 3.031103E-02 3.465027E-02 1.219366E-01 1.591581E-01 1.213191E-01 8.898386E-02 6.706042E-02
530 2.389821E+02 5.178571E-01 2.079278E+00 2.485876E-02 2.557139E-02 3.031103E-02 3.465027E-02 1.219366E-01 1.591581E-01 1.213191E-01 8.898386E-02 6.706042E-02
531 2.395000E+02 5.178571E-01 2.079278E+00 2.485876E-02 2.557139E-02 3.031103E-02 3.465027E-02 1.219366E-01 1.591581E-01 1.213191E-01 8.898386E-02 6.706042E-02
532 2.400179E+02 5.178571E-01 2.079278E+00 2.485876E-02 2.557139E-02 3.031103E-02 3.465027E-02 1.219366E-01 1.591581E-01 1.213191E-01 8.898386E-02 6.706042E-02
533 2.405357E+02 5.178571E-01 2.079278E+00 2.485876E-02 2.557139E-02 3.031103E-02 3.465027E-02 1.219366E-01 1.591581E-01 1.213191E-01 8.898386E-02 6.706042E-02
534 2.410536E+02 5.178571E-01 2.079278E+00 2.485876E-02 2.557139E-02 3.031103E-02 3.465027E-02 1.219366E-01 1.591581E-01 1.213191E-01 8.898386E-02 6.706042E-02
535 2.415714E+02 5.178571E-01 2.079278E+00 2.485876E-02 2.557139E-02 3.031103E-02 3.465027E-02 1.219366E-01 1.591581E-01 1.213191E-01 8.898386E-02 6.706042E-02
536 2.420893E+02 5.178571E-01 2.079278E+00 2.485876E-02 2.557139E-02 3.031103E-02 3.465027E-02 1.219366E-01 1.591581E-01 1.213191E-01 8.898386E-02 6.706042E-02
537 2.426071E+02 5.178571E-01 2.079278E+00 2.485876E-02 2.557139E-02 3.031103E-02 3.465027E-02 1.219366E-01 1.591581E-01 1.213191E-01 8.898386E-02 6.706042E-02
538 2.431250E+02 5.178571E-01 2.079278E+00 2.485876E-02 2.557139E-02 3.031103E-02 3.465027E-02 1.219366E-01 1.591581E-01 1.213191E-01 8.898386E-02 6.706042E-02
539 2.436429E+02 5.178571E-01 2.079278E+00 2.485876E-02 2.557139E-02 3.031103E-02 3.465027E-02 1.219366E-01 1.591581E-01 1.213191E-01 8.898386E-02 6.706042E-02
540 2.441607E+02 5.178571E-01 2.079278E+00 2.485876E-02 2.557139E-02 3.031103E-02 3.465027E-02 1.219366E-01 1.591581E-01 1.213191E-01 8.898386E-02 6.706042E-02
541 2.446786E+02 5.178571E-01 2.079278E+00 2.485876E-02 2.557139E-02 3.031103E-02 3.465027E-02 1.219366E-01 1.591581E-01 1.213191E-01 8.898386E-02 6.706042E-02
542 2.451964E+02 5.178571E-01 2.079278E+00 2.485876E-02 2.557139E-02 3.031103E-02 3.465027E-02 1.219366E-01 1.591581E-01 1.213191E-01 8.898386E-02 6.706042E-02
543 2.457143E+02 5.178571E-01 2.079278E+00 2.485876E-02 2.557139E-02 3.031103E-02 3.465027E-02 1.219366E-01 1.591581E-01 1.213191E-01 8.898386E-02 6.706042E-02
544 2.462321E+02 5.178571E-01 2.079278E+00 2.485876E-02 2.557139E-02 3.031103E-02 3.465027E-02 1.219366E-01 1.591581E-01 1.213191E-01 8.898386E-02 6.706042E-02
545 2.467500E+02 5.178571E-01 2.079278E+00 2.485876E-02 2.557139E-02 3.031103E-02 3.465027E-02 1.219366E-01 1.591581E-01 1.213191E-01 8.898386E-02 6.706042E-02
546 2.472679E+02 5.178571E-01 2.079278E+00 2.485876E-02 2.557139E-02 3.031103E-02 3.465027E-02 1.219366E-01 1.591581E-01 1.213191E-01 8.898386E-02 6.706042E-02
547 2.477857E+02 5.178571E-01 2.079278E+00 2.485876E-02 2.557139E-02 3.031103E-02 3.465027E-02 1.219366E-01 1.591581E-01 1.213191E-01 8.898386E-02 6.706042E-02
548 2.483036E+02 5.178571E-01 2.079278E+00 2.485876E-02 2.557139E-02 3.031103E-02 3.465027E-02 1.219366E-01 1.591581E-01 1.213191E-01 8.898386E-02 6.706042E-02
549 2.488214E+02 5.178571E-01 2.079278E+00 2.485876E-02 2.557139E-02 3.031103E-02 3.465027E-02 1.219366E-01 1.591581E-01 1.213191E-01 8.898386E-02 6.706042E-02
550 2.493393E+02 5.178571E-01 2.079278E+00 2.485876E-02 2.557139E-02 3.031103E-02 3.465027E-02 1.219366E-01 1.591581E-01 1.213191E-01 8.898386E-02 6.706042E-02
551 2.498571E+02 5.178571E-01 2.079278E+00 2.485876E-02 2.557139E-02 3.031103E-02 3.465027E-02 1.219366E-01 1.591581E-01 1.213191E-01 8.898386E-02 6.706042E-02
552 2.503750E+02 5.178571E-01 2.079278E+00 2.485876E-02 2.557139E-02 3.031103E-02 3.465027E-02 1.219366E-01 1.591581E-01 1.213191E-01 8.898386E-02 6.706042E-02
553 2.508929E+02 5.178571E-01 2.079278E+00 2.485876E-02 2.557139E-02 3.031103E-02 3.465027E-02 1.219366E-01 1.591581E-01 1.213191E-01 8.898386E-02 6.706042E-02
554 2.514107E+02 5.178571E-01 2.079278E+00 2.485876E-02 2.557139E-02 3.031103E-02 3.465027E-02 1.219366E-01 1.591581E-01 1.213191E-01 8.898386E-02 6.706042E-02
555 2.519286E+02 5.178571E-01 2.079278E+00 2.485876E-02 2.557139E-02 3.031103E-02 3.465027E-02 1.219366E-01 1.591581E-01 1.213191E-01 8.898386E-02 6.706042E-02
556 2.524464E+02 5.178571E-01 2.079278E+00 2.485876E-02 2.557139E-02 3.031103E-02 3.465027E-02 1.219366E-01 1.591581E-01 1.213191E-01 8.898386E-02 6.706042E-02
557 2.529643E+02 5.178571E-01 2.079278E+00 2.485876E-02 2.557139E-02 3.031103E-02 3.465027E-02 1.219366E-01 1.591581E-01 1.213191E-01 8.898386E-02 6.706042E-02
558 2.534821E+02 5.178571E-01 2.079278E+00 2.485876E-02 2.557139E-02 3.031103E-02 3.465027E-02 1.219366E-01 1.591581E-01 1.213191E-01 8.898386E-02 6.706042E-02
559 2.540000E+02 5.178571E-01 2.079278E+00 2.485876E-02 2.557139E-02 3.031103E-02 3.465027E-02 1.219366E-01 1.591581E-01 1.213191E-01 8.898386E-02 6.706042E-02
560 2.545179E+02 5.178571E-01 2.079278E+00 2.485876E-02 2.557139E-02 3.031103E-02 3.465027E-02 1.219366E-01 1.591581E-01 1.213191E-01 8.898386E-02 6.706042E-02
561 2.550357E+02 5.178571E-01 2.079278E+00 2.485876E-02 2.557139E-02 3.031103E-02 3.465027E-02 1.219366E-01 1.591581E-01 1.213191E-01 8.898386E-02 6.706042E-02
562 2.555536E+02 5.178571E-01 2.079278E+00 2.485876E-02 2.557139E-02 3.031103E-02 3.465027E-02 1.219366E-01 1.591581E-01 1.213191E-01 8.898386E-02 6.706042E-02
563 2.560714E+02 5.178571E-01 2.079278E+00 2.485876E-02 2.557139E-02 3.031103E-02 3.465027E-02 1.219366E-01 1.591581E-01 1.213191E-01 8.898386E-02 6.706042E-02
564 2.565893E+02 5.178571E-01 2.079278E+00 2.485876E-02 2.557139E-02 3.031103E-02 3.465027E-02 1.219366E-01 1.591581E-01 1.213191E-01 8.898386E-02 6.706042E-02
565 2.571071E+02 5.178571E-01 2.079278E+00 2.485876E-02 2.557139E-02 3.031103E-02 3.465027E-02 1.219366E-01 1.591581E-01 1.213191E-01 8.898386E-02 6.706042E-02
566 2.576250E+02 5.178571E-01 2.079278E+00 2.485876E-02 2.557139E-02 3.031103E-02 3.465027E-02 1.219366E-01 1.591581E-01 1.213191E-01 8.898386E-02 6.706042E-02
567 2.581429E+02 5.178571E-01 2.079278E+00 2.485876E-02 2.557139E-02 3.031103E-02 3.465027E-02 1.219366E-01 1.591581E-01 1.213191E-01 8.898386E-02 6.706042E-02
568 2.586607E+02 5.178571E-01 2.079278E+00 2.485876E-02 2.557139E-02 3.031103E-02 3.465027E-02 1.219366E-01 1.591581E-01 1.213191E-01 8.898386E-02 6.706042E-02
569 2.591786E+02 5.178571E-01 2.079278E+00 2.485876E-02 2.557139E-02 3.031103E-02 3.465027E-02 1.219366E-01 1.591581E-01 1.213191E-01 8.898386E-02 6.706042E-02
570 2.596964E+02 5.178571E-01 2.079278E+00 2.485876E-02 2.557139E-02 3.031103E-02 3.465027E-02 1.219366E-01 1.591581E-01 1.213191E-01 8.898386E-02 6.706042E-02
571 2.602143E+02 5.178571E-01 2.079278E+00 2.485876E-02 2.557139E-02 3.031103E-02 3.465027E-02 1.219366E-01 1.591581E-01 1.213191E-01 8.898386E-02 6.706042E-02
572 2.607321E+02 5.178571E-01 2.079278E+00 2.485876E-02 2.557139E-02 3.031103E-02 3.465027E-02 1.219366E-01 1.591581E-01 1.213191E-01 8.898386E-02 6.706042E-02
573 2.612500E+02 5.178571E-01 2.079278E+00 2.485876E-02 2.557139E-02 3.031103E-02 3.465027E-02 1.219366E-01 1.591581E-01 1.213191E-01 8.898386E-02 6.706042E-02
574 2.617679E+02 5.178571E-01 2.079278E+00 2.485876E-02 2.557139E-02 3.031103E-02 3.465027E-02 1.219366E-01 1.591581E-01 1.213191E-01 8.898386E-02 6.706042E-02
575 2.622857E+02 5.178571E-01 2.079278E+00 2.485876E-02 2.557139E-02 3.031103E-02 3.465027E-02 1.219366E-01 1.591581E-01 1.213191E-01 8.898386E-02 6.706042E-02
576 2.628036E+02 5.178571E-01 2.079278E+00 2.485876E-02 2.557139E-02 3.031103E-02 3.465027E-02 1.219366E-01 1.591581E-01 1.213191E-01 8.898386E-02 6.706042E-02
577 2.633214E+02 5.178571E-01 2.079278E+00 2.485876E-02 2.557139E-02 3.031103E-02 3.465027E-02 1.219366E-01 1.591581E-01 1.213191E-01 8.898386E-02 6.706042E-02
578 2.638393E+02 5.178571E-01 2.079278E+00 2.485876E-02 2.557139E-02 3.031103E-02 3.465027E-02 1.219366E-01 1.591581E-01 1.213191E-01 8.898386E-02 6.706042E-02
579 2.643571E+02 5.178571E-01 2.079278E+00 2.485876E-02 2.557139E-02 3.031103E-02 3.465027E-02 1.219366E-01 1.591581E-01 1.213191E-01 8.898386E-02 6.706042E-02
580 2.648750E+02 5.178571E-01 2.079278E+00 2.485876E-02 2.557139E-02 3.031103E-02 3.465027E-02 1.219366E-01 1.591581E-01 1.213191E-01 8.898386E-02 6.706042E-02
581 2.653929E+02 5.178571E-01 2.079278E+00 2.485876E-02 2.557139E-02 3.031103E-02 3.465027E-02 1.219366E-01 1.591581E-01 1.213191E-01 8.898386E-02 6.706042E-02
582 2.659107E+02 5.178571E-01 2.079278E+00 2.485876E-02 2.557139E-02 3.031103E-02 3.465027E-02 1.219366E-01 1.591581E-01 1.213191E-01 8.898386E-02 6.706042E-02
583 2.664286E+02 5.178571E-01 2.079278E+00 2.485876E-02 2.557139E-02 3.031103E-02 3.465027E-02 1.219366E-01 1.591581E-01 1.213191E-01 8.898386E-02 6.706042E-02
584 2.669464E+02 5.178571E-01 2.079278E+00 2.485876E-02 2.557139E-02 3.031103E-02 3.465027E-02 1.219366E-01 1.591581E-01 1.213191E-01 8.898386E-02 6.706042E-02
585 2.674643E+02 5.178571E-01 2.079278E+00 2.485876E-02 2.557139E-02 3.031103E-02 3.465027E-02 1.219366E-01 1.591581E-01 1.213191E-01 8.898386E-02 6.706042E-02
586 2.679821E+02 5.178571E-01 2.079278E+00 2.485876E-02 2.557139E-02 3.031103E-02 3.465027E-02 1.219366E-01 1.591581E-01 1.213191E-01 8.898386E-02 6.706042E-02
587 2.685000E+02 5.178571E-01 2.079278E+00 2.485876E-02 2.557139E-02 3.031103E-02 3.465027E-02 1.219366E-01 1.591581E-01 1.213191E-01 8.898386E-02 6.706042E-02
588 2.690179E+02 5.178571E-01 2.079278E+00 2.485876E-02 2.557139E-02 3.031103E-02 3.465027E-02 1.219366E-01 1.591581E-01 1.213191E-01 8.898386E-02 6.706042E-02
589 2.695357E+02 5.178571E-01 2.079278E+00 2.485876E-02 2.557139E-02 3.031103E-02 3.465027E-02 1.219366E-01 1.591581E-01 1.213191E-01 8.898386E-02 6.706042E-02
590 2.700536E+02 5.178571E-01 2.079278E+00 2.485876E-02 2.557139E-02 3.031103E-02 3.465027E-02 1.219366E-01 1.591581E-01 1.213191E-01 8.898386E-02 6.706042E-02
591 2.705714E+02 5.178571E-01 2.079278E+00 2.485876E-02 2.557139E-02 3.031103E-02 3.465027E-02 1.219366E-01 1.591581E-01 1.213191E-01 8.898386E-02 6.706042E-02
592 2.710893E+02 5.178571E-01 2.079278E+00 2.485876E-02 2.557139E-02 3.031103E-02 3.465027E-02 1.219366E-01 1.591581E-01 1.213191E-01 8.898386E-02 6.706042E-02
593 2.716071E+02 5.178571E-01 2.079278E+00 2.485876E-02 2.557139E-02 3.031103E-02 3.465027E-02 1.219366E-01 1.591581E-01 1.213191E-01 8.898386E-02 6.706042E-02
594 2.721250E+02 5.178571E-01 2.079278E+00 2.485876E-02 2.557139E-02 3.031103E-02 3.465027E-02 1.219366E-01 1.591581E-01 1.213191E-01 8.898386E-02 6.706042E-02
595 2.726429E+02 5.178571E-01 2.079278E+00 2.485876E-02 2.557139E-02 3.031103E-02 3.465027E-02 1.219366E-01 1.591581E-01 1.213191E-01 8.898386E-02 6.706042E-02
596 2.731607E+02 5.178571E-01 2.079278E+00 2.485876E-02 2.557139E-02 3.031103E-02 3.465027E-02 1.219366E-01 1.591581E-01 1.213191E-01 8.898386E-02 6.706042E-02
597 2.736786E+02 5.178571E-01 2.079278E+00 2.485876E-02 2.557139E-02 3.031103E-02 3.465027E-02 1.219366E-01 1.591581E-01 1.213191E-01 8.898386E-02 6.706042E-02
598 2.741964E+02 5.178571E-01 2.079278E+00 2.485876E-02 2.557139E-02 3.031103E-02 3.465027E-02 1.219366E-01 1.591581E-01 1.213191E-01 8.898386E-02 6.706042E-02
599 2.747143E+02 5.178571E-01 2.079278E+00 2.485876E-02 2.557139E-02 3.031103E-02 3.465027E-02 1.219366E-01 1.591581E-01 1.213191E-01 8.898386E-02 6.706042E-02
600 2.752321E+02 5.178571E-01 2.079278E+00 2.485876E-02 2.557139E-02 3.031103E-02 3.465027E-02 1.219366E-01 1.591581E-01 1.213191E-01 8.898386E-02 6.706042E-02
601 2.757500E+02 5.178571E-01 2.079278E+00 2.485876E-02 2.557139E-02 3.031103E-02 3.465027E-02 1.219366E-01 1.591581E-01 1.213191E-01 8.898386E-02 6.706042E-02
602 2.762679E+02 5.178571E-01 2.079278E+00 2.485876E-02 2.557139E-02 3.031103E-02 3.465027E-02 1.219366E-01 1.591581E-01 1.213191E-01 8.898386E-02 6.706042E-02
603 2.767857E+02 5.178571E-01 2.079278E+00 2.485876E-02 2.557139E-02 3.031103E-02 3.465027E-02 1.219366E-01 1.591581E-01 1.213191E-01 8.898386E-02 6.706042E-02
604 2.773036E+02 5.178571E-01 2.079278E+00 2.485876E-02 2.557139E-02 3.031103E-02 3.465027E-02 1.219366E-01 1.591581E-01 1.213191E-01 8.898386E-02 6.706042E-02
605 2.778214E+02 5.178571E-01 2.079278E+00 2.485876E-02 2.557139E-02 3.031103E-02 3.465027E-02 1.219366E-01 1.591581E-01 1.213191E-01 8.898386E-02 6.706042E-02
606 2.783393E+02 5.178571E-01 2.079278E+00 2.485876E-02 2.557139E-02 3.031103E-02 3.465027E-02 1.219366E-01 1.591581E-01 1.213191E-01 8.898386E-02 6.706042E-02
607 2.788571E+02 5.178571E-01 2.079278E+00 2.485876E-02 2.557139E-02 3.031103E-02 3.465027E-02 1.219366E-01 1.591581E-01 1.213191E-01 8.898386E-02 6.706042E-02
608 2.793750E+02 5.178571E-01 2.079278E+00 2.485876E-02 2.557139E-02 3.031103E-02 3.465027E-02 1.219366E-01 1.591581E-01 1.213191E-01 8.898386E-02 6.706042E-02
609 2.798929E+02 5.178571E-01 2.079278E+00 2.485876E-02 2.557139E-02 3.031103E-02 3.465027E-02 1.219366E-01 1.591581E-01 1.213191E-01 8.898386E-02 6.706042E-02
610 2.804107E+02 5.178571E-01 2.079278E+00 2.485876E-02 2.557139E-02 3.031103E-02 3.465027E-02 1.219366E-01 1.591581E-01 1.213191E-01 8.898386E-02 6.706042E-02
