0 -3.548214E+01 5.178571E-01 0.000000E+00 0.000000E+00 0.000000E+00 0.000000E+00 0.000000E+00 2.162063E-10 0.000000E+00 0.000000E+00 0.000000E+00 0.000000E+00
1 -3.496429E+01 5.178571E-01 9.233017E-01 4.723976E-16 1.457820E-15 6.912103E-15 2.107099E-14 3.683355E-10 2.065511E-13 5.754753E-13 9.741822E-13 1.353674E-12
2 -3.444643E+01 5.178571E-01 2.350061E+00 3.314848E-15 1.022963E-14 4.850273E-14 1.478566E-13 4.728740E-10 1.449384E-12 4.038152E-12 6.835907E-12 9.498828E-12
3 -3.392857E+01 5.178571E-01 3.014563E+00 1.119058E-14 3.453416E-14 1.637402E-13 4.991487E-13 5.423257E-10 4.892971E-12 1.363238E-11 2.307731E-11 3.206706E-11
4 -3.341071E+01 5.178571E-01 4.446050E+00 2.634405E-14 8.129778E-14 3.854652E-13 1.175059E-12 5.861109E-10 1.151867E-11 3.209236E-11 5.432692E-11 7.548993E-11
5 -3.289286E+01 5.178571E-01 1.137218E+01 5.224569E-14 1.612303E-13 7.644570E-13 2.330385E-12 6.114543E-10 2.284391E-11 6.364577E-11 1.077415E-10 1.497121E-10
6 -3.237500E+01 5.178571E-01 1.711798E+01 9.736385E-14 3.004650E-13 1.424624E-12 4.342852E-12 6.242653E-10 4.257138E-11 1.186088E-10 2.007846E-10 2.790000E-10
7 -3.185714E+01 5.178571E-01 1.768037E+01 1.756056E-13 5.419191E-13 2.569454E-12 7.832773E-12 6.296017E-10 7.678179E-11 2.139229E-10 3.621353E-10 5.032048E-10
8 -3.133929E+01 5.178571E-01 1.381083E+01 3.035235E-13 9.366741E-13 4.441145E-12 1.353847E-11 6.317594E-10 1.327127E-10 3.697528E-10 6.259288E-10 8.697588E-10
9 -3.082143E+01 5.178571E-01 7.707340E+00 4.936319E-13 1.523349E-12 7.222803E-12 2.201813E-11 6.339595E-10 2.158356E-10 6.013430E-10 1.017972E-09 1.414522E-09
10 -3.030357E+01 5.178571E-01 5.462810E+00 7.474805E-13 2.306726E-12 1.093711E-11 3.334089E-11 6.379562E-10 3.268284E-10 9.105817E-10 1.541461E-09 2.141935E-09
11 -2.978571E+01 5.178571E-01 5.901385E+00 1.063213E-12 3.281076E-12 1.555689E-11 4.742391E-11 6.448020E-10 4.648792E-10 1.295207E-09 2.192566E-09 3.046678E-09
12 -2.926786E+01 5.178571E-01 6.191562E+00 1.446026E-12 4.462438E-12 2.115820E-11 6.449905E-11 6.558213E-10 6.322605E-10 1.761551E-09 2.982007E-09 4.143645E-09
13 -2.875000E+01 5.178571E-01 6.357139E+00 1.908928E-12 5.890954E-12 2.793136E-11 8.514649E-11 6.727513E-10 8.346597E-10 2.325458E-09 3.936607E-09 5.470109E-09
14 -2.823214E+01 5.178571E-01 5.472308E+00 2.469214E-12 7.619997E-12 3.612944E-11 1.101377E-10 6.975083E-10 1.079639E-09 3.007999E-09 5.092033E-09 7.075630E-09
15 -2.771429E+01 5.178571E-01 4.052109E+00 3.138288E-12 9.684763E-12 4.591932E-11 1.399813E-10 7.313864E-10 1.372185E-09 3.823067E-09 6.471804E-09 8.992890E-09
16 -2.719643E+01 5.178571E-01 3.934342E+00 3.917466E-12 1.208931E-11 5.732022E-11 1.747360E-10 7.747415E-10 1.712873E-09 4.772262E-09 8.078631E-09 1.122566E-08
17 -2.667857E+01 5.178571E-01 4.421834E+00 4.812889E-12 1.485258E-11 7.042202E-11 2.146758E-10 8.282568E-10 2.104388E-09 5.863068E-09 9.925181E-09 1.379153E-08
18 -2.616071E+01 5.178571E-01 5.351276E+00 5.848883E-12 1.804966E-11 8.558064E-11 2.608856E-10 8.940711E-10 2.557366E-09 7.125116E-09 1.206162E-08 1.676021E-08
19 -2.564286E+01 5.178571E-01 6.211053E+00 7.076859E-12 2.183920E-11 1.035483E-10 3.156587E-10 9.765330E-10 3.094286E-09 8.621039E-09 1.459396E-08 2.027902E-08
20 -2.512500E+01 5.178571E-01 5.659375E+00 8.568626E-12 2.644279E-11 1.253758E-10 3.821980E-10 1.081656E-09 3.746547E-09 1.043831E-08 1.767029E-08 2.455374E-08
21 -2.460714E+01 5.178571E-01 4.718651E+00 1.038368E-11 3.204405E-11 1.519336E-10 4.631572E-10 1.214408E-09 4.540160E-09 1.264941E-08 2.141331E-08 2.975484E-08
22 -2.408929E+01 5.178571E-01 3.404798E+00 1.254707E-11 3.872027E-11 1.835882E-10 5.596539E-10 1.376878E-09 5.486081E-09 1.528485E-08 2.587467E-08 3.595412E-08
23 -2.357143E+01 5.178571E-01 2.299712E+00 1.503414E-11 4.639539E-11 2.199790E-10 6.705883E-10 1.567013E-09 6.573530E-09 1.831461E-08 3.100354E-08 4.308094E-08
24 -2.305357E+01 5.178571E-01 2.250132E+00 1.778726E-11 5.489151E-11 2.602625E-10 7.933892E-10 1.780011E-09 7.777303E-09 2.166846E-08 3.668104E-08 5.097010E-08
25 -2.253571E+01 5.178571E-01 2.355800E+00 2.076670E-11 6.408607E-11 3.038576E-10 9.262852E-10 2.012553E-09 9.080033E-09 2.529802E-08 4.282526E-08 5.950780E-08
26 -2.201786E+01 5.178571E-01 2.740878E+00 2.396926E-11 7.396918E-11 3.507173E-10 1.069133E-09 2.264350E-09 1.048032E-08 2.919938E-08 4.942961E-08 6.868487E-08
27 -2.150000E+01 5.178571E-01 3.061839E+00 2.743712E-11 8.467099E-11 4.014589E-10 1.223815E-09 2.538882E-09 1.199661E-08 3.342393E-08 5.658105E-08 7.862216E-08
28 -2.098214E+01 5.178571E-01 3.194030E+00 3.124646E-11 9.642663E-11 4.571970E-10 1.393728E-09 2.842455E-09 1.366220E-08 3.806448E-08 6.443671E-08 8.953798E-08
29 -2.046429E+01 5.178571E-01 3.252157E+00 3.548762E-11 1.095149E-10 5.192536E-10 1.582902E-09 3.182548E-09 1.551661E-08 4.323107E-08 7.318287E-08 1.016912E-07
30 -1.994643E+01 5.178571E-01 3.366430E+00 4.025872E-11 1.242385E-10 5.890640E-10 1.795714E-09 3.567286E-09 1.760272E-08 4.904322E-08 8.302186E-08 1.153630E-07
31 -1.942857E+01 5.178571E-01 3.398992E+00 4.567052E-11 1.409393E-10 6.682493E-10 2.037104E-09 4.005849E-09 1.996898E-08 5.563588E-08 9.418213E-08 1.308707E-07
32 -1.891071E+01 5.178571E-01 3.354808E+00 5.184016E-11 1.599788E-10 7.585232E-10 2.312297E-09 4.507943E-09 2.266659E-08 6.315174E-08 1.069052E-07 1.485500E-07
33 -1.839286E+01 5.178571E-01 3.274453E+00 5.888237E-11 1.817111E-10 8.615647E-10 2.626410E-09 5.083078E-09 2.574573E-08 7.173058E-08 1.214277E-07 1.687298E-07
34 -1.787500E+01 5.178571E-01 3.198319E+00 6.690716E-11 2.064756E-10 9.789831E-10 2.984351E-09 5.740368E-09 2.925449E-08 8.150639E-08 1.379765E-07 1.917251E-07
35 -1.735714E+01 5.178571E-01 3.083237E+00 7.602101E-11 2.346010E-10 1.112337E-09 3.390868E-09 6.488638E-09 3.323943E-08 9.260889E-08 1.567712E-07 2.178412E-07
36 -1.683929E+01 5.178571E-01 2.922678E+00 8.631990E-11 2.663833E-10 1.263030E-09 3.850243E-09 7.335842E-09 3.774252E-08 1.051550E-07 1.780096E-07 2.473531E-07
37 -1.632143E+01 5.178571E-01 2.755025E+00 9.787943E-11 3.020561E-10 1.432168E-09 4.365849E-09 8.288239E-09 4.279681E-08 1.192368E-07 2.018478E-07 2.804774E-07
38 -1.580357E+01 5.178571E-01 2.578623E+00 1.107514E-10 3.417789E-10 1.620510E-09 4.939993E-09 9.350110E-09 4.842494E-08 1.349175E-07 2.283924E-07 3.173625E-07
39 -1.528571E+01 5.178571E-01 2.437765E+00 1.249641E-10 3.856394E-10 1.828470E-09 5.573943E-09 1.052379E-08 5.463931E-08 1.522314E-07 2.577020E-07 3.580896E-07
40 -1.476786E+01 5.178571E-01 2.337497E+00 1.405349E-10 4.336909E-10 2.056301E-09 6.268468E-09 1.181070E-08 6.144749E-08 1.711998E-07 2.898122E-07 4.027084E-07
41 -1.425000E+01 5.178571E-01 2.217272E+00 1.574796E-10 4.859824E-10 2.304236E-09 7.024278E-09 1.321214E-08 6.885641E-08 1.918419E-07 3.247558E-07 4.512642E-07
42 -1.373214E+01 5.178571E-01 2.079278E+00 1.758011E-10 5.425223E-10 2.572314E-09 7.841492E-09 1.472832E-08 7.686727E-08 2.141611E-07 3.625384E-07 5.037649E-07
43 -1.321429E+01 5.178571E-01 2.079278E+00 1.954945E-10 6.032963E-10 2.860468E-09 8.719905E-09 1.635883E-08 8.547803E-08 2.381516E-07 4.031504E-07 5.601972E-07
44 -1.269643E+01 5.178571E-01 2.079278E+00 2.166012E-10 6.684317E-10 3.169301E-09 9.661357E-09 1.810709E-08 9.470673E-08 2.638639E-07 4.466768E-07 6.206794E-07
45 -1.217857E+01 5.178571E-01 2.079278E+00 2.392112E-10 7.382062E-10 3.500129E-09 1.066986E-08 1.998056E-08 1.045927E-07 2.914074E-07 4.933034E-07 6.854692E-07
46 -1.166071E+01 5.178571E-01 2.079278E+00 2.634508E-10 8.130097E-10 3.854803E-09 1.175105E-08 2.198973E-08 1.151913E-07 3.209361E-07 5.432905E-07 7.549289E-07
47 -1.114286E+01 5.178571E-01 2.079278E+00 2.894750E-10 8.933202E-10 4.235587E-09 1.291184E-08 2.414745E-08 1.265701E-07 3.526388E-07 5.969577E-07 8.295021E-07
48 -1.062500E+01 5.178571E-01 2.079278E+00 3.174622E-10 9.796887E-10 4.645094E-09 1.416019E-08 2.646855E-08 1.388072E-07 3.867328E-07 6.546731E-07 9.097004E-07
49 -1.010714E+01 5.178571E-01 2.079278E+00 3.476118E-10 1.072731E-09 5.086243E-09 1.550500E-08 2.896958E-08 1.519898E-07 4.234611E-07 7.168480E-07 9.960955E-07
50 -9.589286E+00 5.178571E-01 2.079278E+00 3.801431E-10 1.173122E-09 5.562239E-09 1.695604E-08 3.166874E-08 1.662138E-07 4.630907E-07 7.839342E-07 1.089315E-06
51 -9.071429E+00 5.178571E-01 2.079278E+00 4.152944E-10 1.281599E-09 6.076572E-09 1.852394E-08 3.458585E-08 1.815834E-07 5.059122E-07 8.564236E-07 1.190043E-06
52 -8.553571E+00 5.178571E-01 2.079278E+00 4.533244E-10 1.398960E-09 6.633025E-09 2.022024E-08 3.774237E-08 1.982116E-07 5.522403E-07 9.348493E-07 1.299019E-06
53 -8.035714E+00 5.178571E-01 2.079278E+00 4.945124E-10 1.526066E-09 7.235687E-09 2.205741E-08 4.116152E-08 2.162206E-07 6.024156E-07 1.019788E-06 1.417045E-06
54 -7.517857E+00 5.178571E-01 2.079278E+00 5.391605E-10 1.663850E-09 7.888976E-09 2.404891E-08 4.486838E-08 2.357426E-07 6.568060E-07 1.111861E-06 1.544986E-06
55 -7.000000E+00 5.178571E-01 2.079278E+00 5.875949E-10 1.813319E-09 8.597667E-09 2.620929E-08 4.889006E-08 2.569201E-07 7.158089E-07 1.211743E-06 1.683777E-06
56 -6.482143E+00 5.178571E-01 2.079278E+00 6.401685E-10 1.975561E-09 9.366921E-09 2.855430E-08 5.325586E-08 2.799073E-07 7.798540E-07 1.320161E-06 1.834428E-06
57 -5.964286E+00 5.178571E-01 2.079278E+00 6.972627E-10 2.151754E-09 1.020232E-08 3.110095E-08 5.799748E-08 3.048712E-07 8.494062E-07 1.437901E-06 1.998034E-06
58 -5.446429E+00 5.178571E-01 2.079278E+00 7.592904E-10 2.343172E-09 1.110991E-08 3.386766E-08 6.314923E-08 3.319922E-07 9.249686E-07 1.565815E-06 2.175777E-06
59 -4.928571E+00 5.178571E-01 2.079278E+00 8.266991E-10 2.551195E-09 1.209623E-08 3.687438E-08 6.874828E-08 3.614660E-07 1.007086E-06 1.704826E-06 2.368939E-06
60 -4.410714E+00 5.178571E-01 2.079278E+00 8.999733E-10 2.777319E-09 1.316838E-08 4.014273E-08 7.483488E-08 3.935044E-07 1.096349E-06 1.855932E-06 2.578909E-06
61 -3.892857E+00 5.178571E-01 2.079278E+00 9.796384E-10 3.023166E-09 1.433403E-08 4.369614E-08 8.145270E-08 4.283372E-07 1.193397E-06 2.020219E-06 2.807193E-06
62 -3.375000E+00 5.178571E-01 2.079278E+00 1.066264E-09 3.290493E-09 1.560154E-08 4.756003E-08 8.864908E-08 4.662135E-07 1.298925E-06 2.198859E-06 3.055423E-06
63 -2.857143E+00 5.178571E-01 2.079278E+00 1.160469E-09 3.581210E-09 1.697994E-08 5.176198E-08 9.647538E-08 5.074036E-07 1.413685E-06 2.393129E-06 3.325371E-06
64 -2.339286E+00 5.178571E-01 2.079278E+00 1.262924E-09 3.897384E-09 1.847905E-08 5.633189E-08 1.049873E-07 5.522008E-07 1.538495E-06 2.604412E-06 3.618958E-06
65 -1.821429E+00 5.178571E-01 2.079278E+00 1.374356E-09 4.241264E-09 2.010952E-08 6.130224E-08 1.142454E-07 6.009233E-07 1.674242E-06 2.834208E-06 3.938271E-06
66 -1.303571E+00 5.178571E-01 2.079278E+00 1.495555E-09 4.615285E-09 2.188290E-08 6.670826E-08 1.243153E-07 6.539165E-07 1.821887E-06 3.084146E-06 4.285572E-06
67 -7.857143E-01 5.178571E-01 2.079278E+00 1.627379E-09 5.022094E-09 2.381175E-08 7.258818E-08 1.352681E-07 7.115553E-07 1.982475E-06 3.355994E-06 4.663319E-06
68 -2.678571E-01 5.178571E-01 2.079278E+00 1.770758E-09 5.464562E-09 2.590966E-08 7.898351E-08 1.471813E-07 7.742463E-07 2.157139E-06 3.651672E-06 5.074177E-06
69 2.500000E-01 5.178571E-01 2.079278E+00 1.926702E-09 5.945804E-09 2.819142E-08 8.593927E-08 1.601387E-07 8.424311E-07 2.347110E-06 3.973260E-06 5.521040E-06
70 7.678571E-01 5.178571E-01 2.079278E+00 2.096305E-09 6.469201E-09 3.067306E-08 9.350433E-08 1.742313E-07 9.165886E-07 2.553721E-06 4.323018E-06 6.007046E-06
71 1.285714E+00 5.178571E-01 2.079278E+00 2.278090E-09 7.030190E-09 3.333293E-08 1.016127E-07 1.887617E-07 9.930492E-07 2.766749E-06 4.683638E-06 6.508145E-06
72 1.803571E+00 5.178571E-01 2.079278E+00 2.470435E-09 7.623767E-09 3.614732E-08 1.101922E-07 2.031623E-07 1.068826E-06 2.977874E-06 5.041036E-06 7.004767E-06
73 2.321429E+00 5.178571E-01 2.079278E+00 2.671899E-09 8.245485E-09 3.909513E-08 1.191783E-07 2.167543E-07 1.140349E-06 3.177143E-06 5.378365E-06 7.473502E-06
74 2.839286E+00 5.178571E-01 2.079278E+00 2.881567E-09 8.892519E-09 4.216298E-08 1.285304E-07 2.291119E-07 1.205376E-06 3.358317E-06 5.685061E-06 7.899672E-06
75 3.357143E+00 5.178571E-01 2.079278E+00 3.098809E-09 9.562930E-09 4.534166E-08 1.382204E-07 2.399912E-07 1.262625E-06 3.517818E-06 5.955070E-06 8.274863E-06
76 3.875000E+00 5.178571E-01 2.079278E+00 3.323138E-09 1.025521E-08 4.862403E-08 1.482264E-07 2.492769E-07 1.311488E-06 3.653957E-06 6.185531E-06 8.595099E-06
77 4.392857E+00 5.178571E-01 2.079278E+00 3.554124E-09 1.096803E-08 5.200380E-08 1.585294E-07 2.569434E-07 1.351832E-06 3.766359E-06 6.375807E-06 8.859497E-06
78 4.910714E+00 5.178571E-01 2.079278E+00 3.791348E-09 1.170010E-08 5.547486E-08 1.691106E-07 2.630261E-07 1.383841E-06 3.855541E-06 6.526778E-06 9.069279E-06
79 5.428571E+00 5.178571E-01 2.079278E+00 4.034385E-09 1.245012E-08 5.903098E-08 1.799512E-07 2.676004E-07 1.407914E-06 3.922612E-06 6.640317E-06 9.227047E-06
80 5.946429E+00 5.178571E-01 2.079278E+00 4.282799E-09 1.321673E-08 6.266576E-08 1.910315E-07 2.707667E-07 1.424579E-06 3.969041E-06 6.718914E-06 9.336261E-06
81 6.464286E+00 5.178571E-01 2.079278E+00 4.536140E-09 1.399853E-08 6.637263E-08 2.023316E-07 2.726393E-07 1.434436E-06 3.996504E-06 6.765405E-06 9.400863E-06
82 6.982143E+00 5.178571E-01 2.079278E+00 4.793951E-09 1.479414E-08 7.014491E-08 2.138311E-07 2.733387E-07 1.438120E-06 4.006769E-06 6.782782E-06 9.425009E-06
83 7.500000E+00 5.178571E-01 2.079278E+00 5.055779E-09 1.560214E-08 7.397597E-08 2.255098E-07 2.729864E-07 1.436271E-06 4.001616E-06 6.774058E-06 9.412886E-06
84 8.017857E+00 5.178571E-01 2.079278E+00 5.321177E-09 1.642116E-08 7.785926E-08 2.373477E-07 2.717009E-07 1.429511E-06 3.982782E-06 6.742176E-06 9.368585E-06
85 8.535714E+00 5.178571E-01 2.079278E+00 5.589713E-09 1.724986E-08 8.178847E-08 2.493255E-07 2.695957E-07 1.418438E-06 3.951931E-06 6.689950E-06 9.296014E-06
86 9.053571E+00 5.178571E-01 2.079278E+00 5.860974E-09 1.808698E-08 8.575756E-08 2.614250E-07 2.667774E-07 1.403612E-06 3.910626E-06 6.620028E-06 9.198854E-06
87 9.571429E+00 5.178571E-01 2.079278E+00 6.134573E-09 1.893130E-08 8.976084E-08 2.736287E-07 2.633452E-07 1.385557E-06 3.860321E-06 6.534869E-06 9.080522E-06
88 1.008929E+01 5.178571E-01 2.079278E+00 6.410146E-09 1.978172E-08 9.379302E-08 2.859204E-07 2.593903E-07 1.364750E-06 3.802352E-06 6.436738E-06 8.944164E-06
89 1.060714E+01 5.178571E-01 2.079278E+00 6.687360E-09 2.063720E-08 9.784921E-08 2.982854E-07 2.549959E-07 1.341632E-06 3.737941E-06 6.327701E-06 8.792651E-06
90 1.112500E+01 5.178571E-01 2.079278E+00 6.965910E-09 2.149681E-08 1.019249E-07 3.107099E-07 2.502375E-07 1.316598E-06 3.668194E-06 6.209630E-06 8.628586E-06
91 1.164286E+01 5.178571E-01 2.079278E+00 7.245522E-09 2.235969E-08 1.060162E-07 3.231818E-07 2.451832E-07 1.290007E-06 3.594107E-06 6.084214E-06 8.454315E-06
92 1.216071E+01 5.178571E-01 2.079278E+00 7.525948E-09 2.322509E-08 1.101194E-07 3.356900E-07 2.398938E-07 1.262179E-06 3.516575E-06 5.952966E-06 8.271939E-06
93 1.267857E+01 5.178571E-01 2.079278E+00 7.806971E-09 2.409232E-08 1.142313E-07 3.482249E-07 2.344238E-07 1.233400E-06 3.436395E-06 5.817234E-06 8.083333E-06
94 1.319643E+01 5.178571E-01 2.079278E+00 8.088401E-09 2.496082E-08 1.183492E-07 3.607779E-07 2.288214E-07 1.203925E-06 3.354273E-06 5.678217E-06 7.890161E-06
95 1.371429E+01 5.178571E-01 2.079278E+00 8.370073E-09 2.583006E-08 1.224706E-07 3.733417E-07 2.231293E-07 1.173977E-06 3.270837E-06 5.536972E-06 7.693895E-06
96 1.423214E+01 5.178571E-01 2.079278E+00 8.651847E-09 2.669961E-08 1.265935E-07 3.859100E-07 2.173851E-07 1.143755E-06 3.186634E-06 5.394432E-06 7.495828E-06
97 1.475000E+01 5.178571E-01 2.079278E+00 8.933604E-09 2.756911E-08 1.307162E-07 3.984776E-07 2.116215E-07 1.113432E-06 3.102149E-06 5.251412E-06 7.297095E-06
98 1.526786E+01 5.178571E-01 2.079278E+00 9.215247E-09 2.843827E-08 1.348371E-07 4.110401E-07 2.058672E-07 1.083157E-06 3.017799E-06 5.108622E-06 7.098682E-06
99 1.578571E+01 5.178571E-01 2.079278E+00 9.496698E-09 2.930682E-08 1.389553E-07 4.235941E-07 2.001470E-07 1.053061E-06 2.933949E-06 4.966679E-06 6.901445E-06
100 1.630357E+01 5.178571E-01 2.079278E+00 9.777896E-09 3.017460E-08 1.430698E-07 4.361367E-07 1.944823E-07 1.023257E-06 2.850913E-06 4.826113E-06 6.706121E-06
101 1.682143E+01 5.178571E-01 2.079278E+00 1.005880E-08 3.104146E-08 1.471799E-07 4.486662E-07 1.888915E-07 9.938422E-07 2.768959E-06 4.687379E-06 6.513343E-06
102 1.733929E+01 5.178571E-01 2.079278E+00 1.033937E-08 3.190731E-08 1.512853E-07 4.611809E-07 1.833900E-07 9.648971E-07 2.688315E-06 4.550861E-06 6.323645E-06
103 1.785714E+01 5.178571E-01 2.079278E+00 1.061960E-08 3.277210E-08 1.553856E-07 4.736803E-07 1.779909E-07 9.364909E-07 2.609172E-06 4.416885E-06 6.137479E-06
104 1.837500E+01 5.178571E-01 2.079278E+00 1.089947E-08 3.363580E-08 1.594807E-07 4.861640E-07 1.727052E-07 9.086809E-07 2.531690E-06 4.285722E-06 5.955221E-06
105 1.889286E+01 5.178571E-01 2.079278E+00 1.117900E-08 3.449842E-08 1.635708E-07 4.986322E-07 1.675418E-07 8.815142E-07 2.456000E-06 4.157592E-06 5.777179E-06
106 1.941071E+01 5.178571E-01 2.079278E+00 1.145820E-08 3.536001E-08 1.676559E-07 5.110854E-07 1.625079E-07 8.550289E-07 2.382209E-06 4.032676E-06 5.603602E-06
107 1.992857E+01 5.178571E-01 2.079278E+00 1.173707E-08 3.622063E-08 1.717364E-07 5.235246E-07 1.576091E-07 8.292548E-07 2.310399E-06 3.911115E-06 5.434686E-06
108 2.044643E+01 5.178571E-01 2.079278E+00 1.201566E-08 3.708035E-08 1.758127E-07 5.359509E-07 1.528499E-07 8.042148E-07 2.240635E-06 3.793016E-06 5.270582E-06
109 2.096429E+01 5.178571E-01 2.079278E+00 1.229400E-08 3.793929E-08 1.798853E-07 5.483658E-07 1.482334E-07 7.799257E-07 2.172963E-06 3.678458E-06 5.111398E-06
110 2.148214E+01 5.178571E-01 2.079278E+00 1.257211E-08 3.879756E-08 1.839547E-07 5.607710E-07 1.437618E-07 7.563987E-07 2.107414E-06 3.567495E-06 4.957209E-06
111 2.200000E+01 5.178571E-01 2.079278E+00 1.285005E-08 3.965528E-08 1.880215E-07 5.731683E-07 1.394362E-07 7.336402E-07 2.044006E-06 3.460156E-06 4.808057E-06
112 2.251786E+01 5.178571E-01 2.079278E+00 1.312786E-08 4.051260E-08 1.920864E-07 5.855597E-07 1.352572E-07 7.116526E-07 1.982746E-06 3.356453E-06 4.663957E-06
113 2.303571E+01 5.178571E-01 2.079278E+00 1.340558E-08 4.136965E-08 1.961500E-07 5.979474E-07 1.312244E-07 6.904347E-07 1.923631E-06 3.256381E-06 4.524901E-06
114 2.355357E+01 5.178571E-01 2.079278E+00 1.368327E-08 4.222660E-08 2.002131E-07 6.103335E-07 1.273371E-07 6.699821E-07 1.866647E-06 3.159918E-06 4.390861E-06
115 2.407143E+01 5.178571E-01 2.079278E+00 1.396097E-08 4.308359E-08 2.042764E-07 6.227202E-07 1.235939E-07 6.502878E-07 1.811777E-06 3.067031E-06 4.261790E-06
116 2.458929E+01 5.178571E-01 2.079278E+00 1.423874E-08 4.394078E-08 2.083407E-07 6.351099E-07 1.199931E-07 6.313426E-07 1.758993E-06 2.977677E-06 4.137629E-06
117 2.510714E+01 5.178571E-01 2.079278E+00 1.451663E-08 4.479834E-08 2.124068E-07 6.475048E-07 1.165326E-07 6.131352E-07 1.708265E-06 2.891804E-06 4.018304E-06
118 2.562500E+01 5.178571E-01 2.079278E+00 1.479469E-08 4.565642E-08 2.164753E-07 6.599074E-07 1.132099E-07 5.956531E-07 1.659558E-06 2.809351E-06 3.903731E-06
119 2.614286E+01 5.178571E-01 2.079278E+00 1.507296E-08 4.651519E-08 2.205470E-07 6.723198E-07 1.100223E-07 5.788820E-07 1.612832E-06 2.730251E-06 3.793818E-06
120 2.666071E+01 5.178571E-01 2.079278E+00 1.535151E-08 4.737479E-08 2.246228E-07 6.847443E-07 1.069670E-07 5.628067E-07 1.568044E-06 2.654433E-06 3.688466E-06
121 2.717857E+01 5.178571E-01 2.079278E+00 1.563038E-08 4.823539E-08 2.287032E-07 6.971831E-07 1.040409E-07 5.474113E-07 1.525151E-06 2.581822E-06 3.587569E-06
122 2.769643E+01 5.178571E-01 2.079278E+00 1.590962E-08 4.909712E-08 2.327890E-07 7.096385E-07 1.012408E-07 5.326789E-07 1.484105E-06 2.512338E-06 3.491017E-06
123 2.821429E+01 5.178571E-01 2.079278E+00 1.618928E-08 4.996014E-08 2.368809E-07 7.221124E-07 9.856347E-08 5.185923E-07 1.444858E-06 2.445900E-06 3.398698E-06
124 2.873214E+01 5.178571E-01 2.079278E+00 1.646940E-08 5.082459E-08 2.409796E-07 7.346069E-07 9.600553E-08 5.051339E-07 1.407361E-06 2.382424E-06 3.310496E-06
125 2.925000E+01 5.178571E-01 2.079278E+00 1.675002E-08 5.169059E-08 2.450857E-07 7.471239E-07 9.356358E-08 4.922858E-07 1.371565E-06 2.321827E-06 3.226293E-06
126 2.976786E+01 5.178571E-01 2.079278E+00 1.703119E-08 5.255828E-08 2.491997E-07 7.596652E-07 9.123419E-08 4.800299E-07 1.337419E-06 2.264023E-06 3.145972E-06
127 3.028571E+01 5.178571E-01 2.079278E+00 1.731294E-08 5.342777E-08 2.533224E-07 7.722327E-07 8.901395E-08 4.683483E-07 1.304872E-06 2.208928E-06 3.069414E-06
128 3.080357E+01 5.178571E-01 2.079278E+00 1.759532E-08 5.429918E-08 2.574541E-07 7.848279E-07 8.689941E-08 4.572228E-07 1.273875E-06 2.156455E-06 2.996501E-06
129 3.132143E+01 5.178571E-01 2.079278E+00 1.787835E-08 5.517262E-08 2.615954E-07 7.974523E-07 8.488718E-08 4.466356E-07 1.244378E-06 2.106522E-06 2.927115E-06
130 3.183929E+01 5.178571E-01 2.079278E+00 1.816207E-08 5.604817E-08 2.657467E-07 8.101073E-07 8.297388E-08 4.365689E-07 1.216331E-06 2.059043E-06 2.861141E-06
131 3.235714E+01 5.178571E-01 2.079278E+00 1.844650E-08 5.692594E-08 2.699085E-07 8.227944E-07 8.115618E-08 4.270053E-07 1.189686E-06 2.013937E-06 2.798464E-06
132 3.287500E+01 5.178571E-01 2.079278E+00 1.873168E-08 5.780600E-08 2.740812E-07 8.355145E-07 7.943081E-08 4.179274E-07 1.164394E-06 1.971122E-06 2.738970E-06
133 3.339286E+01 5.178571E-01 2.079278E+00 1.901762E-08 5.868842E-08 2.782652E-07 8.482688E-07 7.779455E-08 4.093183E-07 1.140408E-06 1.930518E-06 2.682549E-06
134 3.391071E+01 5.178571E-01 2.079278E+00 1.930435E-08 5.957326E-08 2.824606E-07 8.610582E-07 7.624423E-08 4.011615E-07 1.117682E-06 1.892046E-06 2.629091E-06
135 3.442857E+01 5.178571E-01 2.079278E+00 1.959189E-08 6.046060E-08 2.866678E-07 8.738835E-07 7.477677E-08 3.934406E-07 1.096171E-06 1.855631E-06 2.578491E-06
136 3.494643E+01 5.178571E-01 2.079278E+00 1.988024E-08 6.135046E-08 2.908870E-07 8.867454E-07 7.338916E-08 3.861397E-07 1.075830E-06 1.821198E-06 2.530644E-06
137 3.546429E+01 5.178571E-01 2.079278E+00 2.016943E-08 6.224289E-08 2.951183E-07 8.996444E-07 7.207844E-08 3.792435E-07 1.056616E-06 1.788672E-06 2.485448E-06
138 3.598214E+01 5.178571E-01 2.079278E+00 2.045946E-08 6.313792E-08 2.993620E-07 9.125809E-07 7.084176E-08 3.727368E-07 1.038488E-06 1.757984E-06 2.442805E-06
139 3.650000E+01 5.178571E-01 2.079278E+00 2.075033E-08 6.403556E-08 3.036181E-07 9.255552E-07 6.967631E-08 3.666049E-07 1.021403E-06 1.729063E-06 2.402618E-06
140 3.701786E+01 5.178571E-01 2.079278E+00 2.104206E-08 6.493584E-08 3.078867E-07 9.385676E-07 6.857940E-08 3.608336E-07 1.005324E-06 1.701843E-06 2.364795E-06
141 3.753571E+01 5.178571E-01 2.079278E+00 2.133464E-08 6.583874E-08 3.121677E-07 9.516179E-07 6.754838E-08 3.554090E-07 9.902104E-07 1.676258E-06 2.329244E-06
142 3.805357E+01 5.178571E-01 2.079278E+00 2.162807E-08 6.674426E-08 3.164611E-07 9.647061E-07 6.658071E-08 3.503177E-07 9.760255E-07 1.652246E-06 2.295877E-06
143 3.857143E+01 5.178571E-01 2.079278E+00 2.192234E-08 6.765239E-08 3.207669E-07 9.778320E-07 6.567392E-08 3.455467E-07 9.627329E-07 1.629744E-06 2.264609E-06
144 3.908929E+01 5.178571E-01 2.079278E+00 2.221745E-08 6.856310E-08 3.250849E-07 9.909951E-07 6.482560E-08 3.410833E-07 9.502975E-07 1.608693E-06 2.235358E-06
145 3.960714E+01 5.178571E-01 2.079278E+00 2.251339E-08 6.947635E-08 3.294150E-07 1.004195E-06 6.403345E-08 3.369155E-07 9.386854E-07 1.589035E-06 2.208043E-06
146 4.012500E+01 5.178571E-01 2.079278E+00 2.281013E-08 7.039211E-08 3.337570E-07 1.017431E-06 6.329520E-08 3.330313E-07 9.278636E-07 1.570716E-06 2.182587E-06
147 4.064286E+01 5.178571E-01 2.079278E+00 2.310767E-08 7.131031E-08 3.381106E-07 1.030703E-06 6.260871E-08 3.294194E-07 9.178004E-07 1.553681E-06 2.158916E-06
148 4.116071E+01 5.178571E-01 2.079278E+00 2.340599E-08 7.223091E-08 3.424755E-07 1.044009E-06 6.197187E-08 3.260687E-07 9.084651E-07 1.537877E-06 2.136956E-06
149 4.167857E+01 5.178571E-01 2.079278E+00 2.370505E-08 7.315383E-08 3.468514E-07 1.057349E-06 6.138266E-08 3.229687E-07 8.998279E-07 1.523256E-06 2.116639E-06
150 4.219643E+01 5.178571E-01 2.079278E+00 2.400484E-08 7.407899E-08 3.512380E-07 1.070721E-06 6.083913E-08 3.201089E-07 8.918604E-07 1.509769E-06 2.097898E-06
151 4.271429E+01 5.178571E-01 2.079278E+00 2.430534E-08 7.500630E-08 3.556348E-07 1.084124E-06 6.033938E-08 3.174796E-07 8.845347E-07 1.497367E-06 2.080666E-06
152 4.323214E+01 5.178571E-01 2.079278E+00 2.460649E-08 7.593568E-08 3.600413E-07 1.097557E-06 5.988160E-08 3.150710E-07 8.778243E-07 1.486008E-06 2.064881E-06
153 4.375000E+01 5.178571E-01 2.079278E+00 2.490829E-08 7.686701E-08 3.644571E-07 1.111018E-06 5.946404E-08 3.128741E-07 8.717033E-07 1.475646E-06 2.050483E-06
154 4.426786E+01 5.178571E-01 2.079278E+00 2.521068E-08 7.780019E-08 3.688817E-07 1.124506E-06 5.908499E-08 3.108798E-07 8.661469E-07 1.466240E-06 2.037413E-06
155 4.478571E+01 5.178571E-01 2.079278E+00 2.551362E-08 7.873509E-08 3.733144E-07 1.138019E-06 5.874282E-08 3.090796E-07 8.611313E-07 1.457749E-06 2.025614E-06
156 4.530357E+01 5.178571E-01 2.079278E+00 2.581709E-08 7.967158E-08 3.777547E-07 1.151555E-06 5.843597E-08 3.074651E-07 8.566332E-07 1.450135E-06 2.015034E-06
157 4.582143E+01 5.178571E-01 2.079278E+00 2.612103E-08 8.060953E-08 3.822019E-07 1.165112E-06 5.816290E-08 3.060284E-07 8.526304E-07 1.443359E-06 2.005618E-06
158 4.633929E+01 5.178571E-01 2.079278E+00 2.642539E-08 8.154880E-08 3.866553E-07 1.178687E-06 5.792216E-08 3.047618E-07 8.491015E-07 1.437385E-06 1.997317E-06
159 4.685714E+01 5.178571E-01 2.079278E+00 2.673013E-08 8.248923E-08 3.911143E-07 1.192280E-06 5.771232E-08 3.036578E-07 8.460256E-07 1.432178E-06 1.990082E-06
160 4.737500E+01 5.178571E-01 2.079278E+00 2.703520E-08 8.343066E-08 3.955780E-07 1.205887E-06 5.753203E-08 3.027093E-07 8.433829E-07 1.427704E-06 1.983865E-06
161 4.789286E+01 5.178571E-01 2.079278E+00 2.734053E-08 8.437292E-08 4.000456E-07 1.219507E-06 5.737997E-08 3.019093E-07 8.411540E-07 1.423931E-06 1.978622E-06
162 4.841071E+01 5.178571E-01 2.079278E+00 2.764608E-08 8.531584E-08 4.045164E-07 1.233135E-06 5.725488E-08 3.012511E-07 8.393203E-07 1.420827E-06 1.974309E-06
163 4.892857E+01 5.178571E-01 2.079278E+00 2.795178E-08 8.625924E-08 4.089894E-07 1.246771E-06 5.715552E-08 3.007284E-07 8.378641E-07 1.418362E-06 1.970884E-06
164 4.944643E+01 5.178571E-01 2.079278E+00 2.825758E-08 8.720293E-08 4.134638E-07 1.260411E-06 5.708073E-08 3.003350E-07 8.367678E-07 1.416506E-06 1.968305E-06
165 4.996429E+01 5.178571E-01 2.079278E+00 2.856340E-08 8.814670E-08 4.179386E-07 1.274052E-06 5.702937E-08 3.000647E-07 8.360150E-07 1.415232E-06 1.966534E-06
166 5.048214E+01 5.178571E-01 2.079278E+00 2.886919E-08 8.909037E-08 4.224129E-07 1.287692E-06 5.700032E-08 2.999120E-07 8.355894E-07 1.414511E-06 1.965533E-06
167 5.100000E+01 5.178571E-01 2.079278E+00 2.917487E-08 9.003371E-08 4.268857E-07 1.301326E-06 5.699255E-08 2.998711E-07 8.354756E-07 1.414319E-06 1.965265E-06
168 5.151786E+01 5.178571E-01 2.079278E+00 2.948038E-08 9.097650E-08 4.313558E-07 1.314953E-06 5.700501E-08 2.999368E-07 8.356584E-07 1.414628E-06 1.965695E-06
169 5.203571E+01 5.178571E-01 2.079278E+00 2.978564E-08 9.191854E-08 4.358224E-07 1.328569E-06 5.703674E-08 3.001037E-07 8.361236E-07 1.415416E-06 1.966790E-06
170 5.255357E+01 5.178571E-01 2.079278E+00 3.009058E-08 9.285957E-08 4.402842E-07 1.342171E-06 5.708676E-08 3.003670E-07 8.368570E-07 1.416657E-06 1.968515E-06
171 5.307143E+01 5.178571E-01 2.079278E+00 3.039512E-08 9.379938E-08 4.447402E-07 1.355755E-06 5.715416E-08 3.007216E-07 8.378452E-07 1.418330E-06 1.970839E-06
172 5.358929E+01 5.178571E-01 2.079278E+00 3.069918E-08 9.473772E-08 4.491893E-07 1.369317E-06 5.723805E-08 3.011631E-07 8.390750E-07 1.420412E-06 1.973732E-06
173 5.410714E+01 5.178571E-01 2.079278E+00 3.100268E-08 9.567434E-08 4.536301E-07 1.382855E-06 5.733756E-08 3.016867E-07 8.405340E-07 1.422882E-06 1.977164E-06
174 5.462500E+01 5.178571E-01 2.079278E+00 3.130555E-08 9.660898E-08 4.580616E-07 1.396364E-06 5.745187E-08 3.022882E-07 8.422098E-07 1.425718E-06 1.981106E-06
175 5.514286E+01 5.178571E-01 2.079278E+00 3.160769E-08 9.754139E-08 4.624826E-07 1.409841E-06 5.758017E-08 3.029633E-07 8.440906E-07 1.428902E-06 1.985530E-06
176 5.566071E+01 5.178571E-01 2.079278E+00 3.190903E-08 9.847131E-08 4.668917E-07 1.423282E-06 5.772167E-08 3.037079E-07 8.461651E-07 1.432414E-06 1.990410E-06
177 5.617857E+01 5.178571E-01 2.079278E+00 3.220947E-08 9.939846E-08 4.712877E-07 1.436682E-06 5.787564E-08 3.045180E-07 8.484222E-07 1.436235E-06 1.995719E-06
178 5.669643E+01 5.178571E-01 2.079278E+00 3.250892E-08 1.003226E-07 4.756693E-07 1.450039E-06 5.804133E-08 3.053898E-07 8.508512E-07 1.440347E-06 2.001433E-06
179 5.721429E+01 5.178571E-01 2.079278E+00 3.280730E-08 1.012434E-07 4.800352E-07 1.463348E-06 5.821803E-08 3.063196E-07 8.534417E-07 1.444732E-06 2.007526E-06
180 5.773214E+01 5.178571E-01 2.079278E+00 3.310451E-08 1.021606E-07 4.843840E-07 1.476605E-06 5.840507E-08 3.073038E-07 8.561837E-07 1.449374E-06 2.013976E-06
181 5.825000E+01 5.178571E-01 2.079278E+00 3.340047E-08 1.030739E-07 4.887144E-07 1.489806E-06 5.860179E-08 3.083388E-07 8.590675E-07 1.454256E-06 2.020760E-06
182 5.876786E+01 5.178571E-01 2.079278E+00 3.369507E-08 1.039830E-07 4.930250E-07 1.502947E-06 5.880752E-08 3.094213E-07 8.620835E-07 1.459361E-06 2.027854E-06
183 5.928571E+01 5.178571E-01 2.079278E+00 3.398822E-08 1.048877E-07 4.973144E-07 1.516023E-06 5.902167E-08 3.105481E-07 8.652228E-07 1.464676E-06 2.035239E-06
184 5.980357E+01 5.178571E-01 2.079278E+00 3.427983E-08 1.057876E-07 5.015812E-07 1.529030E-06 5.924361E-08 3.117159E-07 8.684763E-07 1.470183E-06 2.042892E-06
185 6.032143E+01 5.178571E-01 2.079278E+00 3.456980E-08 1.066825E-07 5.058240E-07 1.541964E-06 5.947275E-08 3.129216E-07 8.718356E-07 1.475870E-06 2.050794E-06
186 6.083929E+01 5.178571E-01 2.079278E+00 3.485803E-08 1.075719E-07 5.100413E-07 1.554820E-06 5.970854E-08 3.141622E-07 8.752922E-07 1.481721E-06 2.058925E-06
187 6.135714E+01 5.178571E-01 2.079278E+00 3.514441E-08 1.084557E-07 5.142317E-07 1.567594E-06 5.995042E-08 3.154349E-07 8.788380E-07 1.487724E-06 2.067265E-06
188 6.187500E+01 5.178571E-01 2.079278E+00 3.542886E-08 1.093335E-07 5.183937E-07 1.580281E-06 6.019785E-08 3.167368E-07 8.824652E-07 1.493864E-06 2.075798E-06
189 6.239286E+01 5.178571E-01 2.079278E+00 3.571126E-08 1.102050E-07 5.225259E-07 1.592878E-06 6.045030E-08 3.180651E-07 8.861661E-07 1.500129E-06 2.084503E-06
190 6.291071E+01 5.178571E-01 2.079278E+00 3.599153E-08 1.110699E-07 5.266267E-07 1.605379E-06 6.070727E-08 3.194172E-07 8.899332E-07 1.506506E-06 2.093364E-06
191 6.342857E+01 5.178571E-01 2.079278E+00 3.626955E-08 1.119279E-07 5.306947E-07 1.617780E-06 6.096827E-08 3.207905E-07 8.937593E-07 1.512983E-06 2.102364E-06
192 6.394643E+01 5.178571E-01 2.079278E+00 3.654522E-08 1.127786E-07 5.347283E-07 1.630076E-06 6.123282E-08 3.221824E-07 8.976374E-07 1.519548E-06 2.111487E-06
193 6.446429E+01 5.178571E-01 2.079278E+00 3.681845E-08 1.136218E-07 5.387261E-07 1.642263E-06 6.150044E-08 3.235906E-07 9.015607E-07 1.526190E-06 2.120715E-06
194 6.498214E+01 5.178571E-01 2.079278E+00 3.708912E-08 1.144571E-07 5.426866E-07 1.654336E-06 6.177069E-08 3.250126E-07 9.055225E-07 1.532896E-06 2.130035E-06
195 6.550000E+01 5.178571E-01 2.079278E+00 3.735713E-08 1.152842E-07 5.466082E-07 1.666291E-06 6.204313E-08 3.264460E-07 9.095163E-07 1.539657E-06 2.139429E-06
196 6.601786E+01 5.178571E-01 2.079278E+00 3.762239E-08 1.161028E-07 5.504895E-07 1.678123E-06 6.231732E-08 3.278887E-07 9.135358E-07 1.546461E-06 2.148884E-06
197 6.653571E+01 5.178571E-01 2.079278E+00 3.788479E-08 1.169125E-07 5.543289E-07 1.689827E-06 6.259285E-08 3.293385E-07 9.175750E-07 1.553299E-06 2.158385E-06
198 6.705357E+01 5.178571E-01 2.079278E+00 3.814423E-08 1.177131E-07 5.581249E-07 1.701399E-06 6.286932E-08 3.307931E-07 9.216278E-07 1.560160E-06 2.167919E-06
199 6.757143E+01 5.178571E-01 2.079278E+00 3.840059E-08 1.185043E-07 5.618760E-07 1.712834E-06 6.314631E-08 3.322506E-07 9.256884E-07 1.567034E-06 2.177470E-06
200 6.808929E+01 5.178571E-01 2.079278E+00 3.865379E-08 1.192857E-07 5.655808E-07 1.724127E-06 6.342346E-08 3.337088E-07 9.297513E-07 1.573911E-06 2.187027E-06
201 6.860714E+01 5.178571E-01 2.079278E+00 3.890372E-08 1.200569E-07 5.692377E-07 1.735275E-06 6.370039E-08 3.351659E-07 9.338109E-07 1.580784E-06 2.196577E-06
202 6.912500E+01 5.178571E-01 2.079278E+00 3.915027E-08 1.208178E-07 5.728453E-07 1.746273E-06 6.397672E-08 3.366199E-07 9.378619E-07 1.587641E-06 2.206106E-06
203 6.964286E+01 5.178571E-01 2.079278E+00 3.939335E-08 1.215679E-07 5.764020E-07 1.757115E-06 6.425212E-08 3.380689E-07 9.418990E-07 1.594475E-06 2.215602E-06
204 7.016071E+01 5.178571E-01 2.079278E+00 3.963286E-08 1.223071E-07 5.799065E-07 1.767798E-06 6.452622E-08 3.395112E-07 9.459172E-07 1.601278E-06 2.225054E-06
205 7.067857E+01 5.178571E-01 2.079278E+00 3.986869E-08 1.230348E-07 5.833572E-07 1.778317E-06 6.479870E-08 3.409448E-07 9.499116E-07 1.608039E-06 2.234450E-06
206 7.119643E+01 5.178571E-01 2.079278E+00 4.010075E-08 1.237510E-07 5.867527E-07 1.788668E-06 6.506923E-08 3.423682E-07 9.538774E-07 1.614753E-06 2.243778E-06
207 7.171429E+01 5.178571E-01 2.079278E+00 4.032894E-08 1.244552E-07 5.900916E-07 1.798846E-06 6.533748E-08 3.437797E-07 9.578099E-07 1.621410E-06 2.253029E-06
208 7.223214E+01 5.178571E-01 2.079278E+00 4.055317E-08 1.251471E-07 5.933725E-07 1.808848E-06 6.560316E-08 3.451776E-07 9.617046E-07 1.628003E-06 2.262190E-06
209 7.275000E+01 5.178571E-01 2.079278E+00 4.077334E-08 1.258266E-07 5.965939E-07 1.818668E-06 6.586596E-08 3.465603E-07 9.655571E-07 1.634525E-06 2.271252E-06
210 7.326786E+01 5.178571E-01 2.079278E+00 4.098935E-08 1.264932E-07 5.997546E-07 1.828303E-06 6.612558E-08 3.479264E-07 9.693631E-07 1.640967E-06 2.280205E-06
211 7.378571E+01 5.178571E-01 2.079278E+00 4.120111E-08 1.271467E-07 6.028531E-07 1.837749E-06 6.638175E-08 3.492743E-07 9.731184E-07 1.647325E-06 2.289038E-06
212 7.430357E+01 5.178571E-01 2.079278E+00 4.140854E-08 1.277868E-07 6.058882E-07 1.847001E-06 6.663419E-08 3.506025E-07 9.768190E-07 1.653589E-06 2.297743E-06
213 7.482143E+01 5.178571E-01 2.079278E+00 4.161154E-08 1.284133E-07 6.088585E-07 1.856056E-06 6.688264E-08 3.519097E-07 9.804611E-07 1.659754E-06 2.306310E-06
214 7.533929E+01 5.178571E-01 2.079278E+00 4.181002E-08 1.290258E-07 6.117627E-07 1.864909E-06 6.712682E-08 3.531945E-07 9.840407E-07 1.665814E-06 2.314731E-06
215 7.585714E+01 5.178571E-01 2.079278E+00 4.200391E-08 1.296241E-07 6.145996E-07 1.873557E-06 6.736650E-08 3.544556E-07 9.875542E-07 1.671762E-06 2.322995E-06
216 7.637500E+01 5.178571E-01 2.079278E+00 4.219311E-08 1.302080E-07 6.173680E-07 1.881996E-06 6.760142E-08 3.556917E-07 9.909980E-07 1.677592E-06 2.331096E-06
217 7.689286E+01 5.178571E-01 2.079278E+00 4.237754E-08 1.307772E-07 6.200666E-07 1.890223E-06 6.783135E-08 3.569015E-07 9.943688E-07 1.683298E-06 2.339025E-06
218 7.741071E+01 5.178571E-01 2.079278E+00 4.255712E-08 1.313314E-07 6.226943E-07 1.898233E-06 6.805607E-08 3.580839E-07 9.976630E-07 1.688874E-06 2.346774E-06
219 7.792857E+01 5.178571E-01 2.079278E+00 4.273178E-08 1.318704E-07 6.252499E-07 1.906024E-06 6.827535E-08 3.592377E-07 1.000878E-06 1.694316E-06 2.354336E-06
220 7.844643E+01 5.178571E-01 2.079278E+00 4.290144E-08 1.323939E-07 6.277323E-07 1.913591E-06 6.848899E-08 3.603617E-07 1.004009E-06 1.699618E-06 2.361702E-06
221 7.896429E+01 5.178571E-01 2.079278E+00 4.306602E-08 1.329018E-07 6.301405E-07 1.920932E-06 6.869676E-08 3.614550E-07 1.007055E-06 1.704774E-06 2.368867E-06
222 7.948214E+01 5.178571E-01 2.079278E+00 4.322546E-08 1.333938E-07 6.324733E-07 1.928044E-06 6.889849E-08 3.625164E-07 1.010012E-06 1.709780E-06 2.375823E-06
223 8.000000E+01 5.178571E-01 2.079278E+00 4.337968E-08 1.338698E-07 6.347299E-07 1.934923E-06 6.909397E-08 3.635449E-07 1.012878E-06 1.714631E-06 2.382564E-06
224 8.051786E+01 5.178571E-01 2.079278E+00 4.352862E-08 1.343294E-07 6.369092E-07 1.941566E-06 6.928302E-08 3.645396E-07 1.015649E-06 1.719323E-06 2.389083E-06
225 8.103571E+01 5.178571E-01 2.079278E+00 4.367221E-08 1.347725E-07 6.390102E-07 1.947971E-06 6.946547E-08 3.654996E-07 1.018324E-06 1.723850E-06 2.395375E-06
226 8.155357E+01 5.178571E-01 2.079278E+00 4.381040E-08 1.351990E-07 6.410322E-07 1.954135E-06 6.964115E-08 3.664240E-07 1.020899E-06 1.728210E-06 2.401433E-06
227 8.207143E+01 5.178571E-01 2.079278E+00 4.394312E-08 1.356085E-07 6.429741E-07 1.960055E-06 6.980990E-08 3.673119E-07 1.023373E-06 1.732397E-06 2.407251E-06
228 8.258929E+01 5.178571E-01 2.079278E+00 4.407032E-08 1.360011E-07 6.448353E-07 1.965728E-06 6.997156E-08 3.681625E-07 1.025743E-06 1.736409E-06 2.412826E-06
229 8.310714E+01 5.178571E-01 2.079278E+00 4.419195E-08 1.363764E-07 6.466149E-07 1.971153E-06 7.012599E-08 3.689750E-07 1.028007E-06 1.740241E-06 2.418151E-06
230 8.362500E+01 5.178571E-01 2.079278E+00 4.430795E-08 1.367344E-07 6.483122E-07 1.976327E-06 7.027304E-08 3.697487E-07 1.030163E-06 1.743891E-06 2.423222E-06
231 8.414286E+01 5.178571E-01 2.079278E+00 4.441827E-08 1.370749E-07 6.499265E-07 1.981248E-06 7.041258E-08 3.704830E-07 1.032208E-06 1.747354E-06 2.428034E-06
232 8.466071E+01 5.178571E-01 2.079278E+00 4.452288E-08 1.373977E-07 6.514572E-07 1.985914E-06 7.054449E-08 3.711770E-07 1.034142E-06 1.750627E-06 2.432582E-06
233 8.517857E+01 5.178571E-01 2.079278E+00 4.462174E-08 1.377027E-07 6.529036E-07 1.990324E-06 7.066865E-08 3.718303E-07 1.035962E-06 1.753708E-06 2.436864E-06
234 8.569643E+01 5.178571E-01 2.079278E+00 4.471479E-08 1.379899E-07 6.542652E-07 1.994474E-06 7.078495E-08 3.724422E-07 1.037667E-06 1.756594E-06 2.440874E-06
235 8.621429E+01 5.178571E-01 2.079278E+00 4.480201E-08 1.382591E-07 6.555414E-07 1.998365E-06 7.089328E-08 3.730122E-07 1.039255E-06 1.759283E-06 2.444610E-06
236 8.673214E+01 5.178571E-01 2.079278E+00 4.488337E-08 1.385102E-07 6.567318E-07 2.001994E-06 7.099354E-08 3.735397E-07 1.040725E-06 1.761771E-06 2.448067E-06
237 8.725000E+01 5.178571E-01 2.079278E+00 4.495884E-08 1.387430E-07 6.578360E-07 2.005360E-06 7.108564E-08 3.740243E-07 1.042075E-06 1.764056E-06 2.451243E-06
238 8.776786E+01 5.178571E-01 2.079278E+00 4.502838E-08 1.389577E-07 6.588536E-07 2.008462E-06 7.116950E-08 3.744656E-07 1.043304E-06 1.766137E-06 2.454135E-06
239 8.828571E+01 5.178571E-01 2.079278E+00 4.509198E-08 1.391539E-07 6.597842E-07 2.011299E-06 7.124504E-08 3.748630E-07 1.044412E-06 1.768012E-06 2.456739E-06
240 8.880357E+01 5.178571E-01 2.079278E+00 4.514962E-08 1.393318E-07 6.606275E-07 2.013870E-06 7.131219E-08 3.752163E-07 1.045396E-06 1.769678E-06 2.459055E-06
241 8.932143E+01 5.178571E-01 2.079278E+00 4.520128E-08 1.394912E-07 6.613834E-07 2.016174E-06 7.137088E-08 3.755252E-07 1.046256E-06 1.771135E-06 2.461079E-06
242 8.983929E+01 5.178571E-01 2.079278E+00 4.524694E-08 1.396321E-07 6.620516E-07 2.018211E-06 7.142106E-08 3.757892E-07 1.046992E-06 1.772380E-06 2.462809E-06
243 9.035714E+01 5.178571E-01 2.079278E+00 4.528660E-08 1.397545E-07 6.626319E-07 2.019980E-06 7.146268E-08 3.760081E-07 1.047602E-06 1.773413E-06 2.464244E-06
244 9.087500E+01 5.178571E-01 2.079278E+00 4.532026E-08 1.398584E-07 6.631243E-07 2.021481E-06 7.149568E-08 3.761818E-07 1.048086E-06 1.774232E-06 2.465382E-06
245 9.139286E+01 5.178571E-01 2.079278E+00 4.534789E-08 1.399437E-07 6.635287E-07 2.022713E-06 7.152004E-08 3.763100E-07 1.048443E-06 1.774836E-06 2.466222E-06
246 9.191071E+01 5.178571E-01 2.079278E+00 4.536952E-08 1.400104E-07 6.638451E-07 2.023678E-06 7.153572E-08 3.763925E-07 1.048673E-06 1.775225E-06 2.466763E-06
247 9.242857E+01 5.178571E-01 2.079278E+00 4.538513E-08 1.400586E-07 6.640735E-07 2.024374E-06 7.154269E-08 3.764291E-07 1.048775E-06 1.775398E-06 2.467003E-06
248 9.294643E+01 5.178571E-01 2.079278E+00 4.539473E-08 1.400882E-07 6.642140E-07 2.024803E-06 7.154093E-08 3.764199E-07 1.048749E-06 1.775355E-06 2.466943E-06
249 9.346429E+01 5.178571E-01 2.079278E+00 4.539834E-08 1.400993E-07 6.642667E-07 2.024963E-06 7.153044E-08 3.763647E-07 1.048595E-06 1.775094E-06 2.466581E-06
250 9.398214E+01 5.178571E-01 2.079278E+00 4.539596E-08 1.400920E-07 6.642319E-07 2.024857E-06 7.151120E-08 3.762634E-07 1.048313E-06 1.774617E-06 2.465917E-06
251 9.450000E+01 5.178571E-01 2.079278E+00 4.538760E-08 1.400662E-07 6.641097E-07 2.024485E-06 7.148321E-08 3.761162E-07 1.047903E-06 1.773922E-06 2.464952E-06
252 9.501786E+01 5.178571E-01 2.079278E+00 4.537330E-08 1.400221E-07 6.639004E-07 2.023847E-06 7.144647E-08 3.759229E-07 1.047365E-06 1.773011E-06 2.463686E-06
253 9.553571E+01 5.178571E-01 2.079278E+00 4.535307E-08 1.399596E-07 6.636044E-07 2.022944E-06 7.140101E-08 3.756837E-07 1.046698E-06 1.771882E-06 2.462118E-06
254 9.605357E+01 5.178571E-01 2.079278E+00 4.532692E-08 1.398790E-07 6.632219E-07 2.021778E-06 7.134682E-08 3.753986E-07 1.045904E-06 1.770538E-06 2.460249E-06
255 9.657143E+01 5.178571E-01 2.079278E+00 4.529490E-08 1.397801E-07 6.627533E-07 2.020350E-06 7.128394E-08 3.750677E-07 1.044982E-06 1.768977E-06 2.458081E-06
256 9.708929E+01 5.178571E-01 2.079278E+00 4.525703E-08 1.396633E-07 6.621992E-07 2.018661E-06 7.121239E-08 3.746912E-07 1.043933E-06 1.767202E-06 2.455614E-06
257 9.760714E+01 5.178571E-01 2.079278E+00 4.521334E-08 1.395285E-07 6.615600E-07 2.016712E-06 7.113220E-08 3.742693E-07 1.042757E-06 1.765212E-06 2.452848E-06
258 9.812500E+01 5.178571E-01 2.079278E+00 4.516388E-08 1.393758E-07 6.608362E-07 2.014506E-06 7.104341E-08 3.738021E-07 1.041456E-06 1.763008E-06 2.449787E-06
259 9.864286E+01 5.178571E-01 2.079278E+00 4.510867E-08 1.392054E-07 6.600283E-07 2.012043E-06 7.094606E-08 3.732899E-07 1.040029E-06 1.760592E-06 2.446430E-06
260 9.916071E+01 5.178571E-01 2.079278E+00 4.504776E-08 1.390174E-07 6.591371E-07 2.009326E-06 7.084020E-08 3.727329E-07 1.038477E-06 1.757966E-06 2.442779E-06
261 9.967857E+01 5.178571E-01 2.079278E+00 4.498119E-08 1.388120E-07 6.581631E-07 2.006357E-06 7.072589E-08 3.721315E-07 1.036801E-06 1.755129E-06 2.438838E-06
262 1.001964E+02 5.178571E-01 2.079278E+00 4.490901E-08 1.385893E-07 6.571070E-07 2.003137E-06 7.060317E-08 3.714858E-07 1.035002E-06 1.752083E-06 2.434606E-06
263 1.007143E+02 5.178571E-01 2.079278E+00 4.483128E-08 1.383494E-07 6.559696E-07 1.999670E-06 7.047212E-08 3.707962E-07 1.033081E-06 1.748831E-06 2.430087E-06
264 1.012321E+02 5.178571E-01 2.079278E+00 4.474803E-08 1.380925E-07 6.547516E-07 1.995957E-06 7.033279E-08 3.700632E-07 1.031039E-06 1.745374E-06 2.425283E-06
265 1.017500E+02 5.178571E-01 2.079278E+00 4.465934E-08 1.378188E-07 6.534538E-07 1.992001E-06 7.018527E-08 3.692870E-07 1.028876E-06 1.741713E-06 2.420196E-06
266 1.022679E+02 5.178571E-01 2.079278E+00 4.456524E-08 1.375284E-07 6.520770E-07 1.987804E-06 7.002962E-08 3.684680E-07 1.026594E-06 1.737850E-06 2.414828E-06
267 1.027857E+02 5.178571E-01 2.079278E+00 4.446581E-08 1.372216E-07 6.506221E-07 1.983369E-06 6.986593E-08 3.676067E-07 1.024195E-06 1.733788E-06 2.409184E-06
268 1.033036E+02 5.178571E-01 2.079278E+00 4.436111E-08 1.368984E-07 6.490900E-07 1.978698E-06 6.969427E-08 3.667035E-07 1.021678E-06 1.729528E-06 2.403265E-06
269 1.038214E+02 5.178571E-01 2.079278E+00 4.425119E-08 1.365592E-07 6.474817E-07 1.973796E-06 6.951475E-08 3.657589E-07 1.019047E-06 1.725073E-06 2.397074E-06
270 1.043393E+02 5.178571E-01 2.079278E+00 4.413612E-08 1.362041E-07 6.457981E-07 1.968663E-06 6.932744E-08 3.647734E-07 1.016301E-06 1.720425E-06 2.390615E-06
271 1.048571E+02 5.178571E-01 2.079278E+00 4.401598E-08 1.358334E-07 6.440401E-07 1.963304E-06 6.913244E-08 3.637474E-07 1.013442E-06 1.715586E-06 2.383891E-06
272 1.053750E+02 5.178571E-01 2.079278E+00 4.389082E-08 1.354471E-07 6.422089E-07 1.957722E-06 6.892986E-08 3.626815E-07 1.010472E-06 1.710559E-06 2.376905E-06
273 1.058929E+02 5.178571E-01 2.079278E+00 4.376073E-08 1.350457E-07 6.403054E-07 1.951919E-06 6.871979E-08 3.615762E-07 1.007393E-06 1.705346E-06 2.369662E-06
274 1.064107E+02 5.178571E-01 2.079278E+00 4.362578E-08 1.346292E-07 6.383307E-07 1.945900E-06 6.850234E-08 3.604321E-07 1.004205E-06 1.699949E-06 2.362163E-06
275 1.069286E+02 5.178571E-01 2.079278E+00 4.348603E-08 1.341980E-07 6.362860E-07 1.939666E-06 6.827762E-08 3.592497E-07 1.000911E-06 1.694373E-06 2.354414E-06
276 1.074464E+02 5.178571E-01 2.079278E+00 4.334158E-08 1.337522E-07 6.341723E-07 1.933223E-06 6.804574E-08 3.580296E-07 9.975118E-07 1.688618E-06 2.346418E-06
277 1.079643E+02 5.178571E-01 2.079278E+00 4.319249E-08 1.332921E-07 6.319909E-07 1.926573E-06 6.780682E-08 3.567725E-07 9.940093E-07 1.682689E-06 2.338179E-06
278 1.084821E+02 5.178571E-01 2.079278E+00 4.303885E-08 1.328180E-07 6.297428E-07 1.919720E-06 6.756096E-08 3.554789E-07 9.904052E-07 1.676588E-06 2.329702E-06
279 1.090000E+02 5.178571E-01 2.079278E+00 4.288073E-08 1.323300E-07 6.274293E-07 1.912667E-06 6.730830E-08 3.541495E-07 9.867012E-07 1.670318E-06 2.320989E-06
280 1.095179E+02 5.178571E-01 2.079278E+00 4.271823E-08 1.318285E-07 6.250516E-07 1.905419E-06 6.704894E-08 3.527849E-07 9.828993E-07 1.663882E-06 2.312046E-06
281 1.100357E+02 5.178571E-01 2.079278E+00 4.255142E-08 1.313138E-07 6.226109E-07 1.897979E-06 6.678303E-08 3.513857E-07 9.790011E-07 1.657283E-06 2.302876E-06
282 1.105536E+02 5.178571E-01 2.079278E+00 4.238040E-08 1.307860E-07 6.201084E-07 1.890350E-06 6.651068E-08 3.499527E-07 9.750086E-07 1.650524E-06 2.293485E-06
283 1.110714E+02 5.178571E-01 2.079278E+00 4.220524E-08 1.302454E-07 6.175455E-07 1.882537E-06 6.623202E-08 3.484865E-07 9.709236E-07 1.643609E-06 2.283876E-06
284 1.115893E+02 5.178571E-01 2.079278E+00 4.202603E-08 1.296924E-07 6.149233E-07 1.874544E-06 6.594718E-08 3.469878E-07 9.667481E-07 1.636541E-06 2.274054E-06
285 1.121071E+02 5.178571E-01 2.079278E+00 4.184287E-08 1.291272E-07 6.122433E-07 1.866374E-06 6.565630E-08 3.454573E-07 9.624839E-07 1.629322E-06 2.264023E-06
286 1.126250E+02 5.178571E-01 2.079278E+00 4.165584E-08 1.285500E-07 6.095066E-07 1.858032E-06 6.535951E-08 3.438957E-07 9.581331E-07 1.621957E-06 2.253789E-06
287 1.131429E+02 5.178571E-01 2.079278E+00 4.146502E-08 1.279611E-07 6.067147E-07 1.849521E-06 6.505694E-08 3.423037E-07 9.536976E-07 1.614449E-06 2.243356E-06
288 1.136607E+02 5.178571E-01 2.079278E+00 4.127053E-08 1.273609E-07 6.038688E-07 1.840845E-06 6.474873E-08 3.406820E-07 9.491794E-07 1.606800E-06 2.232728E-06
289 1.141786E+02 5.178571E-01 2.079278E+00 4.107243E-08 1.267496E-07 6.009703E-07 1.832009E-06 6.443502E-08 3.390314E-07 9.445806E-07 1.599015E-06 2.221910E-06
290 1.146964E+02 5.178571E-01 2.079278E+00 4.087083E-08 1.261274E-07 5.980205E-07 1.823017E-06 6.411594E-08 3.373526E-07 9.399031E-07 1.591097E-06 2.210907E-06
291 1.152143E+02 5.178571E-01 2.079278E+00 4.066582E-08 1.254948E-07 5.950207E-07 1.813873E-06 6.379164E-08 3.356462E-07 9.351491E-07 1.583049E-06 2.199724E-06
292 1.157321E+02 5.178571E-01 2.079278E+00 4.045749E-08 1.248519E-07 5.919724E-07 1.804580E-06 6.346226E-08 3.339132E-07 9.303205E-07 1.574875E-06 2.188366E-06
293 1.162500E+02 5.178571E-01 2.079278E+00 4.024593E-08 1.241990E-07 5.888769E-07 1.795144E-06 6.312794E-08 3.321541E-07 9.254195E-07 1.566579E-06 2.176838E-06
294 1.167679E+02 5.178571E-01 2.079278E+00 4.003124E-08 1.235365E-07 5.857356E-07 1.785567E-06 6.278881E-08 3.303697E-07 9.204482E-07 1.558163E-06 2.165144E-06
295 1.172857E+02 5.178571E-01 2.079278E+00 3.981351E-08 1.228645E-07 5.825497E-07 1.775856E-06 6.244503E-08 3.285609E-07 9.154085E-07 1.549632E-06 2.153289E-06
296 1.178036E+02 5.178571E-01 2.079278E+00 3.959283E-08 1.221835E-07 5.793208E-07 1.766013E-06 6.209673E-08 3.267283E-07 9.103027E-07 1.540988E-06 2.141279E-06
297 1.183214E+02 5.178571E-01 2.079278E+00 3.936930E-08 1.214937E-07 5.760502E-07 1.756042E-06 6.174407E-08 3.248727E-07 9.051328E-07 1.532237E-06 2.129118E-06
298 1.188393E+02 5.178571E-01 2.079278E+00 3.914301E-08 1.207954E-07 5.727391E-07 1.745949E-06 6.138717E-08 3.229949E-07 8.999009E-07 1.523380E-06 2.116811E-06
299 1.193571E+02 5.178571E-01 2.079278E+00 3.891406E-08 1.200889E-07 5.693891E-07 1.735737E-06 6.102619E-08 3.210955E-07 8.946091E-07 1.514422E-06 2.104363E-06
300 1.198750E+02 5.178571E-01 2.079278E+00 3.868254E-08 1.193744E-07 5.660015E-07 1.725410E-06 6.066126E-08 3.191754E-07 8.892595E-07 1.505366E-06 2.091780E-06
301 1.203929E+02 5.178571E-01 2.079278E+00 3.844854E-08 1.186522E-07 5.625776E-07 1.714972E-06 6.029254E-08 3.172354E-07 8.838543E-07 1.496216E-06 2.079065E-06
302 1.209107E+02 5.178571E-01 2.079278E+00 3.821215E-08 1.179228E-07 5.591188E-07 1.704428E-06 5.992016E-08 3.152760E-07 8.783954E-07 1.486975E-06 2.066224E-06
303 1.214286E+02 5.178571E-01 2.079278E+00 3.797347E-08 1.171862E-07 5.556264E-07 1.693782E-06 5.954426E-08 3.132982E-07 8.728849E-07 1.477646E-06 2.053262E-06
304 1.219464E+02 5.178571E-01 2.079278E+00 3.773259E-08 1.164428E-07 5.521019E-07 1.683038E-06 5.916499E-08 3.113026E-07 8.673250E-07 1.468234E-06 2.040184E-06
305 1.224643E+02 5.178571E-01 2.079278E+00 3.748960E-08 1.156930E-07 5.485465E-07 1.672200E-06 5.878249E-08 3.092901E-07 8.617178E-07 1.458742E-06 2.026994E-06
306 1.229821E+02 5.178571E-01 2.079278E+00 3.724460E-08 1.149369E-07 5.449616E-07 1.661271E-06 5.839689E-08 3.072612E-07 8.560652E-07 1.449173E-06 2.013698E-06
307 1.235000E+02 5.178571E-01 2.079278E+00 3.699767E-08 1.141749E-07 5.413485E-07 1.650257E-06 5.800835E-08 3.052168E-07 8.503693E-07 1.439531E-06 2.000299E-06
308 1.240179E+02 5.178571E-01 2.079278E+00 3.674890E-08 1.134072E-07 5.377085E-07 1.639161E-06 5.761698E-08 3.031576E-07 8.446321E-07 1.429819E-06 1.986804E-06
309 1.245357E+02 5.178571E-01 2.079278E+00 3.649838E-08 1.126341E-07 5.340430E-07 1.627987E-06 5.722295E-08 3.010844E-07 8.388557E-07 1.420041E-06 1.973216E-06
310 1.250536E+02 5.178571E-01 2.079278E+00 3.624621E-08 1.118559E-07 5.303532E-07 1.616739E-06 5.682637E-08 2.989977E-07 8.330421E-07 1.410199E-06 1.959541E-06
311 1.255714E+02 5.178571E-01 2.079278E+00 3.599247E-08 1.110728E-07 5.266404E-07 1.605421E-06 5.642739E-08 2.968985E-07 8.271933E-07 1.400298E-06 1.945783E-06
312 1.260893E+02 5.178571E-01 2.079278E+00 3.573724E-08 1.102852E-07 5.229060E-07 1.594037E-06 5.602614E-08 2.947872E-07 8.213112E-07 1.390341E-06 1.931947E-06
313 1.266071E+02 5.178571E-01 2.079278E+00 3.548062E-08 1.094932E-07 5.191511E-07 1.582590E-06 5.562275E-08 2.926648E-07 8.153978E-07 1.380330E-06 1.918037E-06
314 1.271250E+02 5.178571E-01 2.079278E+00 3.522269E-08 1.086973E-07 5.153770E-07 1.571085E-06 5.521736E-08 2.905318E-07 8.094550E-07 1.370270E-06 1.904058E-06
315 1.276429E+02 5.178571E-01 2.079278E+00 3.496353E-08 1.078975E-07 5.115850E-07 1.559525E-06 5.481010E-08 2.883889E-07 8.034847E-07 1.360164E-06 1.890014E-06
316 1.281607E+02 5.178571E-01 2.079278E+00 3.470322E-08 1.070942E-07 5.077763E-07 1.547915E-06 5.440109E-08 2.862369E-07 7.974889E-07 1.350014E-06 1.875910E-06
317 1.286786E+02 5.178571E-01 2.079278E+00 3.444186E-08 1.062876E-07 5.039520E-07 1.536257E-06 5.399046E-08 2.840763E-07 7.914694E-07 1.339824E-06 1.861751E-06
318 1.291964E+02 5.178571E-01 2.079278E+00 3.417952E-08 1.054781E-07 5.001135E-07 1.524555E-06 5.357835E-08 2.819080E-07 7.854281E-07 1.329597E-06 1.847540E-06
319 1.297143E+02 5.178571E-01 2.079278E+00 3.391628E-08 1.046657E-07 4.962618E-07 1.512814E-06 5.316487E-08 2.797324E-07 7.793667E-07 1.319336E-06 1.833282E-06
320 1.302321E+02 5.178571E-01 2.079278E+00 3.365223E-08 1.038508E-07 4.923981E-07 1.501036E-06 5.275015E-08 2.775503E-07 7.732871E-07 1.309044E-06 1.818981E-06
321 1.307500E+02 5.178571E-01 2.079278E+00 3.338743E-08 1.030337E-07 4.885236E-07 1.489225E-06 5.233431E-08 2.753623E-07 7.671911E-07 1.298725E-06 1.804642E-06
322 1.312679E+02 5.178571E-01 2.079278E+00 3.312197E-08 1.022145E-07 4.846394E-07 1.477384E-06 5.191746E-08 2.731690E-07 7.610804E-07 1.288380E-06 1.790268E-06
323 1.317857E+02 5.178571E-01 2.079278E+00 3.285593E-08 1.013934E-07 4.807467E-07 1.465517E-06 5.149974E-08 2.709711E-07 7.549568E-07 1.278014E-06 1.775863E-06
324 1.323036E+02 5.178571E-01 2.079278E+00 3.258937E-08 1.005708E-07 4.768464E-07 1.453628E-06 5.108124E-08 2.687692E-07 7.488219E-07 1.267629E-06 1.761432E-06
325 1.328214E+02 5.178571E-01 2.079278E+00 3.232237E-08 9.974690E-08 4.729398E-07 1.441719E-06 5.066209E-08 2.665638E-07 7.426774E-07 1.257227E-06 1.746979E-06
326 1.333393E+02 5.178571E-01 2.079278E+00 3.205501E-08 9.892182E-08 4.690278E-07 1.429793E-06 5.024240E-08 2.643555E-07 7.365250E-07 1.246812E-06 1.732507E-06
327 1.338571E+02 5.178571E-01 2.079278E+00 3.178736E-08 9.809584E-08 4.651115E-07 1.417855E-06 4.982228E-08 2.621450E-07 7.303663E-07 1.236386E-06 1.718020E-06
328 1.343750E+02 5.178571E-01 2.079278E+00 3.151948E-08 9.726917E-08 4.611919E-07 1.405906E-06 4.940184E-08 2.599328E-07 7.242028E-07 1.225953E-06 1.703522E-06
329 1.348929E+02 5.178571E-01 2.079278E+00 3.125145E-08 9.644202E-08 4.572700E-07 1.393951E-06 4.898119E-08 2.577195E-07 7.180362E-07 1.215514E-06 1.689016E-06
330 1.354107E+02 5.178571E-01 2.079278E+00 3.098333E-08 9.561460E-08 4.533469E-07 1.381991E-06 4.856042E-08 2.555056E-07 7.118680E-07 1.205072E-06 1.674507E-06
331 1.359286E+02 5.178571E-01 2.079278E+00 3.071518E-08 9.478711E-08 4.494234E-07 1.370031E-06 4.813964E-08 2.532916E-07 7.056997E-07 1.194630E-06 1.659997E-06
332 1.364464E+02 5.178571E-01 2.079278E+00 3.044708E-08 9.395975E-08 4.455006E-07 1.358073E-06 4.771896E-08 2.510782E-07 6.995327E-07 1.184190E-06 1.645491E-06
333 1.369643E+02 5.178571E-01 2.079278E+00 3.017909E-08 9.313272E-08 4.415793E-07 1.346119E-06 4.729847E-08 2.488657E-07 6.933686E-07 1.173756E-06 1.630991E-06
334 1.374821E+02 5.178571E-01 2.079278E+00 2.991127E-08 9.230622E-08 4.376606E-07 1.334173E-06 4.687826E-08 2.466548E-07 6.872086E-07 1.163328E-06 1.616501E-06
335 1.380000E+02 5.178571E-01 2.079278E+00 2.964367E-08 9.148042E-08 4.337451E-07 1.322237E-06 4.645844E-08 2.444458E-07 6.810543E-07 1.152910E-06 1.602024E-06
336 1.385179E+02 5.178571E-01 2.079278E+00 2.937637E-08 9.065552E-08 4.298339E-07 1.310314E-06 4.603910E-08 2.422394E-07 6.749069E-07 1.142503E-06 1.587564E-06
337 1.390357E+02 5.178571E-01 2.079278E+00 2.910941E-08 8.983169E-08 4.259278E-07 1.298407E-06 4.562032E-08 2.400359E-07 6.687678E-07 1.132111E-06 1.573123E-06
338 1.395536E+02 5.178571E-01 2.079278E+00 2.884286E-08 8.900911E-08 4.220276E-07 1.286517E-06 4.520219E-08 2.378359E-07 6.626383E-07 1.121734E-06 1.558705E-06
339 1.400714E+02 5.178571E-01 2.079278E+00 2.857677E-08 8.818795E-08 4.181342E-07 1.274648E-06 4.478480E-08 2.356398E-07 6.565196E-07 1.111377E-06 1.544312E-06
340 1.405893E+02 5.178571E-01 2.079278E+00 2.831119E-08 8.736838E-08 4.142483E-07 1.262802E-06 4.436824E-08 2.334480E-07 6.504131E-07 1.101039E-06 1.529948E-06
341 1.411071E+02 5.178571E-01 2.079278E+00 2.804618E-08 8.655055E-08 4.103706E-07 1.250982E-06 4.395258E-08 2.312610E-07 6.443198E-07 1.090724E-06 1.515615E-06
342 1.416250E+02 5.178571E-01 2.079278E+00 2.778179E-08 8.573464E-08 4.065021E-07 1.239189E-06 4.353791E-08 2.290792E-07 6.382409E-07 1.080434E-06 1.501316E-06
343 1.421429E+02 5.178571E-01 2.079278E+00 2.751806E-08 8.492079E-08 4.026433E-07 1.227425E-06 4.312430E-08 2.269029E-07 6.321777E-07 1.070170E-06 1.487053E-06
344 1.426607E+02 5.178571E-01 2.079278E+00 2.725506E-08 8.410915E-08 3.987950E-07 1.215694E-06 4.271184E-08 2.247327E-07 6.261312E-07 1.059934E-06 1.472830E-06
345 1.431786E+02 5.178571E-01 2.079278E+00 2.699282E-08 8.329988E-08 3.949579E-07 1.203997E-06 4.230059E-08 2.225689E-07 6.201025E-07 1.049728E-06 1.458649E-06
346 1.436964E+02 5.178571E-01 2.079278E+00 2.673139E-08 8.249311E-08 3.911327E-07 1.192336E-06 4.189062E-08 2.204118E-07 6.140926E-07 1.039555E-06 1.444512E-06
347 1.442143E+02 5.178571E-01 2.079278E+00 2.647082E-08 8.168899E-08 3.873200E-07 1.180714E-06 4.148201E-08 2.182618E-07 6.081026E-07 1.029415E-06 1.430422E-06
348 1.447321E+02 5.178571E-01 2.079278E+00 2.621115E-08 8.088764E-08 3.835205E-07 1.169131E-06 4.107483E-08 2.161194E-07 6.021335E-07 1.019310E-06 1.416381E-06
349 1.452500E+02 5.178571E-01 2.079278E+00 2.595242E-08 8.008920E-08 3.797348E-07 1.157591E-06 4.066913E-08 2.139848E-07 5.961863E-07 1.009242E-06 1.402392E-06
350 1.457679E+02 5.178571E-01 2.079278E+00 2.569467E-08 7.929380E-08 3.759635E-07 1.146094E-06 4.026499E-08 2.118584E-07 5.902618E-07 9.992132E-07 1.388456E-06
351 1.462857E+02 5.178571E-01 2.079278E+00 2.543795E-08 7.850156E-08 3.722071E-07 1.134643E-06 3.986246E-08 2.097404E-07 5.843610E-07 9.892242E-07 1.374576E-06
352 1.468036E+02 5.178571E-01 2.079278E+00 2.518229E-08 7.771259E-08 3.684663E-07 1.123240E-06 3.946161E-08 2.076313E-07 5.784847E-07 9.792767E-07 1.360753E-06
353 1.473214E+02 5.178571E-01 2.079278E+00 2.492773E-08 7.692701E-08 3.647416E-07 1.111885E-06 3.906250E-08 2.055313E-07 5.726339E-07 9.693722E-07 1.346990E-06
354 1.478393E+02 5.178571E-01 2.079278E+00 2.467430E-08 7.614494E-08 3.610335E-07 1.100581E-06 3.866517E-08 2.034407E-07 5.668093E-07 9.595121E-07 1.333289E-06
355 1.483571E+02 5.178571E-01 2.079278E+00 2.442205E-08 7.536648E-08 3.573425E-07 1.089330E-06 3.826968E-08 2.013598E-07 5.610117E-07 9.496978E-07 1.319652E-06
356 1.488750E+02 5.178571E-01 2.079278E+00 2.417100E-08 7.459174E-08 3.536691E-07 1.078132E-06 3.787609E-08 1.992889E-07 5.552420E-07 9.399306E-07 1.306080E-06
357 1.493929E+02 5.178571E-01 2.079278E+00 2.392118E-08 7.382081E-08 3.500139E-07 1.066989E-06 3.748445E-08 1.972283E-07 5.495007E-07 9.302116E-07 1.292575E-06
358 1.499107E+02 5.178571E-01 2.079278E+00 2.367263E-08 7.305379E-08 3.463771E-07 1.055903E-06 3.709481E-08 1.951781E-07 5.437887E-07 9.205421E-07 1.279139E-06
359 1.504286E+02 5.178571E-01 2.079278E+00 2.342538E-08 7.229077E-08 3.427593E-07 1.044874E-06 3.670720E-08 1.931387E-07 5.381066E-07 9.109234E-07 1.265773E-06
360 1.509464E+02 5.178571E-01 2.079278E+00 2.317946E-08 7.153185E-08 3.391610E-07 1.033905E-06 3.632168E-08 1.911102E-07 5.324551E-07 9.013563E-07 1.252479E-06
361 1.514643E+02 5.178571E-01 2.079278E+00 2.293489E-08 7.077711E-08 3.355825E-07 1.022996E-06 3.593829E-08 1.890930E-07 5.268349E-07 8.918422E-07 1.239259E-06
362 1.519821E+02 5.178571E-01 2.079278E+00 2.269170E-08 7.002663E-08 3.320241E-07 1.012149E-06 3.555707E-08 1.870872E-07 5.212464E-07 8.823819E-07 1.226113E-06
363 1.525000E+02 5.178571E-01 2.079278E+00 2.244992E-08 6.928048E-08 3.284864E-07 1.001364E-06 3.517807E-08 1.850930E-07 5.156904E-07 8.729765E-07 1.213044E-06
364 1.530179E+02 5.178571E-01 2.079278E+00 2.220957E-08 6.853876E-08 3.249695E-07 9.906434E-07 3.480131E-08 1.831106E-07 5.101674E-07 8.636269E-07 1.200052E-06
365 1.535357E+02 5.178571E-01 2.079278E+00 2.197067E-08 6.780152E-08 3.214740E-07 9.799875E-07 3.442684E-08 1.811403E-07 5.046778E-07 8.543341E-07 1.187139E-06
366 1.540536E+02 5.178571E-01 2.079278E+00 2.173325E-08 6.706884E-08 3.180001E-07 9.693975E-07 3.405469E-08 1.791822E-07 4.992223E-07 8.450988E-07 1.174306E-06
367 1.545714E+02 5.178571E-01 2.079278E+00 2.149732E-08 6.634078E-08 3.145481E-07 9.588743E-07 3.368489E-08 1.772365E-07 4.938013E-07 8.359219E-07 1.161555E-06
368 1.550893E+02 5.178571E-01 2.079278E+00 2.126292E-08 6.561740E-08 3.111183E-07 9.484188E-07 3.331748E-08 1.753033E-07 4.884152E-07 8.268042E-07 1.148885E-06
369 1.556071E+02 5.178571E-01 2.079278E+00 2.103005E-08 6.489878E-08 3.077109E-07 9.380319E-07 3.295248E-08 1.733828E-07 4.830645E-07 8.177464E-07 1.136299E-06
370 1.561250E+02 5.178571E-01 2.079278E+00 2.079874E-08 6.418495E-08 3.043264E-07 9.277144E-07 3.258992E-08 1.714752E-07 4.777497E-07 8.087493E-07 1.123797E-06
371 1.566429E+02 5.178571E-01 2.079278E+00 2.056900E-08 6.347597E-08 3.009649E-07 9.174671E-07 3.222984E-08 1.695806E-07 4.724710E-07 7.998134E-07 1.111380E-06
372 1.571607E+02 5.178571E-01 2.079278E+00 2.034085E-08 6.277191E-08 2.976266E-07 9.072906E-07 3.187225E-08 1.676991E-07 4.672290E-07 7.909395E-07 1.099049E-06
373 1.576786E+02 5.178571E-01 2.079278E+00 2.011431E-08 6.207279E-08 2.943118E-07 8.971858E-07 3.151718E-08 1.658309E-07 4.620239E-07 7.821282E-07 1.086806E-06
374 1.581964E+02 5.178571E-01 2.079278E+00 1.988939E-08 6.137868E-08 2.910207E-07 8.871532E-07 3.116465E-08 1.639760E-07 4.568560E-07 7.733799E-07 1.074649E-06
375 1.587143E+02 5.178571E-01 2.079278E+00 1.966609E-08 6.068960E-08 2.877536E-07 8.771934E-07 3.081469E-08 1.621346E-07 4.517258E-07 7.646953E-07 1.062582E-06
376 1.592321E+02 5.178571E-01 2.079278E+00 1.944445E-08 6.000560E-08 2.845105E-07 8.673071E-07 3.046731E-08 1.603069E-07 4.466334E-07 7.560747E-07 1.050603E-06
377 1.597500E+02 5.178571E-01 2.079278E+00 1.922446E-08 5.932672E-08 2.812916E-07 8.574947E-07 3.012253E-08 1.584928E-07 4.415792E-07 7.475188E-07 1.038714E-06
378 1.602679E+02 5.178571E-01 2.079278E+00 1.900614E-08 5.865299E-08 2.780972E-07 8.477568E-07 2.978038E-08 1.566925E-07 4.365633E-07 7.390278E-07 1.026915E-06
379 1.607857E+02 5.178571E-01 2.079278E+00 1.878951E-08 5.798445E-08 2.749274E-07 8.380938E-07 2.944085E-08 1.549061E-07 4.315861E-07 7.306022E-07 1.015208E-06
380 1.613036E+02 5.178571E-01 2.079278E+00 1.857456E-08 5.732111E-08 2.717822E-07 8.285061E-07 2.910398E-08 1.531336E-07 4.266478E-07 7.222424E-07 1.003591E-06
381 1.618214E+02 5.178571E-01 2.079278E+00 1.836130E-08 5.666302E-08 2.686619E-07 8.189941E-07 2.876977E-08 1.513751E-07 4.217485E-07 7.139487E-07 9.920669E-07
382 1.623393E+02 5.178571E-01 2.079278E+00 1.814976E-08 5.601018E-08 2.655666E-07 8.095582E-07 2.843824E-08 1.496307E-07 4.168884E-07 7.057214E-07 9.806346E-07
383 1.628571E+02 5.178571E-01 2.079278E+00 1.793992E-08 5.536264E-08 2.624963E-07 8.001987E-07 2.810940E-08 1.479005E-07 4.120677E-07 6.975608E-07 9.692950E-07
384 1.633750E+02 5.178571E-01 2.079278E+00 1.773181E-08 5.472039E-08 2.594512E-07 7.909159E-07 2.778325E-08 1.461844E-07 4.072865E-07 6.894671E-07 9.580485E-07
385 1.638929E+02 5.178571E-01 2.079278E+00 1.752542E-08 5.408347E-08 2.564313E-07 7.817100E-07 2.745980E-08 1.444826E-07 4.025451E-07 6.814406E-07 9.468952E-07
386 1.644107E+02 5.178571E-01 2.079278E+00 1.732076E-08 5.345190E-08 2.534367E-07 7.725813E-07 2.713907E-08 1.427950E-07 3.978433E-07 6.734814E-07 9.358355E-07
387 1.649286E+02 5.178571E-01 2.079278E+00 1.711784E-08 5.282567E-08 2.504675E-07 7.635300E-07 2.682107E-08 1.411218E-07 3.931815E-07 6.655897E-07 9.248696E-07
388 1.654464E+02 5.178571E-01 2.079278E+00 1.691665E-08 5.220480E-08 2.475238E-07 7.545562E-07 2.650578E-08 1.394629E-07 3.885597E-07 6.577657E-07 9.139977E-07
389 1.659643E+02 5.178571E-01 2.079278E+00 1.671720E-08 5.158931E-08 2.446055E-07 7.456600E-07 2.619323E-08 1.378184E-07 3.839778E-07 6.500094E-07 9.032200E-07
390 1.664821E+02 5.178571E-01 2.079278E+00 1.651950E-08 5.097921E-08 2.417127E-07 7.368417E-07 2.588341E-08 1.361882E-07 3.794361E-07 6.423210E-07 8.925366E-07
391 1.670000E+02 5.178571E-01 2.079278E+00 1.632354E-08 5.037448E-08 2.388455E-07 7.281011E-07 2.557633E-08 1.345725E-07 3.749345E-07 6.347005E-07 8.819476E-07
392 1.675179E+02 5.178571E-01 2.079278E+00 1.612933E-08 4.977515E-08 2.360038E-07 7.194386E-07 2.527199E-08 1.329712E-07 3.704730E-07 6.271481E-07 8.714531E-07
393 1.680357E+02 5.178571E-01 2.079278E+00 1.593687E-08 4.918122E-08 2.331877E-07 7.108539E-07 2.497039E-08 1.313843E-07 3.660517E-07 6.196636E-07 8.610530E-07
394 1.685536E+02 5.178571E-01 2.079278E+00 1.574616E-08 4.859267E-08 2.303972E-07 7.023472E-07 2.467154E-08 1.298118E-07 3.616706E-07 6.122471E-07 8.507475E-07
395 1.690714E+02 5.178571E-01 2.079278E+00 1.555719E-08 4.800952E-08 2.276323E-07 6.939185E-07 2.437542E-08 1.282537E-07 3.573297E-07 6.048987E-07 8.405364E-07
396 1.695893E+02 5.178571E-01 2.079278E+00 1.536997E-08 4.743176E-08 2.248929E-07 6.855676E-07 2.408204E-08 1.267101E-07 3.530289E-07 5.976181E-07 8.304198E-07
397 1.701071E+02 5.178571E-01 2.079278E+00 1.518450E-08 4.685938E-08 2.221790E-07 6.772946E-07 2.379139E-08 1.251808E-07 3.487682E-07 5.904055E-07 8.203975E-07
398 1.706250E+02 5.178571E-01 2.079278E+00 1.500076E-08 4.629238E-08 2.194906E-07 6.690994E-07 2.350348E-08 1.236660E-07 3.445476E-07 5.832607E-07 8.104695E-07
399 1.711429E+02 5.178571E-01 2.079278E+00 1.481877E-08 4.573076E-08 2.168277E-07 6.609818E-07 2.321830E-08 1.221654E-07 3.403670E-07 5.761837E-07 8.006355E-07
400 1.716607E+02 5.178571E-01 2.079278E+00 1.463852E-08 4.517449E-08 2.141903E-07 6.529417E-07 2.293584E-08 1.206793E-07 3.362263E-07 5.691742E-07 7.908956E-07
401 1.721786E+02 5.178571E-01 2.079278E+00 1.446000E-08 4.462358E-08 2.115782E-07 6.449790E-07 2.265610E-08 1.192074E-07 3.321255E-07 5.622323E-07 7.812494E-07
402 1.726964E+02 5.178571E-01 2.079278E+00 1.428321E-08 4.407802E-08 2.089914E-07 6.370935E-07 2.237908E-08 1.177498E-07 3.280645E-07 5.553577E-07 7.716968E-07
403 1.732143E+02 5.178571E-01 2.079278E+00 1.410815E-08 4.353778E-08 2.064299E-07 6.292850E-07 2.210476E-08 1.163065E-07 3.240432E-07 5.485502E-07 7.622375E-07
404 1.737321E+02 5.178571E-01 2.079278E+00 1.393481E-08 4.300285E-08 2.038937E-07 6.215533E-07 2.183314E-08 1.148773E-07 3.200614E-07 5.418098E-07 7.528713E-07
405 1.742500E+02 5.178571E-01 2.079278E+00 1.376319E-08 4.247323E-08 2.013825E-07 6.138982E-07 2.156422E-08 1.134623E-07 3.161191E-07 5.351361E-07 7.435980E-07
406 1.747679E+02 5.178571E-01 2.079278E+00 1.359328E-08 4.194888E-08 1.988964E-07 6.063195E-07 2.129798E-08 1.120615E-07 3.122162E-07 5.285291E-07 7.344172E-07
407 1.752857E+02 5.178571E-01 2.079278E+00 1.342508E-08 4.142981E-08 1.964352E-07 5.988169E-07 2.103441E-08 1.106747E-07 3.083524E-07 5.219884E-07 7.253286E-07
408 1.758036E+02 5.178571E-01 2.079278E+00 1.325857E-08 4.091598E-08 1.939989E-07 5.913901E-07 2.077351E-08 1.093019E-07 3.045278E-07 5.155139E-07 7.163319E-07
409 1.763214E+02 5.178571E-01 2.079278E+00 1.309376E-08 4.040738E-08 1.915875E-07 5.840389E-07 2.051526E-08 1.079431E-07 3.007420E-07 5.091053E-07 7.074268E-07
410 1.768393E+02 5.178571E-01 2.079278E+00 1.293064E-08 3.990398E-08 1.892007E-07 5.767629E-07 2.025966E-08 1.065983E-07 2.969950E-07 5.027623E-07 6.986129E-07
411 1.773571E+02 5.178571E-01 2.079278E+00 1.276920E-08 3.940577E-08 1.868384E-07 5.695619E-07 2.000669E-08 1.052672E-07 2.932867E-07 4.964846E-07 6.898898E-07
412 1.778750E+02 5.178571E-01 2.079278E+00 1.260943E-08 3.891272E-08 1.845007E-07 5.624355E-07 1.975634E-08 1.039500E-07 2.896167E-07 4.902720E-07 6.812571E-07
413 1.783929E+02 5.178571E-01 2.079278E+00 1.245133E-08 3.842481E-08 1.821873E-07 5.553833E-07 1.950861E-08 1.026465E-07 2.859851E-07 4.841242E-07 6.727144E-07
414 1.789107E+02 5.178571E-01 2.079278E+00 1.229488E-08 3.794202E-08 1.798982E-07 5.484051E-07 1.926347E-08 1.013567E-07 2.823915E-07 4.780409E-07 6.642613E-07
415 1.794286E+02 5.178571E-01 2.079278E+00 1.214008E-08 3.746431E-08 1.776332E-07 5.415005E-07 1.902092E-08 1.000805E-07 2.788358E-07 4.720217E-07 6.558974E-07
416 1.799464E+02 5.178571E-01 2.079278E+00 1.198693E-08 3.699167E-08 1.753923E-07 5.346691E-07 1.878093E-08 9.881780E-08 2.753178E-07 4.660664E-07 6.476221E-07
417 1.804643E+02 5.178571E-01 2.079278E+00 1.183540E-08 3.652407E-08 1.731752E-07 5.279105E-07 1.854351E-08 9.756858E-08 2.718373E-07 4.601745E-07 6.394351E-07
418 1.809821E+02 5.178571E-01 2.079278E+00 1.168550E-08 3.606148E-08 1.709818E-07 5.212242E-07 1.830863E-08 9.633274E-08 2.683941E-07 4.543458E-07 6.313358E-07
419 1.815000E+02 5.178571E-01 2.079278E+00 1.153722E-08 3.560387E-08 1.688121E-07 5.146100E-07 1.807629E-08 9.511022E-08 2.649880E-07 4.485799E-07 6.233238E-07
420 1.820179E+02 5.178571E-01 2.079278E+00 1.139053E-08 3.515121E-08 1.666659E-07 5.080674E-07 1.784645E-08 9.390093E-08 2.616188E-07 4.428764E-07 6.153985E-07
421 1.825357E+02 5.178571E-01 2.079278E+00 1.124545E-08 3.470347E-08 1.645430E-07 5.015960E-07 1.761912E-08 9.270481E-08 2.582863E-07 4.372349E-07 6.075594E-07
422 1.830536E+02 5.178571E-01 2.079278E+00 1.110195E-08 3.426063E-08 1.624433E-07 4.951953E-07 1.739428E-08 9.152176E-08 2.549902E-07 4.316551E-07 5.998060E-07
423 1.835714E+02 5.178571E-01 2.079278E+00 1.096003E-08 3.382266E-08 1.603667E-07 4.888649E-07 1.717190E-08 9.035170E-08 2.517303E-07 4.261367E-07 5.921379E-07
424 1.840893E+02 5.178571E-01 2.079278E+00 1.081967E-08 3.338952E-08 1.583130E-07 4.826043E-07 1.695198E-08 8.919456E-08 2.485063E-07 4.206791E-07 5.845543E-07
425 1.846071E+02 5.178571E-01 2.079278E+00 1.068087E-08 3.296117E-08 1.562821E-07 4.764132E-07 1.673449E-08 8.805025E-08 2.453182E-07 4.152821E-07 5.770549E-07
426 1.851250E+02 5.178571E-01 2.079278E+00 1.054361E-08 3.253760E-08 1.542737E-07 4.702910E-07 1.651943E-08 8.691869E-08 2.421655E-07 4.099451E-07 5.696389E-07
427 1.856429E+02 5.178571E-01 2.079278E+00 1.040789E-08 3.211877E-08 1.522879E-07 4.642373E-07 1.630678E-08 8.579978E-08 2.390481E-07 4.046679E-07 5.623059E-07
428 1.861607E+02 5.178571E-01 2.079278E+00 1.027369E-08 3.170464E-08 1.503243E-07 4.582515E-07 1.609651E-08 8.469344E-08 2.359657E-07 3.994499E-07 5.550553E-07
429 1.866786E+02 5.178571E-01 2.079278E+00 1.014101E-08 3.129518E-08 1.483829E-07 4.523333E-07 1.588862E-08 8.359959E-08 2.329181E-07 3.942909E-07 5.478865E-07
430 1.871964E+02 5.178571E-01 2.079278E+00 1.000983E-08 3.089036E-08 1.464635E-07 4.464821E-07 1.568308E-08 8.251812E-08 2.299050E-07 3.891902E-07 5.407989E-07
431 1.877143E+02 5.178571E-01 2.079278E+00 9.880144E-09 3.049014E-08 1.445659E-07 4.406974E-07 1.547988E-08 8.144896E-08 2.269262E-07 3.841476E-07 5.337920E-07
432 1.882321E+02 5.178571E-01 2.079278E+00 9.751937E-09 3.009449E-08 1.426900E-07 4.349788E-07 1.527900E-08 8.039200E-08 2.239814E-07 3.791625E-07 5.268650E-07
433 1.887500E+02 5.178571E-01 2.079278E+00 9.625199E-09 2.970338E-08 1.408355E-07 4.293258E-07 1.508042E-08 7.934717E-08 2.210703E-07 3.742347E-07 5.200174E-07
434 1.892679E+02 5.178571E-01 2.079278E+00 9.499919E-09 2.931677E-08 1.390025E-07 4.237378E-07 1.488413E-08 7.831435E-08 2.181928E-07 3.693635E-07 5.132487E-07
435 1.897857E+02 5.178571E-01 2.079278E+00 9.376086E-09 2.893462E-08 1.371905E-07 4.182143E-07 1.469010E-08 7.729347E-08 2.153485E-07 3.645485E-07 5.065581E-07
436 1.903036E+02 5.178571E-01 2.079278E+00 9.253689E-09 2.855690E-08 1.353996E-07 4.127548E-07 1.449833E-08 7.628442E-08 2.125372E-07 3.597894E-07 4.999451E-07
437 1.908214E+02 5.178571E-01 2.079278E+00 9.132716E-09 2.818357E-08 1.336296E-07 4.073589E-07 1.430878E-08 7.528711E-08 2.097586E-07 3.550857E-07 4.934091E-07
438 1.913393E+02 5.178571E-01 2.079278E+00 9.013154E-09 2.781461E-08 1.318801E-07 4.020259E-07 1.412145E-08 7.430145E-08 2.070124E-07 3.504369E-07 4.869493E-07
439 1.918571E+02 5.178571E-01 2.079278E+00 8.894994E-09 2.744997E-08 1.301512E-07 3.967555E-07 1.393631E-08 7.332733E-08 2.042984E-07 3.458426E-07 4.805653E-07
440 1.923750E+02 5.178571E-01 2.079278E+00 8.778223E-09 2.708961E-08 1.284426E-07 3.915469E-07 1.375335E-08 7.236467E-08 2.016163E-07 3.413023E-07 4.742563E-07
441 1.928929E+02 5.178571E-01 2.079278E+00 8.662828E-09 2.673350E-08 1.267542E-07 3.863999E-07 1.357255E-08 7.141336E-08 1.989659E-07 3.368155E-07 4.680217E-07
442 1.934107E+02 5.178571E-01 2.079278E+00 8.548800E-09 2.638161E-08 1.250857E-07 3.813137E-07 1.339389E-08 7.047332E-08 1.963468E-07 3.323818E-07 4.618609E-07
443 1.939286E+02 5.178571E-01 2.079278E+00 8.436125E-09 2.603389E-08 1.234371E-07 3.762879E-07 1.321735E-08 6.954443E-08 1.937588E-07 3.280008E-07 4.557733E-07
444 1.944464E+02 5.178571E-01 2.079278E+00 8.324792E-09 2.569032E-08 1.218080E-07 3.713220E-07 1.304291E-08 6.862661E-08 1.912016E-07 3.236720E-07 4.497581E-07
445 1.949643E+02 5.178571E-01 2.079278E+00 8.214789E-09 2.535085E-08 1.201985E-07 3.664153E-07 1.287056E-08 6.771975E-08 1.886750E-07 3.193949E-07 4.438148E-07
446 1.954821E+02 5.178571E-01 2.079278E+00 8.106103E-09 2.501545E-08 1.186082E-07 3.615675E-07 1.270027E-08 6.682376E-08 1.861787E-07 3.151690E-07 4.379428E-07
447 1.960000E+02 5.178571E-01 2.079278E+00 7.998725E-09 2.468408E-08 1.170370E-07 3.567779E-07 1.253203E-08 6.593854E-08 1.837124E-07 3.109939E-07 4.321413E-07
448 1.965179E+02 5.178571E-01 2.079278E+00 7.892640E-09 2.435670E-08 1.154848E-07 3.520461E-07 1.236581E-08 6.506399E-08 1.812758E-07 3.068692E-07 4.264098E-07
449 1.970357E+02 5.178571E-01 2.079278E+00 7.787838E-09 2.403328E-08 1.139513E-07 3.473715E-07 1.220161E-08 6.420001E-08 1.788686E-07 3.027943E-07 4.207475E-07
450 1.975536E+02 5.178571E-01 2.079278E+00 7.684306E-09 2.371378E-08 1.124365E-07 3.427535E-07 1.203939E-08 6.334650E-08 1.764907E-07 2.987688E-07 4.151539E-07
451 1.980714E+02 5.178571E-01 2.079278E+00 7.582032E-09 2.339816E-08 1.109400E-07 3.381917E-07 1.187915E-08 6.250338E-08 1.741416E-07 2.947922E-07 4.096283E-07
452 1.985893E+02 5.178571E-01 2.079278E+00 7.481006E-09 2.308640E-08 1.094618E-07 3.336854E-07 1.172086E-08 6.167053E-08 1.718212E-07 2.908642E-07 4.041701E-07
453 1.991071E+02 5.178571E-01 2.079278E+00 7.381214E-09 2.277844E-08 1.080016E-07 3.292343E-07 1.156451E-08 6.084786E-08 1.695291E-07 2.869841E-07 3.987785E-07
454 1.996250E+02 5.178571E-01 2.079278E+00 7.282645E-09 2.247425E-08 1.065594E-07 3.248377E-07 1.141007E-08 6.003527E-08 1.672652E-07 2.831516E-07 3.934531E-07
455 2.001429E+02 5.178571E-01 2.079278E+00 7.185286E-09 2.217381E-08 1.051348E-07 3.204951E-07 1.125753E-08 5.923266E-08 1.650290E-07 2.793662E-07 3.881931E-07
456 2.006607E+02 5.178571E-01 2.079278E+00 7.089127E-09 2.187706E-08 1.037278E-07 3.162059E-07 1.110687E-08 5.843995E-08 1.628204E-07 2.756274E-07 3.829978E-07
457 2.011786E+02 5.178571E-01 2.079278E+00 6.994156E-09 2.158398E-08 1.023382E-07 3.119698E-07 1.095807E-08 5.765702E-08 1.606391E-07 2.719348E-07 3.778667E-07
458 2.016964E+02 5.178571E-01 2.079278E+00 6.900359E-09 2.129452E-08 1.009658E-07 3.077861E-07 1.081111E-08 5.688378E-08 1.584848E-07 2.682879E-07 3.727992E-07
459 2.022143E+02 5.178571E-01 2.079278E+00 6.807727E-09 2.100866E-08 9.961040E-08 3.036542E-07 1.066598E-08 5.612013E-08 1.563572E-07 2.646862E-07 3.677945E-07
460 2.027321E+02 5.178571E-01 2.079278E+00 6.716246E-09 2.072635E-08 9.827186E-08 2.995738E-07 1.052265E-08 5.536599E-08 1.542560E-07 2.611293E-07 3.628520E-07
461 2.032500E+02 5.178571E-01 2.079278E+00 6.625906E-09 2.044756E-08 9.695001E-08 2.955442E-07 1.038111E-08 5.462124E-08 1.521811E-07 2.576168E-07 3.579712E-07
462 2.037679E+02 5.178571E-01 2.079278E+00 6.536694E-09 2.017225E-08 9.564467E-08 2.915650E-07 1.024133E-08 5.388580E-08 1.501321E-07 2.541481E-07 3.531513E-07
463 2.042857E+02 5.178571E-01 2.079278E+00 6.448600E-09 1.990039E-08 9.435567E-08 2.876356E-07 1.010331E-08 5.315957E-08 1.481087E-07 2.507229E-07 3.483918E-07
464 2.048036E+02 5.178571E-01 2.079278E+00 6.361611E-09 1.963194E-08 9.308285E-08 2.837555E-07 9.967013E-09 5.244246E-08 1.461107E-07 2.473407E-07 3.436921E-07
465 2.053214E+02 5.178571E-01 2.079278E+00 6.275716E-09 1.936687E-08 9.182604E-08 2.799242E-07 9.832435E-09 5.173436E-08 1.441379E-07 2.440010E-07 3.390514E-07
466 2.058393E+02 5.178571E-01 2.079278E+00 6.190903E-09 1.910514E-08 9.058506E-08 2.761412E-07 9.699553E-09 5.103519E-08 1.421899E-07 2.407034E-07 3.344692E-07
467 2.063571E+02 5.178571E-01 2.079278E+00 6.107162E-09 1.884671E-08 8.935976E-08 2.724060E-07 9.568349E-09 5.034484E-08 1.402665E-07 2.374475E-07 3.299449E-07
468 2.068750E+02 5.178571E-01 2.079278E+00 6.024480E-09 1.859155E-08 8.814997E-08 2.687180E-07 9.438805E-09 4.966324E-08 1.383675E-07 2.342327E-07 3.254779E-07
469 2.073929E+02 5.178571E-01 2.079278E+00 5.942847E-09 1.833963E-08 8.695551E-08 2.650768E-07 9.310904E-09 4.899027E-08 1.364925E-07 2.310588E-07 3.210675E-07
470 2.079107E+02 5.178571E-01 2.079278E+00 5.862250E-09 1.809091E-08 8.577623E-08 2.614819E-07 9.184629E-09 4.832586E-08 1.346414E-07 2.279251E-07 3.167131E-07
471 2.084286E+02 5.178571E-01 2.079278E+00 5.782680E-09 1.784536E-08 8.461196E-08 2.579327E-07 9.059961E-09 4.766991E-08 1.328139E-07 2.248314E-07 3.124142E-07
472 2.089464E+02 5.178571E-01 2.079278E+00 5.704125E-09 1.760294E-08 8.346254E-08 2.544288E-07 8.936883E-09 4.702232E-08 1.310096E-07 2.217771E-07 3.081701E-07
473 2.094643E+02 5.178571E-01 2.079278E+00 5.626573E-09 1.736361E-08 8.232781E-08 2.509697E-07 8.815378E-09 4.638301E-08 1.292284E-07 2.187618E-07 3.039803E-07
474 2.099821E+02 5.178571E-01 2.079278E+00 5.550015E-09 1.712735E-08 8.120761E-08 2.475548E-07 8.695428E-09 4.575188E-08 1.274700E-07 2.157851E-07 2.998441E-07
475 2.105000E+02 5.178571E-01 2.079278E+00 5.474438E-09 1.689412E-08 8.010177E-08 2.441838E-07 8.577017E-09 4.512885E-08 1.257342E-07 2.128467E-07 2.957609E-07
476 2.110179E+02 5.178571E-01 2.079278E+00 5.399832E-09 1.666389E-08 7.901014E-08 2.408560E-07 8.460127E-09 4.451382E-08 1.240206E-07 2.099459E-07 2.917302E-07
477 2.115357E+02 5.178571E-01 2.079278E+00 5.326186E-09 1.643662E-08 7.793256E-08 2.375711E-07 8.344742E-09 4.390671E-08 1.223292E-07 2.070825E-07 2.877514E-07
478 2.120536E+02 5.178571E-01 2.079278E+00 5.253490E-09 1.621228E-08 7.686887E-08 2.343285E-07 8.230844E-09 4.330742E-08 1.206595E-07 2.042561E-07 2.838238E-07
479 2.125714E+02 5.178571E-01 2.079278E+00 5.181733E-09 1.599083E-08 7.581892E-08 2.311278E-07 8.118417E-09 4.271588E-08 1.190114E-07 2.014661E-07 2.799470E-07
480 2.130893E+02 5.178571E-01 2.079278E+00 5.110903E-09 1.577226E-08 7.478255E-08 2.279685E-07 8.007445E-09 4.213199E-08 1.173846E-07 1.987122E-07 2.761204E-07
481 2.136071E+02 5.178571E-01 2.079278E+00 5.040992E-09 1.555651E-08 7.375961E-08 2.248502E-07 7.897910E-09 4.155566E-08 1.157789E-07 1.959940E-07 2.723433E-07
482 2.141250E+02 5.178571E-01 2.079278E+00 4.971988E-09 1.534356E-08 7.274994E-08 2.217723E-07 7.789797E-09 4.098681E-08 1.141940E-07 1.933111E-07 2.686152E-07
483 2.146429E+02 5.178571E-01 2.079278E+00 4.903880E-09 1.513338E-08 7.175340E-08 2.187344E-07 7.683090E-09 4.042536E-08 1.126297E-07 1.906630E-07 2.649356E-07
484 2.151607E+02 5.178571E-01 2.079278E+00 4.836660E-09 1.492594E-08 7.076983E-08 2.157361E-07 7.577771E-09 3.987122E-08 1.110858E-07 1.880495E-07 2.613040E-07
485 2.156786E+02 5.178571E-01 2.079278E+00 4.770316E-09 1.472120E-08 6.979908E-08 2.127768E-07 7.473826E-09 3.932430E-08 1.095620E-07 1.854700E-07 2.577196E-07
486 2.161964E+02 5.178571E-01 2.079278E+00 4.704838E-09 1.451914E-08 6.884101E-08 2.098562E-07 7.371238E-09 3.878452E-08 1.080581E-07 1.829241E-07 2.541821E-07
487 2.167143E+02 5.178571E-01 2.079278E+00 4.640216E-09 1.431971E-08 6.789547E-08 2.069738E-07 7.269992E-09 3.825180E-08 1.065739E-07 1.804116E-07 2.506908E-07
488 2.172321E+02 5.178571E-01 2.079278E+00 4.576441E-09 1.412290E-08 6.696231E-08 2.041292E-07 7.170072E-09 3.772606E-08 1.051092E-07 1.779320E-07 2.472453E-07
489 2.177500E+02 5.178571E-01 2.079278E+00 4.513502E-09 1.392867E-08 6.604139E-08 2.013218E-07 7.071462E-09 3.720722E-08 1.036636E-07 1.754849E-07 2.438449E-07
490 2.182679E+02 5.178571E-01 2.079278E+00 4.451389E-09 1.373699E-08 6.513256E-08 1.985513E-07 6.974147E-09 3.669519E-08 1.022370E-07 1.730700E-07 2.404892E-07
491 2.187857E+02 5.178571E-01 2.079278E+00 4.390094E-09 1.354784E-08 6.423569E-08 1.958173E-07 6.878112E-09 3.618989E-08 1.008292E-07 1.706868E-07 2.371776E-07
492 2.193036E+02 5.178571E-01 2.079278E+00 4.329605E-09 1.336117E-08 6.335062E-08 1.931192E-07 6.783342E-09 3.569124E-08 9.943992E-08 1.683349E-07 2.339097E-07
493 2.198214E+02 5.178571E-01 2.079278E+00 4.269915E-09 1.317696E-08 6.247723E-08 1.904568E-07 6.689821E-09 3.519918E-08 9.806896E-08 1.660141E-07 2.306848E-07
494 2.203393E+02 5.178571E-01 2.079278E+00 4.211012E-09 1.299519E-08 6.161537E-08 1.878295E-07 6.597536E-09 3.471361E-08 9.671611E-08 1.637240E-07 2.275025E-07
495 2.208571E+02 5.178571E-01 2.079278E+00 4.152888E-09 1.281582E-08 6.076490E-08 1.852369E-07 6.506470E-09 3.423446E-08 9.538114E-08 1.614641E-07 2.243623E-07
496 2.213750E+02 5.178571E-01 2.079278E+00 4.095534E-09 1.263882E-08 5.992570E-08 1.826786E-07 6.416610E-09 3.376165E-08 9.406385E-08 1.592342E-07 2.212637E-07
497 2.218929E+02 5.178571E-01 2.079278E+00 4.038939E-09 1.246417E-08 5.909761E-08 1.801543E-07 6.327941E-09 3.329511E-08 9.276401E-08 1.570338E-07 2.182061E-07
498 2.224107E+02 5.178571E-01 2.079278E+00 3.983096E-09 1.229184E-08 5.828052E-08 1.776634E-07 6.240449E-09 3.283476E-08 9.148142E-08 1.548626E-07 2.151891E-07
499 2.229286E+02 5.178571E-01 2.079278E+00 3.927995E-09 1.212180E-08 5.747428E-08 1.752057E-07 6.154119E-09 3.238053E-08 9.021588E-08 1.527202E-07 2.122122E-07
500 2.234464E+02 5.178571E-01 2.079278E+00 3.873627E-09 1.195402E-08 5.667876E-08 1.727806E-07 6.068938E-09 3.193234E-08 8.896717E-08 1.506064E-07 2.092749E-07
501 2.239643E+02 5.178571E-01 2.079278E+00 3.819983E-09 1.178847E-08 5.589384E-08 1.703879E-07 5.984891E-09 3.149012E-08 8.773509E-08 1.485206E-07 2.063767E-07
502 2.244821E+02 5.178571E-01 2.079278E+00 3.767054E-09 1.162513E-08 5.511939E-08 1.680270E-07 5.901965E-09 3.105379E-08 8.651944E-08 1.464628E-07 2.035172E-07
503 2.250000E+02 5.178571E-01 2.079278E+00 3.714831E-09 1.146398E-08 5.435527E-08 1.656976E-07 5.820146E-09 3.062329E-08 8.532002E-08 1.444323E-07 2.006958E-07
504 2.255179E+02 5.178571E-01 2.079278E+00 3.663307E-09 1.130497E-08 5.360137E-08 1.633994E-07 5.739420E-09 3.019854E-08 8.413662E-08 1.424291E-07 1.979122E-07
505 2.260357E+02 5.178571E-01 2.079278E+00 3.612471E-09 1.114809E-08 5.285755E-08 1.611319E-07 5.659774E-09 2.977948E-08 8.296906E-08 1.404526E-07 1.951657E-07
506 2.265536E+02 5.178571E-01 2.079278E+00 3.562317E-09 1.099332E-08 5.212369E-08 1.588948E-07 5.581195E-09 2.936603E-08 8.181713E-08 1.385025E-07 1.924561E-07
507 2.270714E+02 5.178571E-01 2.079278E+00 3.512835E-09 1.084061E-08 5.139967E-08 1.566877E-07 5.503669E-09 2.895812E-08 8.068065E-08 1.365787E-07 1.897828E-07
508 2.275893E+02 5.178571E-01 2.079278E+00 3.464017E-09 1.068996E-08 5.068536E-08 1.545102E-07 5.427184E-09 2.855568E-08 7.955942E-08 1.346806E-07 1.871453E-07
509 2.281071E+02 5.178571E-01 2.079278E+00 3.415854E-09 1.054133E-08 4.998065E-08 1.523620E-07 5.351726E-09 2.815865E-08 7.845325E-08 1.328081E-07 1.845433E-07
510 2.286250E+02 5.178571E-01 2.079278E+00 3.368340E-09 1.039470E-08 4.928542E-08 1.502426E-07 5.277283E-09 2.776696E-08 7.736195E-08 1.309607E-07 1.819763E-07
511 2.291429E+02 5.178571E-01 2.079278E+00 3.321465E-09 1.025005E-08 4.859955E-08 1.481518E-07 5.203842E-09 2.738054E-08 7.628535E-08 1.291382E-07 1.794438E-07
512 2.296607E+02 5.178571E-01 2.079278E+00 3.275221E-09 1.010734E-08 4.792292E-08 1.460891E-07 5.131390E-09 2.699933E-08 7.522325E-08 1.273402E-07 1.769455E-07
513 2.301786E+02 5.178571E-01 2.079278E+00 3.229602E-09 9.966556E-09 4.725541E-08 1.440543E-07 5.059916E-09 2.662326E-08 7.417548E-08 1.255665E-07 1.744809E-07
514 2.306964E+02 5.178571E-01 2.079278E+00 3.184598E-09 9.827674E-09 4.659692E-08 1.420469E-07 4.989406E-09 2.625227E-08 7.314185E-08 1.238168E-07 1.720495E-07
515 2.312143E+02 5.178571E-01 2.079278E+00 3.140202E-09 9.690668E-09 4.594732E-08 1.400667E-07 4.919850E-09 2.588629E-08 7.212219E-08 1.220907E-07 1.696510E-07
516 2.317321E+02 5.178571E-01 2.079278E+00 3.096407E-09 9.555516E-09 4.530651E-08 1.381132E-07 4.851234E-09 2.552526E-08 7.111632E-08 1.203879E-07 1.672849E-07
517 2.322500E+02 5.178571E-01 2.079278E+00 3.053204E-09 9.422193E-09 4.467437E-08 1.361862E-07 4.783547E-09 2.516912E-08 7.012407E-08 1.187082E-07 1.649508E-07
518 2.327679E+02 5.178571E-01 2.079278E+00 3.010587E-09 9.290676E-09 4.405080E-08 1.342853E-07 4.716777E-09 2.481780E-08 6.914526E-08 1.170512E-07 1.626484E-07
519 2.332857E+02 5.178571E-01 2.079278E+00 2.968548E-09 9.160943E-09 4.343568E-08 1.324102E-07 4.650912E-09 2.447125E-08 6.817972E-08 1.154167E-07 1.603772E-07
520 2.338036E+02 5.178571E-01 2.079278E+00 2.927079E-09 9.032971E-09 4.282891E-08 1.305605E-07 4.585942E-09 2.412940E-08 6.722729E-08 1.138044E-07 1.581368E-07
521 2.343214E+02 5.178571E-01 2.079278E+00 2.886174E-09 8.906736E-09 4.223038E-08 1.287359E-07 4.521854E-09 2.379219E-08 6.628780E-08 1.122140E-07 1.559269E-07
522 2.348393E+02 5.178571E-01 2.079278E+00 2.845824E-09 8.782218E-09 4.164000E-08 1.269362E-07 4.458637E-09 2.345957E-08 6.536107E-08 1.106452E-07 1.537470E-07
523 2.353571E+02 5.178571E-01 2.079278E+00 2.806024E-09 8.659395E-09 4.105764E-08 1.251609E-07 4.396280E-09 2.313148E-08 6.444696E-08 1.090978E-07 1.515967E-07
524 2.358750E+02 5.178571E-01 2.079278E+00 2.766766E-09 8.538243E-09 4.048321E-08 1.234098E-07 4.334773E-09 2.280785E-08 6.354530E-08 1.075714E-07 1.494758E-07
525 2.363929E+02 5.178571E-01 2.079278E+00 2.728042E-09 8.418743E-09 3.991661E-08 1.216826E-07 4.274103E-09 2.248863E-08 6.265592E-08 1.060659E-07 1.473837E-07
526 2.369107E+02 5.178571E-01 2.079278E+00 2.689847E-09 8.300872E-09 3.935774E-08 1.199789E-07 4.214262E-09 2.217377E-08 6.177867E-08 1.045808E-07 1.453202E-07
527 2.374286E+02 5.178571E-01 2.079278E+00 2.652173E-09 8.184611E-09 3.880650E-08 1.182985E-07 4.155236E-09 2.186320E-08 6.091340E-08 1.031161E-07 1.432848E-07
528 2.379464E+02 5.178571E-01 2.079278E+00 2.615014E-09 8.069937E-09 3.826279E-08 1.166410E-07 4.097018E-09 2.155688E-08 6.005994E-08 1.016713E-07 1.412773E-07
529 2.384643E+02 5.178571E-01 2.079278E+00 2.578362E-09 7.956831E-09 3.772650E-08 1.150062E-07 4.039595E-09 2.125474E-08 5.921815E-08 1.002463E-07 1.392972E-07
530 2.389821E+02 5.178571E-01 2.079278E+00 2.542212E-09 7.845272E-09 3.719756E-08 1.133937E-07 3.982957E-09 2.095674E-08 5.838788E-08 9.884079E-08 1.373441E-07
531 2.395000E+02 5.178571E-01 2.079278E+00 2.506557E-09 7.735240E-09 3.667585E-08 1.118034E-07 3.927095E-09 2.066281E-08 5.756897E-08 9.745452E-08 1.354178E-07
532 2.400179E+02 5.178571E-01 2.079278E+00 2.471391E-09 7.626715E-09 3.616129E-08 1.102348E-07 3.871998E-09 2.037291E-08 5.676128E-08 9.608723E-08 1.335179E-07
533 2.405357E+02 5.178571E-01 2.079278E+00 2.436706E-09 7.519678E-09 3.565379E-08 1.086877E-07 3.817656E-09 2.008699E-08 5.596466E-08 9.473870E-08 1.316441E-07
534 2.410536E+02 5.178571E-01 2.079278E+00 2.402497E-09 7.414110E-09 3.515325E-08 1.071618E-07 3.764060E-09 1.980499E-08 5.517897E-08 9.340866E-08 1.297959E-07
535 2.415714E+02 5.178571E-01 2.079278E+00 2.368758E-09 7.309990E-09 3.465957E-08 1.056569E-07 3.711200E-09 1.952685E-08 5.440407E-08 9.209687E-08 1.279731E-07
536 2.420893E+02 5.178571E-01 2.079278E+00 2.335482E-09 7.207301E-09 3.417268E-08 1.041727E-07 3.659065E-09 1.925254E-08 5.363981E-08 9.080311E-08 1.261754E-07
537 2.426071E+02 5.178571E-01 2.079278E+00 2.302663E-09 7.106023E-09 3.369249E-08 1.027088E-07 3.607647E-09 1.898200E-08 5.288605E-08 8.952713E-08 1.244023E-07
538 2.431250E+02 5.178571E-01 2.079278E+00 2.270296E-09 7.006138E-09 3.321889E-08 1.012651E-07 3.556937E-09 1.871519E-08 5.214266E-08 8.826870E-08 1.226537E-07
539 2.436429E+02 5.178571E-01 2.079278E+00 2.238375E-09 6.907628E-09 3.275181E-08 9.984126E-08 3.506924E-09 1.845204E-08 5.140951E-08 8.702759E-08 1.209291E-07
540 2.441607E+02 5.178571E-01 2.079278E+00 2.206893E-09 6.810474E-09 3.229117E-08 9.843702E-08 3.457600E-09 1.819252E-08 5.068644E-08 8.580356E-08 1.192283E-07
541 2.446786E+02 5.178571E-01 2.079278E+00 2.175844E-09 6.714659E-09 3.183687E-08 9.705213E-08 3.408956E-09 1.793657E-08 4.997335E-08 8.459641E-08 1.175509E-07
542 2.451964E+02 5.178571E-01 2.079278E+00 2.145224E-09 6.620165E-09 3.138884E-08 9.568634E-08 3.360982E-09 1.768415E-08 4.927008E-08 8.340590E-08 1.158966E-07
543 2.457143E+02 5.178571E-01 2.079278E+00 2.115027E-09 6.526975E-09 3.094699E-08 9.433939E-08 3.313670E-09 1.743522E-08 4.857652E-08 8.223182E-08 1.142652E-07
544 2.462321E+02 5.178571E-01 2.079278E+00 2.085246E-09 6.435072E-09 3.051124E-08 9.301104E-08 3.267012E-09 1.718972E-08 4.789253E-08 8.107394E-08 1.126562E-07
545 2.467500E+02 5.178571E-01 2.079278E+00 2.055876E-09 6.344437E-09 3.008150E-08 9.170103E-08 3.220998E-09 1.694761E-08 4.721799E-08 7.993206E-08 1.110695E-07
546 2.472679E+02 5.178571E-01 2.079278E+00 2.026913E-09 6.255055E-09 2.965771E-08 9.040912E-08 3.175619E-09 1.670885E-08 4.655277E-08 7.880595E-08 1.095047E-07
547 2.477857E+02 5.178571E-01 2.079278E+00 1.998349E-09 6.166910E-09 2.923977E-08 8.913509E-08 3.130869E-09 1.647338E-08 4.589675E-08 7.769542E-08 1.079616E-07
548 2.483036E+02 5.178571E-01 2.079278E+00 1.970181E-09 6.079983E-09 2.882762E-08 8.787867E-08 3.086737E-09 1.624118E-08 4.524980E-08 7.660025E-08 1.064398E-07
549 2.488214E+02 5.178571E-01 2.079278E+00 1.942403E-09 5.994260E-09 2.842118E-08 8.663965E-08 3.043216E-09 1.601219E-08 4.461182E-08 7.552025E-08 1.049391E-07
550 2.493393E+02 5.178571E-01 2.079278E+00 1.915010E-09 5.909724E-09 2.802036E-08 8.541779E-08 3.000298E-09 1.578638E-08 4.398266E-08 7.445520E-08 1.034592E-07
551 2.498571E+02 5.178571E-01 2.079278E+00 1.887996E-09 5.826360E-09 2.762509E-08 8.421286E-08 2.957975E-09 1.556369E-08 4.336223E-08 7.340491E-08 1.019997E-07
552 2.503750E+02 5.178571E-01 2.079278E+00 1.861357E-09 5.744152E-09 2.723531E-08 8.302464E-08 2.916239E-09 1.534409E-08 4.275040E-08 7.236918E-08 1.005605E-07
553 2.508929E+02 5.178571E-01 2.079278E+00 1.835088E-09 5.663084E-09 2.685093E-08 8.185290E-08 2.875081E-09 1.512753E-08 4.214705E-08 7.134782E-08 9.914130E-08
554 2.514107E+02 5.178571E-01 2.079278E+00 1.809183E-09 5.583141E-09 2.647189E-08 8.069742E-08 2.834495E-09 1.491399E-08 4.155208E-08 7.034064E-08 9.774177E-08
555 2.519286E+02 5.178571E-01 2.079278E+00 1.783637E-09 5.504308E-09 2.609811E-08 7.955799E-08 2.794472E-09 1.470340E-08 4.096537E-08 6.934744E-08 9.636167E-08
556 2.524464E+02 5.178571E-01 2.079278E+00 1.758447E-09 5.426570E-09 2.572953E-08 7.843439E-08 2.755006E-09 1.449574E-08 4.038681E-08 6.836803E-08 9.500074E-08
557 2.529643E+02 5.178571E-01 2.079278E+00 1.733607E-09 5.349913E-09 2.536607E-08 7.732640E-08 2.716088E-09 1.429097E-08 3.981630E-08 6.740225E-08 9.365873E-08
558 2.534821E+02 5.178571E-01 2.079278E+00 1.709112E-09 5.274321E-09 2.500766E-08 7.623382E-08 2.677711E-09 1.408905E-08 3.925371E-08 6.644989E-08 9.233538E-08
559 2.540000E+02 5.178571E-01 2.079278E+00 1.684957E-09 5.199781E-09 2.465423E-08 7.515644E-08 2.639868E-09 1.388993E-08 3.869896E-08 6.551078E-08 9.103044E-08
560 2.545179E+02 5.178571E-01 2.079278E+00 1.661139E-09 5.126279E-09 2.430573E-08 7.409405E-08 2.602551E-09 1.369359E-08 3.815192E-08 6.458474E-08 8.974366E-08
561 2.550357E+02 5.178571E-01 2.079278E+00 1.637653E-09 5.053800E-09 2.396208E-08 7.304646E-08 2.565755E-09 1.349998E-08 3.761250E-08 6.367159E-08 8.847480E-08
562 2.555536E+02 5.178571E-01 2.079278E+00 1.614494E-09 4.982331E-09 2.362322E-08 7.201346E-08 2.529471E-09 1.330907E-08 3.708060E-08 6.277117E-08 8.722362E-08
563 2.560714E+02 5.178571E-01 2.079278E+00 1.591658E-09 4.911858E-09 2.328908E-08 7.099486E-08 2.493692E-09 1.312082E-08 3.655610E-08 6.188329E-08 8.598987E-08
564 2.565893E+02 5.178571E-01 2.079278E+00 1.569140E-09 4.842367E-09 2.295959E-08 6.999046E-08 2.458413E-09 1.293519E-08 3.603893E-08 6.100780E-08 8.477333E-08
565 2.571071E+02 5.178571E-01 2.079278E+00 1.546936E-09 4.773846E-09 2.263471E-08 6.900007E-08 2.423625E-09 1.275215E-08 3.552896E-08 6.014451E-08 8.357375E-08
566 2.576250E+02 5.178571E-01 2.079278E+00 1.525042E-09 4.706281E-09 2.231435E-08 6.802350E-08 2.389323E-09 1.257167E-08 3.502611E-08 5.929327E-08 8.239092E-08
567 2.581429E+02 5.178571E-01 2.079278E+00 1.503453E-09 4.639659E-09 2.199847E-08 6.706056E-08 2.355500E-09 1.239370E-08 3.453028E-08 5.845392E-08 8.122460E-08
568 2.586607E+02 5.178571E-01 2.079278E+00 1.482166E-09 4.573968E-09 2.168700E-08 6.611107E-08 2.322149E-09 1.221822E-08 3.404138E-08 5.762629E-08 8.007456E-08
569 2.591786E+02 5.178571E-01 2.079278E+00 1.461177E-09 4.509194E-09 2.137989E-08 6.517485E-08 2.289264E-09 1.204520E-08 3.355931E-08 5.681022E-08 7.894059E-08
570 2.596964E+02 5.178571E-01 2.079278E+00 1.440481E-09 4.445326E-09 2.107706E-08 6.425171E-08 2.256839E-09 1.187459E-08 3.308397E-08 5.600556E-08 7.782247E-08
571 2.602143E+02 5.178571E-01 2.079278E+00 1.420074E-09 4.382351E-09 2.077847E-08 6.334148E-08 2.224867E-09 1.170636E-08 3.261528E-08 5.521215E-08 7.671999E-08
572 2.607321E+02 5.178571E-01 2.079278E+00 1.399953E-09 4.320256E-09 2.048405E-08 6.244398E-08 2.193342E-09 1.154049E-08 3.215315E-08 5.442983E-08 7.563293E-08
573 2.612500E+02 5.178571E-01 2.079278E+00 1.380113E-09 4.259030E-09 2.019376E-08 6.155904E-08 2.162259E-09 1.137695E-08 3.169748E-08 5.365846E-08 7.456107E-08
574 2.617679E+02 5.178571E-01 2.079278E+00 1.360551E-09 4.198662E-09 1.990753E-08 6.068649E-08 2.131610E-09 1.121569E-08 3.124819E-08 5.289789E-08 7.350422E-08
575 2.622857E+02 5.178571E-01 2.079278E+00 1.341263E-09 4.139139E-09 1.962530E-08 5.982615E-08 2.101391E-09 1.105668E-08 3.080519E-08 5.214798E-08 7.246217E-08
576 2.628036E+02 5.178571E-01 2.079278E+00 1.322245E-09 4.080449E-09 1.934703E-08 5.897787E-08 2.071595E-09 1.089991E-08 3.036840E-08 5.140856E-08 7.143472E-08
577 2.633214E+02 5.178571E-01 2.079278E+00 1.303493E-09 4.022582E-09 1.907266E-08 5.814147E-08 2.042217E-09 1.074533E-08 2.993773E-08 5.067951E-08 7.042166E-08
578 2.638393E+02 5.178571E-01 2.079278E+00 1.285005E-09 3.965526E-09 1.880214E-08 5.731680E-08 2.013250E-09 1.059292E-08 2.951310E-08 4.996067E-08 6.942281E-08
579 2.643571E+02 5.178571E-01 2.079278E+00 1.266775E-09 3.909270E-09 1.853541E-08 5.650369E-08 1.984690E-09 1.044265E-08 2.909442E-08 4.925192E-08 6.843796E-08
580 2.648750E+02 5.178571E-01 2.079278E+00 1.248802E-09 3.853804E-09 1.827242E-08 5.570199E-08 1.956530E-09 1.029448E-08 2.868161E-08 4.855311E-08 6.746693E-08
581 2.653929E+02 5.178571E-01 2.079278E+00 1.231080E-09 3.799115E-09 1.801312E-08 5.491153E-08 1.928765E-09 1.014839E-08 2.827459E-08 4.786410E-08 6.650952E-08
582 2.659107E+02 5.178571E-01 2.079278E+00 1.213607E-09 3.745194E-09 1.775746E-08 5.413217E-08 1.901390E-09 1.000436E-08 2.787329E-08 4.718476E-08 6.556555E-08
583 2.664286E+02 5.178571E-01 2.079278E+00 1.196380E-09 3.692031E-09 1.750539E-08 5.336376E-08 1.874399E-09 9.862344E-09 2.747763E-08 4.651497E-08 6.463483E-08
584 2.669464E+02 5.178571E-01 2.079278E+00 1.179395E-09 3.639614E-09 1.725686E-08 5.260613E-08 1.847788E-09 9.722324E-09 2.708752E-08 4.585458E-08 6.371719E-08
585 2.674643E+02 5.178571E-01 2.079278E+00 1.162648E-09 3.587933E-09 1.701182E-08 5.185915E-08 1.821550E-09 9.584272E-09 2.670289E-08 4.520346E-08 6.281244E-08
586 2.679821E+02 5.178571E-01 2.079278E+00 1.146136E-09 3.536979E-09 1.677022E-08 5.112267E-08 1.795681E-09 9.448160E-09 2.632366E-08 4.456150E-08 6.192040E-08
587 2.685000E+02 5.178571E-01 2.079278E+00 1.129857E-09 3.486741E-09 1.653203E-08 5.039655E-08 1.770176E-09 9.313962E-09 2.594977E-08 4.392857E-08 6.104090E-08
588 2.690179E+02 5.178571E-01 2.079278E+00 1.113807E-09 3.437209E-09 1.629718E-08 4.968063E-08 1.745029E-09 9.181651E-09 2.558114E-08 4.330453E-08 6.017377E-08
589 2.695357E+02 5.178571E-01 2.079278E+00 1.097982E-09 3.388375E-09 1.606563E-08 4.897478E-08 1.720237E-09 9.051201E-09 2.521769E-08 4.268927E-08 5.931884E-08
590 2.700536E+02 5.178571E-01 2.079278E+00 1.082380E-09 3.340227E-09 1.583735E-08 4.827887E-08 1.695793E-09 8.922586E-09 2.485935E-08 4.208267E-08 5.847594E-08
591 2.705714E+02 5.178571E-01 2.079278E+00 1.066998E-09 3.292757E-09 1.561227E-08 4.759275E-08 1.671693E-09 8.795782E-09 2.450606E-08 4.148461E-08 5.764490E-08
592 2.710893E+02 5.178571E-01 2.079278E+00 1.051832E-09 3.245955E-09 1.539037E-08 4.691629E-08 1.647932E-09 8.670762E-09 2.415774E-08 4.089497E-08 5.682557E-08
593 2.716071E+02 5.178571E-01 2.079278E+00 1.036880E-09 3.199813E-09 1.517159E-08 4.624935E-08 1.624506E-09 8.547504E-09 2.381433E-08 4.031363E-08 5.601777E-08
594 2.721250E+02 5.178571E-01 2.079278E+00 1.022138E-09 3.154320E-09 1.495589E-08 4.559181E-08 1.601410E-09 8.425981E-09 2.347576E-08 3.974048E-08 5.522135E-08
595 2.726429E+02 5.178571E-01 2.079278E+00 1.007604E-09 3.109468E-09 1.474323E-08 4.494354E-08 1.578639E-09 8.306171E-09 2.314195E-08 3.917540E-08 5.443615E-08
596 2.731607E+02 5.178571E-01 2.079278E+00 9.932752E-10 3.065249E-09 1.453357E-08 4.430440E-08 1.556189E-09 8.188049E-09 2.281285E-08 3.861829E-08 5.366201E-08
597 2.736786E+02 5.178571E-01 2.079278E+00 9.791481E-10 3.021653E-09 1.432686E-08 4.367427E-08 1.534056E-09 8.071593E-09 2.248839E-08 3.806903E-08 5.289879E-08
598 2.741964E+02 5.178571E-01 2.079278E+00 9.652202E-10 2.978671E-09 1.412307E-08 4.305302E-08 1.512235E-09 7.956779E-09 2.216850E-08 3.752752E-08 5.214633E-08
599 2.747143E+02 5.178571E-01 2.079278E+00 9.514888E-10 2.936296E-09 1.392215E-08 4.244054E-08 1.490722E-09 7.843584E-09 2.185313E-08 3.699364E-08 5.140449E-08
600 2.752321E+02 5.178571E-01 2.079278E+00 9.379511E-10 2.894519E-09 1.372407E-08 4.183670E-08 1.469512E-09 7.731986E-09 2.154220E-08 3.646730E-08 5.067311E-08
601 2.757500E+02 5.178571E-01 2.079278E+00 9.246044E-10 2.853331E-09 1.352878E-08 4.124138E-08 1.448601E-09 7.621963E-09 2.123567E-08 3.594839E-08 4.995205E-08
602 2.762679E+02 5.178571E-01 2.079278E+00 9.114461E-10 2.812724E-09 1.333625E-08 4.065447E-08 1.427986E-09 7.513492E-09 2.093346E-08 3.543680E-08 4.924117E-08
603 2.767857E+02 5.178571E-01 2.079278E+00 8.984736E-10 2.772691E-09 1.314643E-08 4.007583E-08 1.407661E-09 7.406554E-09 2.063551E-08 3.493243E-08 4.854032E-08
604 2.773036E+02 5.178571E-01 2.079278E+00 8.856843E-10 2.733223E-09 1.295930E-08 3.950537E-08 1.387624E-09 7.301125E-09 2.034178E-08 3.443518E-08 4.784938E-08
605 2.778214E+02 5.178571E-01 2.079278E+00 8.730756E-10 2.694313E-09 1.277481E-08 3.894297E-08 1.367870E-09 7.197185E-09 2.005219E-08 3.394496E-08 4.716819E-08
606 2.783393E+02 5.178571E-01 2.079278E+00 8.606450E-10 2.655952E-09 1.259293E-08 3.838852E-08 1.348394E-09 7.094714E-09 1.976669E-08 3.346166E-08 4.649662E-08
607 2.788571E+02 5.178571E-01 2.079278E+00 8.483901E-10 2.618133E-09 1.241361E-08 3.784189E-08 1.329194E-09 6.993691E-09 1.948523E-08 3.298519E-08 4.583455E-08
608 2.793750E+02 5.178571E-01 2.079278E+00 8.363085E-10 2.580849E-09 1.223683E-08 3.730300E-08 1.310266E-09 6.894096E-09 1.920775E-08 3.251546E-08 4.518183E-08
609 2.798929E+02 5.178571E-01 2.079278E+00 8.243976E-10 2.544092E-09 1.206255E-08 3.677172E-08 1.291604E-09 6.795909E-09 1.893418E-08 3.205237E-08 4.453834E-08
610 2.804107E+02 5.178571E-01 2.079278E+00 8.126551E-10 2.507855E-09 1.189074E-08 3.624796E-08 1.273207E-09 6.699110E-09 1.866449E-08 3.159582E-08 4.390395E-08
